2000  369.838 1752.231 317.083   1.000  77.200   3.170   0.000  15.500   0.000   0.000   1.400  13.800   0.000    1.700   0.000   0.000   0.000 262.600 540.500  81.700  16.400   9.000  97.900  49.900   3.970   2.820   0.410 141.600  10.800  10.500   0.000 536.000   8.100 2854.184   4.530  34.000
2001  371.494 1741.906 317.956   0.997  78.195   3.170   0.000  15.443   0.000   0.000   1.353  21.168   0.000    0.806   0.000   0.000   0.000 260.835 543.705  82.160  16.418   9.075  95.042  40.837   3.992   2.880   0.401 153.193  12.712  12.702   0.440 544.516   8.231 2819.354   4.622  33.901
2002  373.212 1734.643 318.847   0.994  79.156   3.169   0.000  15.386   0.000   0.000   1.307  29.369   0.000    0.383   0.000   0.000   0.000 259.005 546.646  82.519  16.430   9.143  92.203  33.441   3.999   2.938   0.392 164.298  14.357  14.777   0.737 549.216   8.273 2788.664   4.707  33.810
2003  374.997 1730.030 319.754   0.991  80.083   3.169   0.000  15.329   0.000   0.000   1.263  38.349   0.000    0.182   0.000   0.000   0.000 257.111 549.325  82.779  16.436   9.201  89.384  27.400   3.991   2.994   0.382 174.956  15.763  16.732   0.971 552.209   8.300 2761.040   4.783  33.748
2004  376.906 1727.809 320.677   0.988  80.976   3.169   0.000  15.273   0.000   0.000   1.221  48.059   0.000    0.087   0.000   0.000   0.000 255.155 551.745  82.940  16.437   9.252  86.583  22.465   3.970   3.047   0.372 185.213  16.956  18.574   1.178 554.542   8.327 2746.677   4.852  33.669
2005  378.959 1727.867 321.619   0.983  81.836   3.168   0.000  15.218   0.000   0.000   1.180  58.458   0.000    0.042   0.000   0.000   0.000 253.138 553.910  83.004  16.431   9.294  83.800  18.435   3.935   3.098   0.361 195.122  17.960  20.312   1.375 556.908   8.362 2728.588   4.913  33.600
2006  381.109 1730.017 322.582   0.978  82.662   3.168   0.000  15.163   0.000   0.000   1.141  69.506   0.000    0.020   0.000   0.000   0.000 251.062 555.820  82.972  16.420   9.328  81.033  15.142   3.889   3.147   0.350 204.725  18.797  21.952   1.567 559.450   8.401 2710.506   4.966  33.535
2007  383.338 1734.040 323.527   0.973  83.454   3.168   0.000  15.108   0.000   0.000   1.103  81.169   0.000    0.010   0.000   0.000   0.000 248.927 557.480  82.846  16.403   9.354  78.284  12.449   3.830   3.193   0.338 214.056  19.483  23.501   1.760 562.141   8.443 2693.190   5.011  33.475
2008  385.521 1739.781 324.438   0.968  84.212   3.167   0.000  15.054   0.000   0.000   1.067  93.414   0.000    0.005   0.000   0.000   0.000 246.736 558.890  82.625  16.380   9.371  75.549  10.247   3.761   3.238   0.325 223.149  20.035  24.964   1.954 565.025   8.488 2677.015   5.048  33.421
2009  387.610 1747.096 325.353   0.962  84.937   3.167   0.000  15.000   0.000   0.000   1.032 106.213   0.000    0.002   0.000   0.000   0.000 244.489 560.055  82.312  16.351   9.381  72.831   8.443   3.683   3.280   0.312 232.035  20.468  26.348   2.151 568.081   8.535 2661.630   5.077  33.369
2010  389.780 1755.802 326.267   0.956  85.627   3.167   0.000  14.947   0.000   0.000   0.998 119.540   0.000    0.001   0.000   0.000   0.000 242.187 560.975  81.907  16.316   9.382  70.126   6.965   3.594   3.320   0.299 240.738  20.793  27.657   2.349 571.257   8.584 2646.623   5.099  33.321
2011  392.107 1766.287 327.166   0.951  86.298   3.167   0.000  14.894   0.000   0.000   0.966 133.233   0.000    0.001   0.000   0.000   0.000 239.792 561.470  81.433  16.277   9.378  67.480   5.752   3.500   3.357   0.286 248.193  20.985  28.809   2.493 574.585   8.636 2631.840   5.116  33.345
2012  394.511 1778.967 328.060   0.943  86.963   3.166   0.000  14.842   0.000   0.000   0.935 147.150   0.000    0.000   0.000   0.000   0.000 237.265 561.358  80.914  16.238   9.375  64.934   4.756   3.402   3.390   0.273 253.422  21.021  29.728   2.558 578.230   8.693 2617.072   5.134  33.367
2013  396.973 1793.689 328.967   0.937  87.622   3.166   0.000  14.790   0.000   0.000   0.905 161.291   0.000    0.000   0.000   0.000   0.000 234.609 560.645  80.351  16.197   9.371  62.483   3.939   3.302   3.419   0.261 256.609  20.916  30.426   2.587 582.197   8.756 2602.110   5.152  33.389
2014  399.502 1810.166 329.884   0.930  88.276   3.166   0.000  14.739   0.000   0.000   0.876 175.652   0.000    0.000   0.000   0.000   0.000 231.828 559.337  79.742  16.156   9.367  60.125   3.266   3.199   3.446   0.249 257.903  20.683  30.916   2.599 586.199   8.817 2586.497   5.171  33.439
2015  402.023 1828.250 330.802   0.923  88.923   3.165   0.000  14.689   0.000   0.000   0.849 190.234   0.000    0.000   0.000   0.000   0.000 228.923 557.441  79.090  16.113   9.362  57.857   2.712   3.093   3.468   0.238 257.451  20.334  31.208   2.602 590.333   8.880 2570.079   5.189  33.471
2016  404.494 1847.927 331.711   0.916  89.565   3.165   0.000  14.639   0.000   0.000   0.822 205.046   0.000    0.000   0.000   0.000   0.000 225.897 554.961  78.395  16.069   9.358  55.673   2.255   2.985   3.487   0.227 255.398  19.883  31.314   2.602 594.802   8.950 2552.876   5.208  33.508
2017  406.955 1868.995 332.606   0.909  90.200   3.165   0.000  14.590   0.000   0.000   0.797 220.085   0.000    0.000   0.000   0.000   0.000 222.753 551.905  77.657  16.024   9.354  53.572   1.878   2.875   3.503   0.217 251.854  19.336  31.242   2.601 599.385   9.021 2534.441   5.227  33.554
2018  409.411 1891.353 333.488   0.901  90.830   3.164   0.000  14.541   0.000   0.000   0.772 235.354   0.000    0.000   0.000   0.000   0.000 219.495 548.277  76.876  15.977   9.349  51.551   1.566   2.762   3.516   0.207 246.928  18.702  31.001   2.600 604.102   9.093 2515.014   5.246  33.597
2019  411.863 1914.997 334.358   0.893  91.455   3.164   0.000  14.492   0.000   0.000   0.749 250.862   0.000    0.000   0.000   0.000   0.000 216.123 544.083  76.053  15.930   9.344  49.606   1.308   2.648   3.525   0.197 240.722  17.989  30.601   2.600 609.070   9.170 2494.921   5.266  33.657
2020  414.313 1939.811 335.214   0.885  92.073   3.164   0.000  14.445   0.000   0.000   0.726 266.610   0.000    0.000   0.000   0.000   0.000 212.641 539.329  75.189  15.881   9.338  47.734   1.094   2.532   3.531   0.188 233.320  17.204  30.050   2.600 614.214   9.250 2473.769   5.286  33.703
2021  416.656 1965.054 336.044   0.878  92.678   3.163   0.000  14.398   0.000   0.000   0.704 281.506   0.000    0.000   0.000   0.000   0.000 209.108 534.305  74.310  15.832   9.333  45.932   0.917   2.417   3.534   0.179 225.459  16.409  29.426   2.588 619.343   9.327 2451.644   5.306  33.738
2022  418.791 1989.379 336.837   0.871  93.260   3.163   0.000  14.351   0.000   0.000   0.683 294.523   0.000    0.000   0.000   0.000   0.000 205.580 529.297  73.441  15.782   9.327  44.199   0.769   2.307   3.535   0.170 217.819  15.659  28.808   2.557 624.360   9.402 2428.762   5.326  33.758
2023  420.730 2012.491 337.591   0.865  93.821   3.163   0.000  14.305   0.000   0.000   0.663 305.785   0.000    0.000   0.000   0.000   0.000 202.058 524.305  72.582  15.733   9.322  42.531   0.646   2.200   3.534   0.162 210.375  14.951  28.192   2.516 629.321   9.476 2404.992   5.347  33.790
2024  422.482 2035.478 338.309   0.858  94.361   3.162   0.000  14.260   0.000   0.000   0.644 315.404   0.000    0.000   0.000   0.000   0.000 198.542 519.328  71.733  15.683   9.316  40.926   0.544   2.097   3.532   0.154 203.101  14.278  27.580   2.471 634.227   9.549 2380.905   5.369  33.822
2025  424.055 2059.151 338.989   0.852  94.878   3.162   0.000  14.214   0.000   0.000   0.625 323.486   0.000    0.000   0.000   0.000   0.000 195.032 514.368  70.894  15.633   9.311  39.382   0.458   1.997   3.527   0.147 195.978  13.637  26.970   2.421 639.125   9.623 2357.247   5.391  33.854
2026  425.455 2083.509 339.632   0.845  95.374   3.162   0.000  14.170   0.000   0.000   0.607 330.126   0.000    0.000   0.000   0.000   0.000 191.527 509.422  70.065  15.583   9.305  37.896   0.386   1.901   3.521   0.140 188.984  13.023  26.361   2.370 643.991   9.696 2334.112   5.413  33.884
2027  426.688 2108.466 340.240   0.838  95.848   3.161   0.000  14.126   0.000   0.000   0.590 335.419   0.000    0.000   0.000   0.000   0.000 188.026 504.492  69.245  15.533   9.300  36.466   0.326   1.808   3.513   0.133 182.106  12.435  25.753   2.318 648.944   9.771 2311.458   5.436  33.905
2028  427.759 2133.950 340.811   0.832  96.300   3.161   0.000  14.082   0.000   0.000   0.573 339.451   0.000    0.000   0.000   0.000   0.000 184.532 499.578  68.435  15.483   9.294  35.090   0.276   1.717   3.503   0.127 175.331  11.868  25.146   2.264 654.022   9.849 2289.321   5.459  33.940
2029  428.673 2159.900 341.346   0.825  96.731   3.161   0.000  14.039   0.000   0.000   0.557 342.297   0.000    0.000   0.000   0.000   0.000 181.042 494.678  67.635  15.433   9.289  33.765   0.234   1.630   3.491   0.121 168.644  11.320  24.539   2.209 659.192   9.927 2267.599   5.483  33.962
2030  429.433 2186.147 341.846   0.819  97.140   3.161   0.000  13.996   0.000   0.000   0.541 344.021   0.000    0.000   0.000   0.000   0.000 177.557 489.793  66.844  15.382   9.283  32.491   0.198   1.545   3.477   0.115 162.026  10.789  23.931   2.154 664.317  10.004 2246.454   5.508  34.005
2031  430.069 2212.582 342.326   0.813  97.537   3.160   0.000  13.954   0.000   0.000   0.526 345.336   0.000    0.000   0.000   0.000   0.000 174.098 484.939  66.062  15.332   9.278  31.265   0.168   1.463   3.462   0.109 155.681  10.289  23.339   2.104 669.316  10.079 2225.908   5.533  34.053
2032  430.609 2239.160 342.802   0.807  97.932   3.160   0.000  13.912   0.000   0.000   0.512 346.923   0.000    0.000   0.000   0.000   0.000 170.688 480.131  65.289  15.282   9.273  30.085   0.143   1.385   3.447   0.104 149.798   9.834  22.778   2.063 674.261  10.152 2205.865   5.558  34.113
2033  431.052 2265.811 343.273   0.801  98.325   3.160   0.000  13.871   0.000   0.000   0.498 348.765   0.000    0.000   0.000   0.000   0.000 167.325 475.369  64.526  15.231   9.267  28.950   0.122   1.312   3.430   0.099 144.342   9.420  22.247   2.027 679.168  10.226 2186.085   5.583  34.159
2034  431.401 2292.477 343.739   0.796  98.715   3.159   0.000  13.830   0.000   0.000   0.484 350.847   0.000    0.000   0.000   0.000   0.000 164.008 470.652  63.771  15.181   9.262  27.858   0.104   1.242   3.412   0.094 139.278   9.043  21.743   1.993 684.060  10.299 2166.669   5.609  34.218
2035  431.655 2319.101 344.201   0.790  99.103   3.159   0.000  13.789   0.000   0.000   0.471 353.157   0.000    0.000   0.000   0.000   0.000 160.735 465.980  63.025  15.132   9.256  26.806   0.089   1.175   3.394   0.089 134.577   8.698  21.265   1.961 688.962  10.373 2147.932   5.635  34.264
2036  431.817 2345.593 344.659   0.785  99.489   3.159   0.000  13.749   0.000   0.000   0.459 355.677   0.000    0.000   0.000   0.000   0.000 157.507 461.353  62.288  15.082   9.251  25.795   0.076   1.111   3.374   0.085 130.208   8.384  20.811   1.928 693.785  10.445 2129.843   5.661  34.332
2037  431.887 2371.908 345.112   0.779  99.873   3.158   0.000  13.709   0.000   0.000   0.446 358.395   0.000    0.000   0.000   0.000   0.000 154.322 456.771  61.560  15.032   9.245  24.821   0.065   1.051   3.354   0.081 126.144   8.097  20.380   1.895 698.560  10.516 2112.391   5.688  34.376
2038  431.864 2398.057 345.560   0.774 100.255   3.158   0.000  13.670   0.000   0.000   0.435 361.305   0.000    0.000   0.000   0.000   0.000 151.179 452.231  60.840  14.982   9.240  23.885   0.055   0.993   3.333   0.077 122.365   7.834  19.971   1.861 703.390  10.589 2095.577   5.714  34.431
2039  431.751 2423.962 346.005   0.769 100.634   3.158   0.000  13.631   0.000   0.000   0.423 364.394   0.000    0.000   0.000   0.000   0.000 148.076 447.735  60.128  14.933   9.234  22.983   0.047   0.938   3.311   0.073 118.846   7.593  19.582   1.826 708.192  10.661 2079.212   5.742  34.469
2040  431.548 2449.591 346.445   0.763 101.012   3.157   0.000  13.593   0.000   0.000   0.412 367.655   0.000    0.000   0.000   0.000   0.000 145.015 443.282  59.425  14.883   9.229  22.116   0.041   0.885   3.288   0.070 115.570   7.372  19.213   1.791 713.005  10.734 2063.338   5.769  34.524
2041  431.278 2474.807 346.879   0.759 101.387   3.157   0.000  13.554   0.000   0.000   0.401 370.927   0.000    0.000   0.000   0.000   0.000 142.000 438.872  58.730  14.834   9.224  21.282   0.035   0.835   3.264   0.066 112.331   7.153  18.840   1.750 717.642  10.802 2048.087   5.797  34.566
2042  430.964 2499.515 347.305   0.755 101.761   3.157   0.000  13.516   0.000   0.000   0.391 374.058   0.000    0.000   0.000   0.000   0.000 139.042 434.507  58.043  14.785   9.218  20.479   0.030   0.788   3.240   0.063 108.938   6.917  18.443   1.701 721.996  10.865 2033.280   5.826  34.607
2043  430.602 2523.599 347.724   0.752 102.134   3.156   0.000  13.479   0.000   0.000   0.381 377.046   0.000    0.000   0.000   0.000   0.000 136.137 430.184  57.364  14.736   9.213  19.706   0.026   0.744   3.215   0.060 105.394   6.665  18.021   1.646 726.037  10.922 2018.966   5.856  34.670
2044  430.193 2547.024 348.134   0.747 102.506   3.156   0.000  13.441   0.000   0.000   0.371 379.898   0.000    0.000   0.000   0.000   0.000 133.286 425.904  56.693  14.688   9.207  18.962   0.022   0.701   3.189   0.057 101.706   6.398  17.576   1.586 729.878  10.978 2004.765   5.887  34.708
2045  429.734 2569.818 348.537   0.744 102.877   3.156   0.000  13.404   0.000   0.000   0.362 382.623   0.000    0.000   0.000   0.000   0.000 130.486 421.666  56.030  14.639   9.202  18.247   0.019   0.662   3.162   0.054  97.880   6.118  17.108   1.526 733.652  11.033 1990.491   5.919  34.755
2046  429.223 2591.962 348.932   0.740 103.247   3.155   0.000  13.367   0.000   0.000   0.353 385.228   0.000    0.000   0.000   0.000   0.000 127.736 417.471  55.375  14.591   9.196  17.558   0.016   0.624   3.134   0.052  93.922   5.825  16.618   1.464 737.363  11.088 1976.124   5.952  34.790
2047  428.662 2613.454 349.319   0.737 103.615   3.155   0.000  13.331   0.000   0.000   0.344 387.716   0.000    0.000   0.000   0.000   0.000 125.037 413.318  54.727  14.542   9.191  16.895   0.014   0.589   3.105   0.049  89.837   5.520  16.106   1.401 741.013  11.142 1961.848   5.985  34.834
2048  428.051 2634.274 349.699   0.733 103.982   3.155   0.000  13.295   0.000   0.000   0.335 390.094   0.000    0.000   0.000   0.000   0.000 122.386 409.205  54.087  14.494   9.186  16.258   0.012   0.555   3.076   0.047  85.629   5.203  15.574   1.337 744.604  11.195 1947.853   6.020  34.865
2049  427.389 2654.453 350.071   0.730 104.348   3.155   0.000  13.259   0.000   0.000   0.327 392.369   0.000    0.000   0.000   0.000   0.000 119.782 405.134  53.454  14.445   9.180  15.644   0.011   0.523   3.046   0.044  81.304   4.875  15.021   1.273 748.204  11.249 1934.093   6.055  34.894
2050  426.676 2673.960 350.436   0.726 104.713   3.154   0.000  13.223   0.000   0.000   0.319 394.544   0.000    0.000   0.000   0.000   0.000 117.224 401.103  52.829  14.397   9.175  15.054   0.009   0.493   3.015   0.042  76.864   4.537  14.449   1.206 751.768  11.302 1920.540   6.091  34.938
2051  425.941 2692.516 350.795   0.724 105.076   3.154   0.000  13.188   0.000   0.000   0.311 396.649   0.000    0.000   0.000   0.000   0.000 114.715 397.111  52.211  14.349   9.169  14.486   0.008   0.464   2.984   0.040  72.499   4.206  13.878   1.146 754.972  11.347 1907.188   6.129  34.960
2052  425.208 2709.995 351.149   0.722 105.437   3.154   0.000  13.152   0.000   0.000   0.303 398.721   0.000    0.000   0.000   0.000   0.000 112.257 393.160  51.601  14.302   9.164  13.939   0.007   0.437   2.953   0.038  68.388   3.900  13.332   1.093 757.760  11.385 1894.146   6.169  34.971
2053  424.476 2726.467 351.498   0.720 105.797   3.153   0.000  13.117   0.000   0.000   0.296 400.761   0.000    0.000   0.000   0.000   0.000 109.849 389.248  50.997  14.254   9.159  13.413   0.006   0.412   2.921   0.036  64.515   3.617  12.809   1.046 760.342  11.420 1881.311   6.211  34.994
2054  423.742 2741.866 351.842   0.718 106.154   3.153   0.000  13.082   0.000   0.000   0.289 402.766   0.000    0.000   0.000   0.000   0.000 107.490 385.375  50.401  14.207   9.153  12.907   0.005   0.388   2.890   0.035  60.862   3.355  12.307   1.002 762.681  11.452 1868.271   6.254  35.013
2055  423.005 2756.216 352.181   0.716 106.510   3.153   0.000  13.048   0.000   0.000   0.282 404.734   0.000    0.000   0.000   0.000   0.000 105.178 381.540  49.811  14.159   9.148  12.420   0.004   0.365   2.859   0.033  57.417   3.112  11.826   0.959 764.858  11.483 1855.101   6.300  35.032
2056  422.262 2769.502 352.515   0.715 106.864   3.152   0.000  13.013   0.000   0.000   0.275 406.664   0.000    0.000   0.000   0.000   0.000 102.913 377.744  49.229  14.112   9.143  11.951   0.004   0.344   2.828   0.031  54.164   2.887  11.364   0.916 766.867  11.511 1842.146   6.348  35.044
2057  421.513 2781.677 352.844   0.714 107.216   3.152   0.000  12.979   0.000   0.000   0.268 408.549   0.000    0.000   0.000   0.000   0.000 100.693 373.985  48.653  14.065   9.137  11.500   0.003   0.324   2.796   0.030  51.091   2.677  10.921   0.873 768.635  11.534 1829.302   6.398  35.070
2058  420.755 2792.791 353.169   0.712 107.566   3.152   0.000  12.944   0.000   0.000   0.262 410.391   0.000    0.000   0.000   0.000   0.000  98.518 370.264  48.084  14.018   9.132  11.066   0.003   0.305   2.765   0.028  48.186   2.482  10.495   0.830 770.277  11.557 1816.673   6.450  35.081
2059  419.989 2802.902 353.489   0.711 107.915   3.151   0.000  12.910   0.000   0.000   0.255 412.197   0.000    0.000   0.000   0.000   0.000  96.386 366.580  47.521  13.972   9.126  10.649   0.003   0.287   2.734   0.027  45.440   2.301  10.087   0.788 771.893  11.580 1804.202   6.504  35.091
2060  419.212 2812.053 353.804   0.709 108.261   3.151   0.000  12.877   0.000   0.000   0.249 413.968   0.000    0.000   0.000   0.000   0.000  94.297 362.932  46.966  13.925   9.121  10.247   0.002   0.270   2.702   0.026  42.842   2.133   9.695   0.746 773.511  11.604 1791.752   6.560  35.086
2061  418.429 2819.916 354.116   0.708 108.606   3.151   0.000  12.843   0.000   0.000   0.243 415.697   0.000    0.000   0.000   0.000   0.000  92.251 359.321  46.416  13.879   9.116   9.860   0.002   0.254   2.671   0.024  40.391   1.977   9.319   0.708 775.052  11.627 1779.520   6.617  35.090
2062  417.640 2826.134 354.425   0.707 108.950   3.150   0.000  12.809   0.000   0.000   0.237 417.369   0.000    0.000   0.000   0.000   0.000  90.248 355.746  45.873  13.833   9.110   9.488   0.002   0.239   2.640   0.023  38.083   1.833   8.957   0.674 776.390  11.645 1767.624   6.673  35.089
2063  416.844 2830.661 354.731   0.707 109.294   3.150   0.000  12.776   0.000   0.000   0.231 418.974   0.000    0.000   0.000   0.000   0.000  88.288 352.206  45.337  13.787   9.105   9.130   0.001   0.225   2.609   0.022  35.907   1.699   8.611   0.644 777.375  11.656 1756.060   6.729  35.093
2064  416.042 2833.572 355.035   0.706 109.636   3.150   0.000  12.742   0.000   0.000   0.226 420.511   0.000    0.000   0.000   0.000   0.000  86.369 348.701  44.807  13.741   9.100   8.786   0.001   0.211   2.577   0.021  33.856   1.575   8.277   0.615 778.097  11.663 1744.701   6.785  35.087
2065  415.230 2835.045 355.337   0.706 109.978   3.149   0.000  12.709   0.000   0.000   0.220 421.989   0.000    0.000   0.000   0.000   0.000  84.490 345.232  44.282  13.695   9.094   8.454   0.001   0.199   2.547   0.020  31.924   1.460   7.957   0.587 778.766  11.672 1733.356   6.841  35.078
2066  414.409 2835.093 355.635   0.706 110.319   3.149   0.000  12.676   0.000   0.000   0.215 423.404   0.000    0.000   0.000   0.000   0.000  82.651 341.797  43.765  13.650   9.089   8.135   0.001   0.187   2.516   0.019  30.103   1.354   7.649   0.560 779.283  11.678 1721.803   6.896  35.079
2067  413.579 2833.742 355.932   0.706 110.659   3.149   0.000  12.643   0.000   0.000   0.210 424.753   0.000    0.000   0.000   0.000   0.000  80.851 338.396  43.253  13.604   9.084   7.828   0.001   0.176   2.486   0.018  28.385   1.255   7.353   0.533 779.608  11.680 1710.218   6.951  35.062
2068  412.739 2831.121 356.225   0.706 110.998   3.149   0.000  12.610   0.000   0.000   0.205 426.040   0.000    0.000   0.000   0.000   0.000  79.089 335.028  42.747  13.559   9.078   7.533   0.001   0.166   2.455   0.017  26.765   1.163   7.069   0.506 779.859  11.683 1698.926   7.006  35.047
2069  411.888 2827.309 356.517   0.706 111.336   3.148   0.000  12.577   0.000   0.000   0.200 427.269   0.000    0.000   0.000   0.000   0.000  77.363 331.695  42.247  13.514   9.073   7.248   0.001   0.156   2.425   0.016  25.237   1.078   6.796   0.479 780.074  11.685 1687.704   7.060  35.029
2070  411.026 2822.305 356.805   0.706 111.673   3.148   0.000  12.544   0.000   0.000   0.195 428.437   0.000    0.000   0.000   0.000   0.000  75.675 328.394  41.753  13.469   9.068   6.975   0.001   0.147   2.395   0.016  23.796   0.999   6.533   0.452 780.153  11.685 1676.480   7.114  35.022
2071  410.155 2816.041 357.092   0.707 112.009   3.148   0.000  12.511   0.000   0.000   0.190 429.538   0.000    0.000   0.000   0.000   0.000  74.022 325.127  41.264  13.424   9.062   6.712   0.000   0.138   2.365   0.015  22.436   0.926   6.280   0.427 779.916  11.678 1665.449   7.169  34.971
2072  409.274 2808.455 357.376   0.708 112.343   3.147   0.000  12.478   0.000   0.000   0.186 430.570   0.000    0.000   0.000   0.000   0.000  72.404 321.892  40.782  13.379   9.057   6.458   0.000   0.130   2.335   0.014  21.151   0.858   6.037   0.406 779.272  11.664 1654.636   7.224  34.931
2073  408.383 2799.536 357.658   0.710 112.676   3.147   0.000  12.446   0.000   0.000   0.181 431.526   0.000    0.000   0.000   0.000   0.000  70.822 318.689  40.305  13.335   9.052   6.215   0.000   0.122   2.305   0.013  19.938   0.795   5.803   0.386 778.241  11.644 1643.859   7.280  34.885
2074  407.481 2789.363 357.937   0.711 113.007   3.147   0.000  12.413   0.000   0.000   0.177 432.407   0.000    0.000   0.000   0.000   0.000  69.274 315.518  39.833  13.290   9.046   5.980   0.000   0.115   2.276   0.013  18.792   0.737   5.577   0.368 776.954  11.621 1632.839   7.338  34.843
2075  406.568 2778.021 358.215   0.713 113.336   3.146   0.000  12.380   0.000   0.000   0.173 433.216   0.000    0.000   0.000   0.000   0.000  67.759 312.378  39.368  13.246   9.041   5.755   0.000   0.108   2.246   0.012  17.709   0.682   5.359   0.350 775.511  11.597 1621.482   7.396  34.794
2076  405.643 2765.560 358.490   0.714 113.663   3.146   0.000  12.348   0.000   0.000   0.169 433.954   0.000    0.000   0.000   0.000   0.000  66.277 309.270  38.907  13.202   9.036   5.537   0.000   0.101   2.217   0.011  16.687   0.632   5.150   0.333 773.933  11.571 1609.850   7.455  34.747
2077  404.706 2752.124 358.763   0.715 113.988   3.146   0.000  12.315   0.000   0.000   0.164 434.628   0.000    0.000   0.000   0.000   0.000  64.827 306.193  38.452  13.158   9.030   5.328   0.000   0.095   2.189   0.011  15.722   0.585   4.948   0.316 772.360  11.547 1598.157   7.515  34.686
2078  403.757 2737.753 359.033   0.717 114.312   3.145   0.000  12.282   0.000   0.000   0.160 435.238   0.000    0.000   0.000   0.000   0.000  63.408 303.146  38.002  13.114   9.025   5.127   0.000   0.089   2.160   0.010  14.810   0.542   4.754   0.299 770.718  11.522 1586.520   7.576  34.633
2079  402.795 2722.445 359.301   0.719 114.635   3.145   0.000  12.250   0.000   0.000   0.156 435.776   0.000    0.000   0.000   0.000   0.000  62.020 300.130  37.558  13.071   9.020   4.934   0.000   0.084   2.132   0.010  13.950   0.502   4.567   0.283 768.910  11.493 1574.935   7.638  34.579
2080  401.822 2706.263 359.568   0.721 114.955   3.145   0.000  12.217   0.000   0.000   0.153 436.245   0.000    0.000   0.000   0.000   0.000  60.661 297.143  37.119  13.027   9.014   4.748   0.000   0.079   2.104   0.009  13.137   0.464   4.387   0.266 766.971  11.462 1563.603   7.701  34.522
2081  400.835 2689.201 359.833   0.723 115.274   3.144   0.000  12.185   0.000   0.000   0.149 436.651   0.000    0.000   0.000   0.000   0.000  59.332 294.187  36.684  12.984   9.009   4.569   0.000   0.074   2.076   0.009  12.369   0.429   4.214   0.251 764.905  11.430 1552.362   7.765  34.464
2082  399.829 2671.280 360.099   0.726 115.590   3.144   0.000  12.152   0.000   0.000   0.145 437.001   0.000    0.000   0.000   0.000   0.000  58.032 291.259  36.255  12.941   9.004   4.396   0.000   0.070   2.048   0.009  11.644   0.397   4.046   0.238 762.748  11.396 1541.062   7.830  34.388
2083  398.806 2652.466 360.365   0.729 115.905   3.144   0.000  12.119   0.000   0.000   0.142 437.283   0.000    0.000   0.000   0.000   0.000  56.760 288.361  35.831  12.898   8.998   4.230   0.000   0.065   2.021   0.008  10.960   0.367   3.885   0.226 760.328  11.358 1529.776   7.896  34.332
2084  397.766 2632.811 360.632   0.731 116.218   3.143   0.000  12.086   0.000   0.000   0.138 437.495   0.000    0.000   0.000   0.000   0.000  55.516 285.492  35.412  12.855   8.993   4.071   0.000   0.061   1.994   0.008  10.313   0.340   3.730   0.215 757.653  11.315 1518.505   7.963  34.265
2085  396.710 2612.514 360.900   0.734 116.530   3.143   0.000  12.054   0.000   0.000   0.135 437.643   0.000    0.000   0.000   0.000   0.000  54.299 282.651  34.998  12.812   8.988   3.917   0.000   0.058   1.967   0.007   9.702   0.314   3.580   0.204 754.926  11.273 1507.305   8.031  34.213
2086  395.638 2591.677 361.168   0.737 116.839   3.143   0.000  12.021   0.000   0.000   0.131 437.725   0.000    0.000   0.000   0.000   0.000  53.108 279.839  34.589  12.769   8.983   3.769   0.000   0.054   1.941   0.007   9.125   0.290   3.436   0.193 752.074  11.229 1495.888   8.101  34.138
2087  394.549 2570.510 361.437   0.740 117.146   3.143   0.000  11.988   0.000   0.000   0.128 437.748   0.000    0.000   0.000   0.000   0.000  51.943 277.054  34.184  12.727   8.977   3.627   0.000   0.051   1.915   0.007   8.580   0.268   3.297   0.183 749.219  11.185 1484.304   8.171  34.056
2088  393.445 2549.189 361.706   0.743 117.452   3.142   0.000  11.955   0.000   0.000   0.125 437.713   0.000    0.000   0.000   0.000   0.000  50.804 274.298  33.784  12.684   8.972   3.490   0.000   0.048   1.889   0.006   8.066   0.247   3.164   0.173 746.350  11.142 1472.877   8.243  33.996
2089  392.324 2526.902 361.975   0.746 117.756   3.142   0.000  11.922   0.000   0.000   0.122 437.615   0.000    0.000   0.000   0.000   0.000  49.690 271.568  33.389  12.642   8.967   3.358   0.000   0.045   1.863   0.006   7.581   0.228   3.035   0.163 743.360  11.097 1461.439   8.315  33.922
2090  391.188 2503.938 362.246   0.749 118.058   3.142   0.000  11.889   0.000   0.000   0.119 437.458   0.000    0.000   0.000   0.000   0.000  48.599 268.866  32.999  12.600   8.961   3.232   0.000   0.042   1.838   0.006   7.123   0.211   2.911   0.153 740.336  11.051 1450.183   8.389  33.847
2091  390.036 2482.778 362.516   0.752 118.358   3.141   0.000  11.856   0.000   0.000   0.115 437.252   0.000    0.000   0.000   0.000   0.000  47.533 266.191  32.613  12.558   8.956   3.110   0.000   0.040   1.813   0.005   6.691   0.194   2.791   0.144 737.384  11.007 1439.065   8.464  33.812
2092  388.869 2466.108 362.785   0.754 118.657   3.141   0.000  11.823   0.000   0.000   0.113 437.016   0.000    0.000   0.000   0.000   0.000  46.490 263.542  32.231  12.516   8.951   2.992   0.000   0.037   1.788   0.005   6.284   0.179   2.676   0.136 734.724  10.970 1427.901   8.540  33.773
2093  387.690 2456.446 363.054   0.755 118.954   3.141   0.000  11.790   0.000   0.000   0.110 436.773   0.000    0.000   0.000   0.000   0.000  45.470 260.920  31.854  12.475   8.946   2.879   0.000   0.035   1.764   0.005   5.901   0.165   2.566   0.130 732.540  10.942 1416.847   8.617  33.749
2094  386.499 2456.138 363.322   0.755 119.249   3.140   0.000  11.757   0.000   0.000   0.107 436.548   0.000    0.000   0.000   0.000   0.000  44.472 258.324  31.482  12.433   8.940   2.771   0.000   0.033   1.740   0.005   5.541   0.152   2.460   0.123 730.986  10.926 1406.059   8.696  33.744
2095  385.301 2467.407 363.589   0.754 119.542   3.140   0.000  11.725   0.000   0.000   0.104 436.375   0.000    0.000   0.000   0.000   0.000  43.496 255.753  31.114  12.392   8.935   2.666   0.000   0.031   1.716   0.004   5.203   0.140   2.358   0.118 730.262  10.924 1395.851   8.776  33.765
2096  384.099 2492.243 363.856   0.753 119.835   3.140   0.000  11.692   0.000   0.000   0.101 436.279   0.000    0.000   0.000   0.000   0.000  42.541 253.209  30.750  12.351   8.930   2.566   0.000   0.029   1.692   0.004   4.886   0.130   2.261   0.112 730.407  10.936 1386.446   8.857  33.820
2097  382.896 2532.159 364.122   0.749 120.125   3.139   0.000  11.659   0.000   0.000   0.099 436.294   0.000    0.000   0.000   0.000   0.000  41.607 250.689  30.390  12.309   8.925   2.469   0.000   0.027   1.669   0.004   4.590   0.119   2.168   0.107 731.587  10.965 1378.029   8.939  33.895
2098  381.697 2585.841 364.387   0.745 120.414   3.139   0.000  11.627   0.000   0.000   0.096 436.462   0.000    0.000   0.000   0.000   0.000  40.694 248.195  30.035  12.269   8.919   2.376   0.000   0.026   1.645   0.004   4.312   0.110   2.079   0.102 734.000  11.015 1370.855   9.023  34.010
2099  380.504 2649.599 364.652   0.739 120.702   3.139   0.000  11.595   0.000   0.000   0.094 436.803   0.000    0.000   0.000   0.000   0.000  39.800 245.725  29.683  12.228   8.914   2.286   0.000   0.024   1.622   0.004   4.054   0.102   1.995   0.097 737.538  11.082 1364.918   9.108  34.110
2100  379.319 2719.995 364.916   0.733 120.987   3.138   0.000  11.564   0.000   0.000   0.092 437.330   0.000    0.000   0.000   0.000   0.000  38.926 243.280  29.336  12.187   8.909   2.200   0.000   0.023   1.600   0.003   3.812   0.094   1.914   0.092 742.034  11.162 1360.452   9.194  34.238
2101  378.163 2793.435 365.179   0.727 121.272   3.138   0.000  11.532   0.000   0.000   0.089 438.031   0.000    0.000   0.000   0.000   0.000  38.072 240.859  28.993  12.146   8.904   2.117   0.000   0.021   1.577   0.003   3.587   0.087   1.838   0.088 747.263  11.250 1357.722   9.281  34.371
2102  377.051 2866.542 365.439   0.721 121.557   3.138   0.000  11.502   0.000   0.000   0.087 438.883   0.000    0.000   0.000   0.000   0.000  37.236 238.463  28.654  12.106   8.898   2.037   0.000   0.020   1.555   0.003   3.377   0.080   1.765   0.086 752.950  11.343 1356.497   9.368  34.500
2103  375.979 2936.506 365.697   0.716 121.842   3.138   0.000  11.471   0.000   0.000   0.085 439.868   0.000    0.000   0.000   0.000   0.000  36.418 236.090  28.319  12.066   8.893   1.960   0.000   0.019   1.533   0.003   3.181   0.074   1.696   0.086 758.781  11.434 1356.516   9.454  34.621
2104  374.943 3000.704 365.952   0.711 122.127   3.137   0.000  11.441   0.000   0.000   0.083 440.965   0.000    0.000   0.000   0.000   0.000  35.619 233.741  27.988  12.026   8.888   1.886   0.000   0.018   1.512   0.003   2.997   0.069   1.629   0.086 764.491  11.520 1357.469   9.541  34.729
2105  373.939 3056.692 366.205   0.707 122.412   3.137   0.000  11.411   0.000   0.000   0.081 442.147   0.000    0.000   0.000   0.000   0.000  34.837 231.415  27.660  11.986   8.883   1.815   0.000   0.017   1.491   0.003   2.825   0.064   1.566   0.086 769.856  11.598 1358.983   9.628  34.822
2106  372.961 3102.856 366.456   0.703 122.697   3.137   0.000  11.381   0.000   0.000   0.079 443.388   0.000    0.000   0.000   0.000   0.000  34.072 229.112  27.337  11.946   8.878   1.746   0.000   0.016   1.470   0.003   2.664   0.059   1.506   0.086 774.689  11.666 1360.638   9.714  34.897
2107  372.005 3140.553 366.705   0.700 122.982   3.136   0.000  11.351   0.000   0.000   0.077 444.663   0.000    0.000   0.000   0.000   0.000  33.324 226.833  27.017  11.906   8.872   1.680   0.000   0.015   1.449   0.002   2.513   0.055   1.448   0.087 778.892  11.722 1362.108   9.801  34.957
2108  371.069 3173.241 366.951   0.698 123.267   3.136   0.000  11.322   0.000   0.000   0.075 445.952   0.000    0.000   0.000   0.000   0.000  32.592 224.576  26.701  11.866   8.867   1.617   0.000   0.014   1.429   0.002   2.370   0.051   1.392   0.087 782.497  11.768 1363.122   9.887  35.009
2109  370.149 3203.906 367.195   0.696 123.552   3.136   0.000  11.293   0.000   0.000   0.073 447.249   0.000    0.000   0.000   0.000   0.000  31.877 222.341  26.389  11.827   8.862   1.556   0.000   0.013   1.409   0.002   2.237   0.047   1.339   0.087 785.635  11.809 1363.463   9.974  35.057
2110  369.244 3234.551 367.437   0.694 123.837   3.135   0.000  11.264   0.000   0.000   0.072 448.549   0.000    0.000   0.000   0.000   0.000  31.177 220.129  26.080  11.787   8.857   1.497   0.000   0.012   1.390   0.002   2.111   0.044   1.288   0.087 788.462  11.847 1363.040  10.060  35.104
2111  368.354 3266.820 367.677   0.692 124.122   3.135   0.000  11.235   0.000   0.000   0.070 449.854   0.000    0.000   0.000   0.000   0.000  30.493 217.938  25.775  11.748   8.851   1.441   0.000   0.011   1.370   0.002   1.992   0.041   1.239   0.088 791.132  11.884 1361.947  10.147  35.154
2112  367.479 3300.818 367.914   0.689 124.407   3.135   0.000  11.206   0.000   0.000   0.068 451.166   0.000    0.000   0.000   0.000   0.000  29.823 215.770  25.474  11.709   8.846   1.386   0.000   0.011   1.351   0.002   1.881   0.038   1.192   0.088 793.759  11.922 1360.398  10.233  35.206
2113  366.618 3334.771 368.149   0.687 124.692   3.134   0.000  11.178   0.000   0.000   0.067 452.486   0.000    0.000   0.000   0.000   0.000  29.169 213.623  25.176  11.670   8.841   1.334   0.000   0.010   1.333   0.002   1.776   0.035   1.147   0.088 796.381  11.961 1358.617  10.320  35.257
2114  365.770 3368.287 368.382   0.685 124.977   3.134   0.000  11.149   0.000   0.000   0.065 453.813   0.000    0.000   0.000   0.000   0.000  28.529 211.497  24.881  11.631   8.836   1.284   0.000   0.009   1.314   0.002   1.677   0.033   1.104   0.089 798.984  12.000 1356.798  10.406  35.307
2115  364.937 3401.722 368.613   0.683 125.262   3.134   0.000  11.121   0.000   0.000   0.064 455.146   0.000    0.000   0.000   0.000   0.000  27.902 209.393  24.590  11.593   8.831   1.235   0.000   0.009   1.296   0.002   1.584   0.030   1.063   0.089 801.562  12.038 1355.072  10.493  35.356
2116  364.116 3434.902 368.842   0.681 125.547   3.133   0.000  11.093   0.000   0.000   0.062 456.484   0.000    0.000   0.000   0.000   0.000  27.290 207.309  24.303  11.554   8.825   1.189   0.000   0.008   1.278   0.002   1.497   0.028   1.023   0.089 804.112  12.076 1353.456  10.579  35.405
2117  363.309 3467.831 369.069   0.679 125.832   3.133   0.000  11.065   0.000   0.000   0.061 457.824   0.000    0.000   0.000   0.000   0.000  26.691 205.246  24.018  11.516   8.820   1.144   0.000   0.008   1.261   0.001   1.414   0.026   0.985   0.089 806.631  12.113 1351.902  10.665  35.453
2118  362.513 3500.496 369.293   0.677 126.116   3.133   0.000  11.038   0.000   0.000   0.059 459.167   0.000    0.000   0.000   0.000   0.000  26.105 203.204  23.737  11.477   8.815   1.101   0.000   0.007   1.243   0.001   1.337   0.024   0.948   0.090 809.118  12.150 1350.394  10.752  35.499
2119  361.729 3532.901 369.516   0.675 126.401   3.133   0.000  11.010   0.000   0.000   0.058 460.511   0.000    0.000   0.000   0.000   0.000  25.532 201.182  23.460  11.439   8.810   1.059   0.000   0.007   1.226   0.001   1.263   0.023   0.913   0.090 811.572  12.187 1348.926  10.838  35.546
2120  360.957 3565.048 369.737   0.673 126.686   3.132   0.000  10.983   0.000   0.000   0.057 461.855   0.000    0.000   0.000   0.000   0.000  24.972 199.180  23.185  11.401   8.805   1.019   0.000   0.006   1.210   0.001   1.194   0.021   0.879   0.090 813.992  12.223 1347.493  10.924  35.591
2121  360.195 3596.946 369.955   0.671 126.971   3.132   0.000  10.955   0.000   0.000   0.055 463.198   0.000    0.000   0.000   0.000   0.000  24.424 197.199  22.914  11.363   8.800   0.981   0.000   0.006   1.193   0.001   1.129   0.020   0.847   0.090 816.380  12.258 1346.091  11.010  35.635
2122  359.444 3628.602 370.172   0.669 127.256   3.132   0.000  10.928   0.000   0.000   0.054 464.540   0.000    0.000   0.000   0.000   0.000  23.888 195.236  22.646  11.325   8.794   0.944   0.000   0.006   1.177   0.001   1.068   0.018   0.816   0.091 818.735  12.293 1344.718  11.096  35.679
2123  358.703 3660.025 370.386   0.667 127.541   3.131   0.000  10.901   0.000   0.000   0.053 465.879   0.000    0.000   0.000   0.000   0.000  23.364 193.294  22.381  11.288   8.789   0.908   0.000   0.005   1.161   0.001   1.010   0.017   0.786   0.091 821.058  12.327 1343.373  11.183  35.722
2124  357.971 3691.224 370.599   0.665 127.826   3.131   0.000  10.874   0.000   0.000   0.052 467.215   0.000    0.000   0.000   0.000   0.000  22.851 191.370  22.120  11.250   8.784   0.874   0.000   0.005   1.145   0.001   0.956   0.016   0.757   0.091 823.350  12.361 1342.055  11.269  35.765
2125  357.249 3722.208 370.810   0.663 128.111   3.131   0.000  10.848   0.000   0.000   0.050 468.548   0.000    0.000   0.000   0.000   0.000  22.350 189.466  21.861  11.213   8.779   0.841   0.000   0.005   1.129   0.001   0.904   0.015   0.730   0.092 825.613  12.395 1340.764  11.355  35.807
2126  356.536 3752.986 371.019   0.662 128.395   3.130   0.000  10.821   0.000   0.000   0.049 469.877   0.000    0.000   0.000   0.000   0.000  21.859 187.581  21.605  11.175   8.774   0.809   0.000   0.004   1.114   0.001   0.856   0.014   0.703   0.092 827.846  12.428 1339.499  11.441  35.848
2127  355.832 3783.566 371.225   0.660 128.680   3.130   0.000  10.795   0.000   0.000   0.048 471.201   0.000    0.000   0.000   0.000   0.000  21.380 185.715  21.353  11.138   8.769   0.779   0.000   0.004   1.099   0.001   0.810   0.013   0.678   0.092 830.053  12.461 1338.260  11.527  35.888
2128  355.136 3813.957 371.430   0.658 128.965   3.130   0.000  10.768   0.000   0.000   0.047 472.520   0.000    0.000   0.000   0.000   0.000  20.911 183.867  21.103  11.101   8.763   0.749   0.000   0.004   1.084   0.001   0.767   0.012   0.653   0.092 832.232  12.493 1337.048  11.613  35.928
2129  354.449 3844.166 371.633   0.657 129.250   3.129   0.000  10.742   0.000   0.000   0.046 473.833   0.000    0.000   0.000   0.000   0.000  20.452 182.037  20.856  11.064   8.758   0.721   0.000   0.004   1.070   0.001   0.726   0.011   0.630   0.092 834.386  12.525 1335.862  11.699  35.968
2130  353.769 3874.202 371.835   0.655 129.535   3.129   0.000  10.716   0.000   0.000   0.045 475.141   0.000    0.000   0.000   0.000   0.000  20.003 180.226  20.612  11.027   8.753   0.694   0.000   0.003   1.055   0.001   0.687   0.010   0.607   0.093 836.515  12.557 1334.703  11.785  36.007
2131  353.097 3903.966 372.034   0.653 129.820   3.129   0.000  10.690   0.000   0.000   0.044 476.443   0.000    0.000   0.000   0.000   0.000  19.565 178.432  20.371  10.991   8.748   0.668   0.000   0.003   1.041   0.001   0.651   0.010   0.585   0.093 838.618  12.588 1333.571  11.871  36.045
2132  352.432 3933.867 372.232   0.652 130.104   3.128   0.000  10.664   0.000   0.000   0.043 477.738   0.000    0.000   0.000   0.000   0.000  19.135 176.657  20.133  10.954   8.743   0.642   0.000   0.003   1.027   0.001   0.616   0.009   0.564   0.093 840.701  12.619 1332.466  11.957  36.083
2133  351.775 3963.324 372.427   0.650 130.389   3.128   0.000  10.639   0.000   0.000   0.042 479.027   0.000    0.000   0.000   0.000   0.000  18.716 174.899  19.897  10.918   8.738   0.618   0.000   0.003   1.013   0.001   0.584   0.008   0.544   0.093 842.762  12.649 1331.387  12.043  36.120
2134  351.125 3992.720 372.621   0.649 130.674   3.128   0.000  10.613   0.000   0.000   0.041 480.310   0.000    0.000   0.000   0.000   0.000  18.305 173.159  19.665  10.881   8.733   0.595   0.000   0.003   1.000   0.001   0.553   0.008   0.525   0.094 844.800  12.680 1330.333  12.129  36.157
2135  350.481 4022.016 372.814   0.647 130.959   3.127   0.000  10.588   0.000   0.000   0.040 481.585   0.000    0.000   0.000   0.000   0.000  17.904 171.436  19.435  10.845   8.727   0.572   0.000   0.003   0.986   0.001   0.524   0.007   0.506   0.094 846.817  12.710 1329.309  12.214  36.194
2136  349.844 4051.164 373.004   0.646 131.244   3.127   0.000  10.562   0.000   0.000   0.039 482.853   0.000    0.000   0.000   0.000   0.000  17.511 169.730  19.207  10.809   8.722   0.551   0.000   0.002   0.973   0.001   0.496   0.007   0.488   0.094 848.815  12.739 1328.314  12.300  36.230
2137  349.213 4080.150 373.193   0.644 131.528   3.127   0.000  10.537   0.000   0.000   0.039 484.114   0.000    0.000   0.000   0.000   0.000  17.127 168.041  18.983  10.773   8.717   0.530   0.000   0.002   0.960   0.001   0.470   0.006   0.471   0.094 850.794  12.769 1327.341  12.386  36.266
2138  348.589 4109.022 373.380   0.643 131.813   3.127   0.000  10.512   0.000   0.000   0.038 485.368   0.000    0.000   0.000   0.000   0.000  16.752 166.369  18.761  10.737   8.712   0.510   0.000   0.002   0.948   0.001   0.446   0.006   0.454   0.095 852.753  12.798 1326.397  12.472  36.301
2139  347.970 4137.790 373.565   0.641 132.098   3.126   0.000  10.487   0.000   0.000   0.037 486.614   0.000    0.000   0.000   0.000   0.000  16.384 164.714  18.541  10.701   8.707   0.491   0.000   0.002   0.935   0.000   0.423   0.005   0.438   0.095 854.694  12.827 1325.480  12.558  36.336
2140  347.358 4166.440 373.749   0.640 132.383   3.126   0.000  10.462   0.000   0.000   0.036 487.853   0.000    0.000   0.000   0.000   0.000  16.025 163.075  18.324  10.666   8.702   0.472   0.000   0.002   0.923   0.000   0.401   0.005   0.423   0.095 856.619  12.856 1324.589  12.643  36.370
2141  346.751 4194.968 373.930   0.638 132.668   3.126   0.000  10.437   0.000   0.000   0.035 489.085   0.000    0.000   0.000   0.000   0.000  15.674 161.452  18.110  10.630   8.697   0.454   0.000   0.002   0.911   0.000   0.380   0.005   0.408   0.095 858.526  12.884 1323.723  12.729  36.404
2142  346.150 4223.392 374.111   0.637 132.952   3.125   0.000  10.413   0.000   0.000   0.034 490.309   0.000    0.000   0.000   0.000   0.000  15.330 159.846  17.898  10.595   8.692   0.437   0.000   0.002   0.899   0.000   0.360   0.004   0.394   0.095 860.416  12.912 1322.885  12.815  36.438
2143  345.554 4251.722 374.289   0.636 133.237   3.125   0.000  10.388   0.000   0.000   0.034 491.525   0.000    0.000   0.000   0.000   0.000  14.994 158.255  17.689  10.560   8.686   0.421   0.000   0.002   0.887   0.000   0.342   0.004   0.380   0.096 862.291  12.940 1322.072  12.900  36.472
2144  344.963 4279.954 374.466   0.634 133.522   3.125   0.000  10.364   0.000   0.000   0.033 492.734   0.000    0.000   0.000   0.000   0.000  14.665 156.681  17.482  10.524   8.681   0.405   0.000   0.001   0.875   0.000   0.324   0.004   0.367   0.096 864.150  12.968 1321.286  12.986  36.505
2145  344.378 4308.087 374.642   0.633 133.807   3.124   0.000  10.340   0.000   0.000   0.032 493.935   0.000    0.000   0.000   0.000   0.000  14.344 155.122  17.277  10.489   8.676   0.390   0.000   0.001   0.864   0.000   0.307   0.004   0.354   0.096 865.994  12.995 1320.524  13.071  36.537
2146  343.798 4336.128 374.815   0.632 134.091   3.124   0.000  10.315   0.000   0.000   0.032 495.129   0.000    0.000   0.000   0.000   0.000  14.029 153.578  17.075  10.455   8.671   0.375   0.000   0.001   0.853   0.000   0.291   0.003   0.342   0.096 867.823  13.022 1319.789  13.157  36.570
2147  343.222 4364.087 374.987   0.630 134.376   3.124   0.000  10.291   0.000   0.000   0.031 496.315   0.000    0.000   0.000   0.000   0.000  13.722 152.050  16.876  10.420   8.666   0.361   0.000   0.001   0.842   0.000   0.277   0.003   0.330   0.096 869.639  13.049 1319.079  13.242  36.602
2148  342.652 4390.456 375.158   0.629 134.661   3.123   0.000  10.267   0.000   0.000   0.030 497.492   0.000    0.000   0.000   0.000   0.000  13.421 150.537  16.678  10.385   8.661   0.347   0.000   0.001   0.831   0.000   0.262   0.003   0.318   0.097 871.422  13.076 1318.394  13.328  36.632
2149  342.085 4415.213 375.327   0.628 134.945   3.123   0.000  10.243   0.000   0.000   0.030 498.659   0.000    0.000   0.000   0.000   0.000  13.127 149.039  16.483  10.351   8.656   0.334   0.000   0.001   0.820   0.000   0.249   0.003   0.307   0.097 873.143  13.101 1317.733  13.413  36.660
2150  341.523 4438.419 375.494   0.627 135.230   3.123   0.000  10.220   0.000   0.000   0.029 499.812   0.000    0.000   0.000   0.000   0.000  12.839 147.556  16.290  10.316   8.651   0.321   0.000   0.001   0.809   0.000   0.236   0.003   0.297   0.097 874.785  13.125 1317.097  13.499  36.686
2151  340.964 4460.172 375.660   0.626 135.515   3.122   0.000  10.196   0.000   0.000   0.028 500.950   0.000    0.000   0.000   0.000   0.000  12.558 146.088  16.100  10.282   8.646   0.309   0.000   0.001   0.799   0.000   0.224   0.002   0.287   0.097 876.339  13.147 1316.456  13.584  36.711
2152  340.409 4480.566 375.825   0.625 135.800   3.122   0.000  10.172   0.000   0.000   0.028 502.072   0.000    0.000   0.000   0.000   0.000  12.283 144.634  15.912  10.248   8.641   0.298   0.000   0.001   0.789   0.000   0.213   0.002   0.277   0.097 877.805  13.167 1315.765  13.670  36.734
2153  339.856 4499.685 375.988   0.624 136.084   3.122   0.000  10.149   0.000   0.000   0.027 503.176   0.000    0.000   0.000   0.000   0.000  12.014 143.195  15.725  10.213   8.635   0.286   0.000   0.001   0.779   0.000   0.202   0.002   0.267   0.097 879.183  13.187 1315.005  13.755  36.755
2154  339.307 4517.612 376.149   0.623 136.369   3.122   0.000  10.125   0.000   0.000   0.027 504.260   0.000    0.000   0.000   0.000   0.000  11.750 141.770  15.542  10.179   8.630   0.276   0.000   0.001   0.769   0.000   0.192   0.002   0.258   0.098 880.476  13.205 1314.168  13.840  36.775
2155  338.760 4534.421 376.309   0.623 136.654   3.121   0.000  10.102   0.000   0.000   0.026 505.324   0.000    0.000   0.000   0.000   0.000  11.493 140.360  15.360  10.146   8.625   0.265   0.000   0.001   0.759   0.000   0.182   0.002   0.249   0.098 881.687  13.222 1313.254  13.926  36.793
2156  338.215 4550.184 376.468   0.622 136.938   3.121   0.000  10.079   0.000   0.000   0.025 506.367   0.000    0.000   0.000   0.000   0.000  11.241 138.963  15.180  10.112   8.620   0.255   0.000   0.001   0.749   0.000   0.173   0.002   0.241   0.098 882.822  13.238 1312.269  14.011  36.811
2157  337.673 4564.966 376.625   0.621 137.223   3.121   0.000  10.056   0.000   0.000   0.025 507.389   0.000    0.000   0.000   0.000   0.000  10.995 137.580  15.003  10.078   8.615   0.246   0.000   0.001   0.740   0.000   0.164   0.002   0.233   0.098 883.885  13.253 1311.215  14.096  36.827
2158  337.132 4578.829 376.780   0.621 137.508   3.120   0.000  10.033   0.000   0.000   0.024 508.388   0.000    0.000   0.000   0.000   0.000  10.754 136.211  14.827  10.045   8.610   0.236   0.000   0.001   0.730   0.000   0.156   0.002   0.225   0.098 884.881  13.267 1310.099  14.181  36.842
2159  336.594 4591.830 376.934   0.620 137.792   3.120   0.000  10.010   0.000   0.000   0.024 509.365   0.000    0.000   0.000   0.000   0.000  10.519 134.856  14.654  10.011   8.605   0.227   0.000   0.001   0.721   0.000   0.148   0.001   0.217   0.098 885.812  13.280 1308.925  14.267  36.856
2160  336.058 4604.025 377.087   0.620 138.077   3.120   0.000   9.987   0.000   0.000   0.023 510.318   0.000    0.000   0.000   0.000   0.000  10.288 133.514  14.482   9.978   8.600   0.219   0.000   0.001   0.712   0.000   0.141   0.001   0.210   0.098 886.685  13.292 1307.699  14.352  36.870
2161  335.524 4615.462 377.238   0.619 138.362   3.119   0.000   9.964   0.000   0.000   0.023 511.249   0.000    0.000   0.000   0.000   0.000  10.063 132.186  14.313   9.945   8.595   0.211   0.000   0.000   0.703   0.000   0.134   0.001   0.202   0.098 887.502  13.303 1306.426  14.437  36.882
2162  334.991 4626.191 377.388   0.619 138.646   3.119   0.000   9.941   0.000   0.000   0.022 512.156   0.000    0.000   0.000   0.000   0.000   9.843 130.870  14.146   9.912   8.590   0.203   0.000   0.000   0.694   0.000   0.127   0.001   0.196   0.098 888.267  13.314 1305.111  14.522  36.894
2163  334.460 4636.254 377.537   0.618 138.931   3.119   0.000   9.918   0.000   0.000   0.022 513.040   0.000    0.000   0.000   0.000   0.000   9.627 129.568  13.980   9.879   8.585   0.195   0.000   0.000   0.686   0.000   0.120   0.001   0.189   0.099 888.983  13.324 1303.759  14.607  36.904
2164  333.931 4645.694 377.684   0.618 139.216   3.118   0.000   9.895   0.000   0.000   0.021 513.900   0.000    0.000   0.000   0.000   0.000   9.417 128.279  13.817   9.846   8.580   0.188   0.000   0.000   0.677   0.000   0.114   0.001   0.183   0.099 889.654  13.333 1302.372  14.692  36.915
2165  333.403 4654.550 377.830   0.618 139.500   3.118   0.000   9.873   0.000   0.000   0.021 514.738   0.000    0.000   0.000   0.000   0.000   9.210 127.003  13.655   9.813   8.575   0.181   0.000   0.000   0.669   0.000   0.109   0.001   0.176   0.099 890.283  13.342 1300.956  14.777  36.924
2166  332.878 4662.858 377.975   0.617 139.785   3.118   0.000   9.850   0.000   0.000   0.021 515.552   0.000    0.000   0.000   0.000   0.000   9.009 125.739  13.495   9.780   8.570   0.174   0.000   0.000   0.660   0.000   0.103   0.001   0.170   0.099 890.872  13.350 1299.513  14.862  36.933
2167  332.353 4670.652 378.118   0.617 140.069   3.118   0.000   9.828   0.000   0.000   0.020 516.344   0.000    0.000   0.000   0.000   0.000   8.812 124.488  13.337   9.748   8.565   0.167   0.000   0.000   0.652   0.000   0.098   0.001   0.165   0.099 891.424  13.358 1298.047  14.947  36.941
2168  331.831 4677.963 378.260   0.617 140.354   3.117   0.000   9.805   0.000   0.000   0.020 517.113   0.000    0.000   0.000   0.000   0.000   8.619 123.249  13.181   9.715   8.560   0.161   0.000   0.000   0.644   0.000   0.093   0.001   0.159   0.099 891.941  13.365 1296.561  15.032  36.949
2169  331.309 4684.823 378.400   0.616 140.639   3.117   0.000   9.783   0.000   0.000   0.019 517.859   0.000    0.000   0.000   0.000   0.000   8.430 122.023  13.027   9.683   8.555   0.155   0.000   0.000   0.636   0.000   0.088   0.001   0.154   0.099 892.426  13.372 1295.058  15.117  36.957
2170  330.790 4691.259 378.540   0.616 140.923   3.117   0.000   9.761   0.000   0.000   0.019 518.584   0.000    0.000   0.000   0.000   0.000   8.246 120.809  12.875   9.651   8.550   0.149   0.000   0.000   0.629   0.000   0.084   0.001   0.148   0.099 892.880  13.378 1293.540  15.202  36.963
2171  330.271 4697.298 378.678   0.616 141.208   3.116   0.000   9.739   0.000   0.000   0.018 519.287   0.000    0.000   0.000   0.000   0.000   8.065 119.606  12.724   9.619   8.545   0.143   0.000   0.000   0.621   0.000   0.080   0.001   0.143   0.099 893.306  13.384 1292.010  15.287  36.970
2172  329.755 4702.963 378.815   0.616 141.492   3.116   0.000   9.716   0.000   0.000   0.018 519.968   0.000    0.000   0.000   0.000   0.000   7.889 118.416  12.576   9.587   8.539   0.138   0.000   0.000   0.613   0.000   0.076   0.001   0.139   0.099 893.705  13.390 1290.470  15.372  36.976
2173  329.239 4708.279 378.950   0.615 141.777   3.116   0.000   9.694   0.000   0.000   0.018 520.629   0.000    0.000   0.000   0.000   0.000   7.716 117.238  12.428   9.555   8.534   0.133   0.000   0.000   0.606   0.000   0.072   0.001   0.134   0.099 894.079  13.395 1288.923  15.457  36.982
2174  328.725 4713.267 379.085   0.615 142.062   3.115   0.000   9.672   0.000   0.000   0.017 521.269   0.000    0.000   0.000   0.000   0.000   7.548 116.072  12.283   9.523   8.529   0.128   0.000   0.000   0.599   0.000   0.068   0.001   0.129   0.099 894.430  13.400 1287.369  15.541  36.987
2175  328.213 4717.947 379.218   0.615 142.346   3.115   0.000   9.650   0.000   0.000   0.017 521.889   0.000    0.000   0.000   0.000   0.000   7.383 114.917  12.139   9.491   8.524   0.123   0.000   0.000   0.591   0.000   0.065   0.000   0.125   0.099 894.758  13.405 1285.810  15.626  36.992
2176  327.702 4722.338 379.349   0.615 142.631   3.115   0.000   9.628   0.000   0.000   0.017 522.489   0.000    0.000   0.000   0.000   0.000   7.221 113.773  11.997   9.460   8.519   0.118   0.000   0.000   0.584   0.000   0.062   0.000   0.121   0.099 895.067  13.409 1284.249  15.711  36.996
2177  327.193 4726.459 379.480   0.615 142.915   3.114   0.000   9.606   0.000   0.000   0.016 523.070   0.000    0.000   0.000   0.000   0.000   7.063 112.641  11.857   9.428   8.514   0.114   0.000   0.000   0.577   0.000   0.059   0.000   0.117   0.099 895.356  13.413 1282.687  15.796  37.001
2178  326.685 4730.325 379.610   0.614 143.200   3.114   0.000   9.584   0.000   0.000   0.016 523.632   0.000    0.000   0.000   0.000   0.000   6.909 111.520  11.718   9.397   8.509   0.109   0.000   0.000   0.570   0.000   0.056   0.000   0.113   0.099 895.627  13.417 1281.125  15.880  37.005
2179  326.178 4733.954 379.738   0.614 143.484   3.114   0.000   9.563   0.000   0.000   0.016 524.175   0.000    0.000   0.000   0.000   0.000   6.758 110.411  11.581   9.366   8.504   0.105   0.000   0.000   0.564   0.000   0.053   0.000   0.109   0.099 895.881  13.420 1279.564  15.965  37.009
2180  325.673 4737.358 379.865   0.614 143.769   3.113   0.000   9.541   0.000   0.000   0.015 524.701   0.000    0.000   0.000   0.000   0.000   6.610 109.312  11.446   9.334   8.499   0.101   0.000   0.000   0.557   0.000   0.050   0.000   0.105   0.099 896.120  13.424 1278.006  16.050  37.012
2181  325.169 4740.553 379.991   0.614 144.054   3.113   0.000   9.519   0.000   0.000   0.015 525.209   0.000    0.000   0.000   0.000   0.000   6.466 108.224  11.312   9.303   8.494   0.098   0.000   0.000   0.550   0.000   0.048   0.000   0.102   0.099 896.344  13.427 1276.451  16.134  37.016
2182  324.667 4743.551 380.116   0.614 144.338   3.113   0.000   9.498   0.000   0.000   0.015 525.700   0.000    0.000   0.000   0.000   0.000   6.325 107.147  11.180   9.272   8.489   0.094   0.000   0.000   0.544   0.000   0.045   0.000   0.098   0.099 896.553  13.430 1274.901  16.219  37.019
2183  324.166 4746.364 380.239   0.614 144.623   3.113   0.000   9.476   0.000   0.000   0.014 526.174   0.000    0.000   0.000   0.000   0.000   6.186 106.081  11.049   9.241   8.484   0.090   0.000   0.000   0.538   0.000   0.043   0.000   0.095   0.099 896.750  13.432 1273.356  16.303  37.022
2184  323.667 4749.004 380.362   0.614 144.907   3.112   0.000   9.455   0.000   0.000   0.014 526.632   0.000    0.000   0.000   0.000   0.000   6.051 105.026  10.920   9.211   8.479   0.087   0.000   0.000   0.531   0.000   0.041   0.000   0.092   0.099 896.935  13.435 1271.817  16.388  37.025
2185  323.169 4751.481 380.483   0.613 145.192   3.112   0.000   9.433   0.000   0.000   0.014 527.074   0.000    0.000   0.000   0.000   0.000   5.919 103.981  10.792   9.180   8.474   0.084   0.000   0.000   0.525   0.000   0.039   0.000   0.089   0.099 897.108  13.437 1270.286  16.472  37.027
2186  322.673 4753.806 380.604   0.613 145.476   3.112   0.000   9.412   0.000   0.000   0.013 527.501   0.000    0.000   0.000   0.000   0.000   5.790 102.946  10.666   9.150   8.469   0.080   0.000   0.000   0.519   0.000   0.037   0.000   0.086   0.099 897.270  13.440 1268.762  16.557  37.030
2187  322.178 4755.987 380.723   0.613 145.761   3.111   0.000   9.390   0.000   0.000   0.013 527.913   0.000    0.000   0.000   0.000   0.000   5.663 101.922  10.541   9.119   8.464   0.077   0.000   0.000   0.513   0.000   0.035   0.000   0.083   0.099 897.423  13.442 1267.247  16.641  37.032
2188  321.684 4758.035 380.841   0.613 146.045   3.111   0.000   9.369   0.000   0.000   0.013 528.311   0.000    0.000   0.000   0.000   0.000   5.540 100.908  10.418   9.089   8.460   0.075   0.000   0.000   0.507   0.000   0.033   0.000   0.080   0.099 897.566  13.444 1265.740  16.726  37.034
2189  321.192 4759.956 380.958   0.613 146.330   3.111   0.000   9.348   0.000   0.000   0.013 528.695   0.000    0.000   0.000   0.000   0.000   5.419  99.904  10.296   9.059   8.455   0.072   0.000   0.000   0.501   0.000   0.032   0.000   0.077   0.100 897.700  13.446 1264.243  16.810  37.036
2190  320.702 4761.759 381.074   0.613 146.614   3.110   0.000   9.327   0.000   0.000   0.012 529.065   0.000    0.000   0.000   0.000   0.000   5.301  98.910  10.176   9.028   8.450   0.069   0.000   0.000   0.496   0.000   0.030   0.000   0.075   0.100 897.826  13.447 1262.755  16.894  37.038
2191  320.212 4763.451 381.189   0.613 146.899   3.110   0.000   9.305   0.000   0.000   0.012 529.422   0.000    0.000   0.000   0.000   0.000   5.185  97.925  10.057   8.998   8.445   0.066   0.000   0.000   0.490   0.000   0.029   0.000   0.072   0.100 897.944  13.449 1261.278  16.979  37.040
2192  319.725 4765.039 381.302   0.613 147.183   3.110   0.000   9.284   0.000   0.000   0.012 529.766   0.000    0.000   0.000   0.000   0.000   5.072  96.951   9.939   8.968   8.440   0.064   0.000   0.000   0.485   0.000   0.027   0.000   0.070   0.100 898.054  13.451 1259.812  17.063  37.041
2193  319.238 4766.529 381.415   0.613 147.468   3.109   0.000   9.263   0.000   0.000   0.012 530.097   0.000    0.000   0.000   0.000   0.000   4.961  95.986   9.823   8.939   8.435   0.061   0.000   0.000   0.479   0.000   0.026   0.000   0.067   0.100 898.158  13.452 1258.357  17.147  37.043
2194  318.753 4767.928 381.527   0.613 147.752   3.109   0.000   9.242   0.000   0.000   0.011 530.417   0.000    0.000   0.000   0.000   0.000   4.853  95.031   9.708   8.909   8.430   0.059   0.000   0.000   0.474   0.000   0.025   0.000   0.065   0.100 898.256  13.453 1256.913  17.232  37.045
2195  318.270 4769.240 381.638   0.613 148.036   3.109   0.000   9.221   0.000   0.000   0.011 530.725   0.000    0.000   0.000   0.000   0.000   4.747  94.086   9.594   8.879   8.425   0.057   0.000   0.000   0.468   0.000   0.023   0.000   0.063   0.100 898.347  13.455 1255.480  17.316  37.046
2196  317.788 4770.472 381.747   0.613 148.321   3.108   0.000   9.200   0.000   0.000   0.011 531.022   0.000    0.000   0.000   0.000   0.000   4.644  93.149   9.482   8.850   8.420   0.055   0.000   0.000   0.463   0.000   0.022   0.000   0.061   0.100 898.433  13.456 1254.059  17.400  37.047
2197  317.308 4771.628 381.856   0.613 148.605   3.108   0.000   9.180   0.000   0.000   0.011 531.308   0.000    0.000   0.000   0.000   0.000   4.542  92.223   9.371   8.820   8.415   0.053   0.000   0.000   0.458   0.000   0.021   0.000   0.059   0.100 898.514  13.457 1252.651  17.484  37.048
2198  316.829 4772.712 381.964   0.613 148.890   3.108   0.000   9.159   0.000   0.000   0.010 531.583   0.000    0.000   0.000   0.000   0.000   4.444  91.305   9.261   8.791   8.410   0.051   0.000   0.000   0.453   0.000   0.020   0.000   0.057   0.100 898.589  13.458 1251.255  17.569  37.050
2199  316.351 4773.730 382.071   0.613 149.174   3.108   0.000   9.138   0.000   0.000   0.010 531.848   0.000    0.000   0.000   0.000   0.000   4.347  90.396   9.153   8.762   8.405   0.049   0.000   0.000   0.448   0.000   0.019   0.000   0.055   0.100 898.660  13.459 1249.871  17.653  37.051
2200  316.669 4774.686 382.176   0.613 149.459   3.107   0.000   9.117   0.000   0.000   0.010 532.103   0.000    0.000   0.000   0.000   0.000   4.252  89.497   9.046   8.732   8.400   0.047   0.000   0.000   0.443   0.000   0.018   0.000   0.053   0.100 898.727  13.460 1248.499  17.737  37.052
2201  317.720 4775.583 382.281   0.613 149.743   3.107   0.000   9.097   0.000   0.000   0.010 532.349   0.000    0.000   0.000   0.000   0.000   4.159  88.606   8.940   8.703   8.395   0.045   0.000   0.000   0.438   0.000   0.017   0.000   0.051   0.100 898.789  13.461 1247.141  17.821  37.053
2202  318.661 4775.040 382.385   0.613 150.028   3.107   0.000   9.076   0.000   0.000   0.010 532.585   0.000    0.000   0.000   0.000   0.000   4.069  87.725   8.836   8.674   8.390   0.043   0.000   0.000   0.434   0.000   0.016   0.000   0.050   0.100 898.832  13.461 1245.795  17.905  37.052
2203  319.511 4772.276 382.488   0.613 150.312   3.106   0.000   9.055   0.000   0.000   0.009 532.808   0.000    0.000   0.000   0.000   0.000   3.980  86.852   8.732   8.645   8.385   0.042   0.000   0.000   0.429   0.000   0.016   0.000   0.048   0.100 898.820  13.461 1244.461  17.989  37.049
2204  320.287 4766.652 382.590   0.613 150.596   3.106   0.000   9.035   0.000   0.000   0.009 533.015   0.000    0.000   0.000   0.000   0.000   3.894  85.988   8.630   8.617   8.380   0.040   0.000   0.000   0.424   0.000   0.015   0.000   0.046   0.100 898.717  13.458 1243.141  18.073  37.043
2205  321.001 4755.715 382.691   0.613 150.881   3.106   0.000   9.014   0.000   0.000   0.009 533.200   0.000    0.000   0.000   0.000   0.000   3.809  85.132   8.529   8.588   8.375   0.039   0.000   0.000   0.420   0.000   0.014   0.000   0.045   0.100 898.462  13.452 1241.808  18.157  37.032
2206  321.664 4737.012 382.791   0.614 151.165   3.105   0.000   8.994   0.000   0.000   0.009 533.355   0.000    0.000   0.000   0.000   0.000   3.726  84.285   8.430   8.559   8.370   0.037   0.000   0.000   0.415   0.000   0.013   0.000   0.043   0.100 897.962  13.442 1240.411  18.241  37.012
2207  322.282 4708.144 382.890   0.615 151.450   3.105   0.000   8.974   0.000   0.000   0.009 533.466   0.000    0.000   0.000   0.000   0.000   3.645  83.446   8.331   8.531   8.365   0.036   0.000   0.000   0.411   0.000   0.013   0.000   0.042   0.099 897.101  13.425 1238.897  18.325  36.981
2208  322.858 4666.862 382.988   0.617 151.734   3.105   0.000   8.953   0.000   0.000   0.008 533.518   0.000    0.000   0.000   0.000   0.000   3.566  82.616   8.234   8.503   8.361   0.035   0.000   0.000   0.407   0.000   0.012   0.000   0.040   0.099 895.750  13.399 1237.182  18.409  36.937
2209  323.396 4613.791 383.086   0.619 152.018   3.104   0.000   8.933   0.000   0.000   0.008 533.492   0.000    0.000   0.000   0.000   0.000   3.488  81.794   8.137   8.474   8.356   0.033   0.000   0.000   0.402   0.000   0.011   0.000   0.039   0.099 893.805  13.362 1235.135  18.493  36.880
2210  323.897 4552.258 383.182   0.622 152.303   3.104   0.000   8.912   0.000   0.000   0.008 533.376   0.000    0.000   0.000   0.000   0.000   3.412  80.980   8.042   8.446   8.351   0.032   0.000   0.000   0.398   0.000   0.011   0.000   0.038   0.099 891.240  13.315 1232.595  18.576  36.813
2211  324.364 4485.396 383.278   0.625 152.587   3.104   0.000   8.892   0.000   0.000   0.008 533.161   0.000    0.000   0.000   0.000   0.000   3.338  80.174   7.948   8.418   8.346   0.031   0.000   0.000   0.394   0.000   0.010   0.000   0.036   0.098 888.112  13.260 1229.394  18.660  36.739
2212  324.797 4416.155 383.372   0.628 152.871   3.104   0.000   8.871   0.000   0.000   0.008 532.842   0.000    0.000   0.000   0.000   0.000   3.266  79.377   7.855   8.390   8.341   0.030   0.000   0.000   0.390   0.000   0.010   0.000   0.035   0.098 884.525  13.199 1225.405  18.744  36.661
2213  325.198 4347.307 383.466   0.631 153.156   3.103   0.000   8.850   0.000   0.000   0.008 532.419   0.000    0.000   0.000   0.000   0.000   3.195  78.587   7.763   8.362   8.336   0.028   0.000   0.000   0.386   0.000   0.009   0.000   0.034   0.098 880.612  13.135 1220.630  18.828  36.583
2214  325.571 4281.460 383.559   0.634 153.440   3.103   0.000   8.830   0.000   0.000   0.007 531.899   0.000    0.000   0.000   0.000   0.000   3.125  77.805   7.672   8.334   8.331   0.027   0.000   0.000   0.382   0.000   0.009   0.000   0.033   0.097 876.523  13.071 1215.180  18.912  36.506
2215  325.917 4221.062 383.651   0.637 153.724   3.103   0.000   8.809   0.000   0.000   0.007 531.291   0.000    0.000   0.000   0.000   0.000   3.057  77.031   7.583   8.306   8.326   0.026   0.000   0.000   0.378   0.000   0.008   0.000   0.032   0.097 872.417  13.008 1209.218  18.995  36.435
2216  326.240 4165.656 383.742   0.640 154.009   3.102   0.000   8.788   0.000   0.000   0.007 530.607   0.000    0.000   0.000   0.000   0.000   2.991  76.264   7.494   8.279   8.321   0.025   0.000   0.000   0.374   0.000   0.008   0.000   0.030   0.096 868.420  12.949 1202.930  19.079  36.369
2217  326.541 4112.062 383.833   0.643 154.293   3.102   0.000   8.767   0.000   0.000   0.007 529.854   0.000    0.000   0.000   0.000   0.000   2.926  75.505   7.406   8.251   8.316   0.024   0.000   0.000   0.370   0.000   0.008   0.000   0.029   0.096 864.567  12.892 1196.519  19.163  36.305
2218  326.822 4060.061 383.923   0.645 154.577   3.102   0.000   8.746   0.000   0.000   0.007 529.036   0.000    0.000   0.000   0.000   0.000   2.863  74.754   7.320   8.224   8.312   0.024   0.000   0.000   0.367   0.000   0.007   0.000   0.028   0.095 860.832  12.838 1190.187  19.246  36.241
2219  327.085 4012.211 384.011   0.648 154.862   3.101   0.000   8.725   0.000   0.000   0.007 528.162   0.000    0.000   0.000   0.000   0.000   2.801  74.010   7.234   8.196   8.307   0.023   0.000   0.000   0.363   0.000   0.007   0.000   0.027   0.095 857.236  12.787 1184.085  19.330  36.182
2220  327.332 3968.145 384.099   0.650 155.146   3.101   0.000   8.704   0.000   0.000   0.006 527.240   0.000    0.000   0.000   0.000   0.000   2.740  73.274   7.149   8.169   8.302   0.022   0.000   0.000   0.359   0.000   0.006   0.000   0.026   0.095 853.822  12.738 1178.214  19.414  36.126
2221  327.565 3927.526 384.186   0.652 155.430   3.101   0.000   8.683   0.000   0.000   0.006 526.279   0.000    0.000   0.000   0.000   0.000   2.681  72.545   7.066   8.142   8.297   0.021   0.000   0.000   0.356   0.000   0.006   0.000   0.025   0.094 850.607  12.692 1172.513  19.497  36.075
2222  327.784 3890.035 384.273   0.654 155.715   3.100   0.000   8.662   0.000   0.000   0.006 525.284   0.000    0.000   0.000   0.000   0.000   2.622  71.823   6.983   8.115   8.292   0.020   0.000   0.000   0.352   0.000   0.006   0.000   0.025   0.094 847.597  12.650 1167.006  19.581  36.027
2223  327.991 3855.380 384.358   0.656 155.999   3.100   0.000   8.641   0.000   0.000   0.006 524.264   0.000    0.000   0.000   0.000   0.000   2.566  71.108   6.902   8.088   8.287   0.019   0.000   0.000   0.349   0.000   0.005   0.000   0.024   0.094 844.785  12.611 1161.756  19.664  35.982
2224  328.187 3823.288 384.443   0.658 156.283   3.100   0.000   8.620   0.000   0.000   0.006 523.225   0.000    0.000   0.000   0.000   0.000   2.510  70.401   6.821   8.061   8.282   0.019   0.000   0.000   0.346   0.000   0.005   0.000   0.023   0.093 842.164  12.575 1156.781  19.748  35.941
2225  328.374 3793.510 384.527   0.659 156.568   3.099   0.000   8.599   0.000   0.000   0.006 522.170   0.000    0.000   0.000   0.000   0.000   2.456  69.700   6.741   8.034   8.277   0.018   0.000   0.000   0.342   0.000   0.005   0.000   0.022   0.093 839.721  12.541 1152.078  19.831  35.901
2226  328.552 3765.811 384.611   0.661 156.852   3.099   0.000   8.578   0.000   0.000   0.006 521.107   0.000    0.000   0.000   0.000   0.000   2.403  69.007   6.662   8.007   8.273   0.017   0.000   0.000   0.339   0.000   0.005   0.000   0.021   0.093 837.443  12.509 1147.635  19.914  35.865
2227  328.721 3739.981 384.693   0.662 157.136   3.099   0.000   8.557   0.000   0.000   0.006 520.037   0.000    0.000   0.000   0.000   0.000   2.351  68.320   6.584   7.981   8.268   0.017   0.000   0.000   0.336   0.000   0.004   0.000   0.020   0.093 835.316  12.479 1143.437  19.998  35.830
2228  328.883 3715.819 384.775   0.664 157.420   3.099   0.000   8.537   0.000   0.000   0.005 518.966   0.000    0.000   0.000   0.000   0.000   2.300  67.640   6.507   7.954   8.263   0.016   0.000   0.000   0.332   0.000   0.004   0.000   0.020   0.092 833.328  12.452 1139.468  20.081  35.798
2229  329.038 3693.150 384.856   0.665 157.705   3.098   0.000   8.516   0.000   0.000   0.005 517.895   0.000    0.000   0.000   0.000   0.000   2.250  66.967   6.431   7.928   8.258   0.015   0.000   0.000   0.329   0.000   0.004   0.000   0.019   0.092 831.465  12.425 1135.709  20.165  35.767
2230  329.187 3671.805 384.936   0.666 157.989   3.098   0.000   8.495   0.000   0.000   0.005 516.829   0.000    0.000   0.000   0.000   0.000   2.202  66.301   6.356   7.901   8.253   0.015   0.000   0.000   0.326   0.000   0.004   0.000   0.018   0.092 829.715  12.401 1132.143  20.248  35.738
2231  329.330 3651.637 385.016   0.667 158.273   3.098   0.000   8.474   0.000   0.000   0.005 515.769   0.000    0.000   0.000   0.000   0.000   2.154  65.641   6.282   7.875   8.248   0.014   0.000   0.000   0.323   0.000   0.003   0.000   0.018   0.092 828.066  12.378 1128.753  20.331  35.711
2232  329.467 3632.506 385.094   0.669 158.557   3.097   0.000   8.453   0.000   0.000   0.005 514.716   0.000    0.000   0.000   0.000   0.000   2.107  64.988   6.208   7.849   8.243   0.014   0.000   0.000   0.320   0.000   0.003   0.000   0.017   0.092 826.509  12.356 1125.523  20.415  35.685
2233  329.599 3614.291 385.172   0.670 158.842   3.097   0.000   8.432   0.000   0.000   0.005 513.674   0.000    0.000   0.000   0.000   0.000   2.062  64.341   6.136   7.823   8.239   0.013   0.000   0.000   0.317   0.000   0.003   0.000   0.016   0.091 825.033  12.335 1122.439  20.498  35.659
2234  329.726 3596.877 385.250   0.671 159.126   3.097   0.000   8.411   0.000   0.000   0.005 512.642   0.000    0.000   0.000   0.000   0.000   2.018  63.701   6.064   7.797   8.234   0.013   0.000   0.000   0.314   0.000   0.003   0.000   0.016   0.091 823.628  12.315 1119.487  20.581  35.635
2235  329.849 3580.166 385.326   0.672 159.410   3.096   0.000   8.390   0.000   0.000   0.005 511.622   0.000    0.000   0.000   0.000   0.000   1.974  63.067   5.993   7.771   8.229   0.012   0.000   0.000   0.311   0.000   0.003   0.000   0.015   0.091 822.287  12.296 1116.652  20.664  35.612
2236  329.967 3564.065 385.402   0.673 159.694   3.096   0.000   8.369   0.000   0.000   0.005 510.615   0.000    0.000   0.000   0.000   0.000   1.931  62.440   5.923   7.745   8.224   0.012   0.000   0.000   0.309   0.000   0.003   0.000   0.015   0.091 821.001  12.277 1113.924  20.747  35.589
2237  330.081 3548.497 385.478   0.674 159.979   3.096   0.000   8.348   0.000   0.000   0.004 509.621   0.000    0.000   0.000   0.000   0.000   1.890  61.818   5.853   7.719   8.219   0.011   0.000   0.000   0.306   0.000   0.002   0.000   0.014   0.091 819.764  12.260 1111.290  20.831  35.568
2238  330.191 3533.387 385.552   0.674 160.263   3.095   0.000   8.327   0.000   0.000   0.004 508.640   0.000    0.000   0.000   0.000   0.000   1.849  61.203   5.785   7.693   8.214   0.011   0.000   0.000   0.303   0.000   0.002   0.000   0.014   0.091 818.569  12.242 1108.742  20.914  35.546
2239  330.298 3515.835 385.626   0.676 160.547   3.095   0.000   8.307   0.000   0.000   0.004 507.670   0.000    0.000   0.000   0.000   0.000   1.809  60.594   5.717   7.668   8.209   0.010   0.000   0.000   0.300   0.000   0.002   0.000   0.013   0.091 817.368  12.225 1106.269  20.997  35.521
2240  330.400 3495.844 385.699   0.677 160.831   3.095   0.000   8.286   0.000   0.000   0.004 506.705   0.000    0.000   0.000   0.000   0.000   1.770  59.991   5.650   7.642   8.205   0.010   0.000   0.000   0.298   0.000   0.002   0.000   0.013   0.090 816.086  12.205 1103.864  21.080  35.493
2241  330.498 3476.293 385.772   0.678 161.115   3.095   0.000   8.265   0.000   0.000   0.004 505.743   0.000    0.000   0.000   0.000   0.000   1.732  59.394   5.584   7.617   8.200   0.010   0.000   0.000   0.295   0.000   0.002   0.000   0.012   0.090 814.724  12.183 1101.518  21.163  35.465
2242  330.591 3460.026 385.844   0.679 161.400   3.094   0.000   8.244   0.000   0.000   0.004 504.786   0.000    0.000   0.000   0.000   0.000   1.695  58.803   5.519   7.592   8.195   0.009   0.000   0.000   0.293   0.000   0.002   0.000   0.012   0.090 813.369  12.163 1099.156  21.246  35.441
2243  330.681 3446.826 385.915   0.680 161.684   3.094   0.000   8.224   0.000   0.000   0.004 503.842   0.000    0.000   0.000   0.000   0.000   1.659  58.218   5.455   7.566   8.190   0.009   0.000   0.000   0.290   0.000   0.002   0.000   0.011   0.090 812.117  12.145 1096.671  21.329  35.422
2244  330.769 3436.491 385.985   0.681 161.968   3.094   0.000   8.203   0.000   0.000   0.004 502.917   0.000    0.000   0.000   0.000   0.000   1.623  57.639   5.391   7.541   8.185   0.009   0.000   0.000   0.288   0.000   0.002   0.000   0.011   0.090 811.016  12.130 1094.086  21.412  35.407
2245  330.854 3431.701 386.055   0.681 162.252   3.093   0.000   8.182   0.000   0.000   0.004 502.019   0.000    0.000   0.000   0.000   0.000   1.588  57.066   5.328   7.516   8.181   0.008   0.000   0.000   0.285   0.000   0.002   0.000   0.010   0.090 810.135  12.119 1091.548  21.495  35.400
2246  330.938 3432.088 386.124   0.681 162.536   3.093   0.000   8.162   0.000   0.000   0.004 501.158   0.000    0.000   0.000   0.000   0.000   1.554  56.498   5.265   7.491   8.176   0.008   0.000   0.000   0.283   0.000   0.001   0.000   0.010   0.090 809.551  12.114 1089.189  21.578  35.401
2247  331.023 3434.436 386.193   0.681 162.821   3.093   0.000   8.141   0.000   0.000   0.003 500.342   0.000    0.000   0.000   0.000   0.000   1.521  55.936   5.204   7.466   8.171   0.008   0.000   0.000   0.280   0.000   0.001   0.000   0.010   0.090 809.252  12.113 1087.059  21.661  35.404
2248  331.108 3435.741 386.261   0.681 163.105   3.092   0.000   8.121   0.000   0.000   0.003 499.568   0.000    0.000   0.000   0.000   0.000   1.488  55.379   5.143   7.441   8.166   0.007   0.000   0.000   0.278   0.000   0.001   0.000   0.009   0.090 809.134  12.114 1085.248  21.743  35.406
2249  331.192 3433.218 386.328   0.681 163.389   3.092   0.000   8.100   0.000   0.000   0.003 498.830   0.000    0.000   0.000   0.000   0.000   1.456  54.828   5.083   7.416   8.161   0.007   0.000   0.000   0.276   0.000   0.001   0.000   0.009   0.090 809.046  12.114 1083.853  21.826  35.402
2250  331.276 3427.139 386.395   0.681 163.673   3.092   0.000   8.080   0.000   0.000   0.003 498.117   0.000    0.000   0.000   0.000   0.000   1.425  54.282   5.023   7.392   8.157   0.007   0.000   0.000   0.273   0.000   0.001   0.000   0.009   0.090 808.860  12.111 1082.832  21.909  35.394
2251  331.358 3417.761 386.461   0.682 163.957   3.091   0.000   8.059   0.000   0.000   0.003 497.421   0.000    0.000   0.000   0.000   0.000   1.395  53.742   4.965   7.367   8.152   0.007   0.000   0.000   0.271   0.000   0.001   0.000   0.008   0.090 808.509  12.104 1082.013  21.992  35.380
2252  331.437 3402.474 386.527   0.683 164.241   3.091   0.000   8.039   0.000   0.000   0.003 496.731   0.000    0.000   0.000   0.000   0.000   1.365  53.208   4.907   7.343   8.147   0.006   0.000   0.000   0.269   0.000   0.001   0.000   0.008   0.090 807.915  12.093 1081.176  22.075  35.357
2253  331.513 3381.695 386.592   0.684 164.525   3.091   0.000   8.019   0.000   0.000   0.003 496.033   0.000    0.000   0.000   0.000   0.000   1.336  52.678   4.849   7.318   8.142   0.006   0.000   0.000   0.267   0.000   0.001   0.000   0.008   0.089 806.998  12.075 1080.159  22.157  35.327
2254  331.583 3358.664 386.656   0.686 164.809   3.090   0.000   7.998   0.000   0.000   0.003 495.320   0.000    0.000   0.000   0.000   0.000   1.307  52.154   4.792   7.294   8.137   0.006   0.000   0.000   0.265   0.000   0.001   0.000   0.007   0.089 805.766  12.053 1078.899  22.240  35.293
2255  331.649 3333.560 386.720   0.687 165.094   3.090   0.000   7.978   0.000   0.000   0.003 494.587   0.000    0.000   0.000   0.000   0.000   1.279  51.635   4.736   7.270   8.133   0.006   0.000   0.000   0.263   0.000   0.001   0.000   0.007   0.089 804.277  12.027 1077.304  22.323  35.255
2256  331.708 3306.551 386.783   0.689 165.378   3.090   0.000   7.958   0.000   0.000   0.003 493.829   0.000    0.000   0.000   0.000   0.000   1.252  51.121   4.681   7.245   8.128   0.005   0.000   0.000   0.261   0.000   0.001   0.000   0.007   0.089 802.570  11.998 1075.273  22.405  35.214
2257  331.763 3277.796 386.846   0.691 165.662   3.090   0.000   7.938   0.000   0.000   0.003 493.044   0.000    0.000   0.000   0.000   0.000   1.225  50.613   4.626   7.221   8.123   0.005   0.000   0.000   0.258   0.000   0.001   0.000   0.007   0.089 800.670  11.967 1072.847  22.488  35.171
2258  331.811 3247.444 386.908   0.693 165.946   3.089   0.000   7.917   0.000   0.000   0.003 492.228   0.000    0.000   0.000   0.000   0.000   1.199  50.109   4.572   7.197   8.118   0.005   0.000   0.000   0.256   0.000   0.001   0.000   0.006   0.089 798.598  11.934 1070.127  22.571  35.124
2259  331.853 3215.638 386.969   0.695 166.230   3.089   0.000   7.897   0.000   0.000   0.003 491.378   0.000    0.000   0.000   0.000   0.000   1.174  49.610   4.519   7.173   8.113   0.005   0.000   0.000   0.255   0.000   0.001   0.000   0.006   0.088 796.368  11.898 1067.162  22.653  35.075
2260  331.890 3182.510 387.030   0.697 166.514   3.089   0.000   7.877   0.000   0.000   0.003 490.493   0.000    0.000   0.000   0.000   0.000   1.149  49.117   4.466   7.149   8.109   0.005   0.000   0.000   0.253   0.000   0.001   0.000   0.006   0.088 793.993  11.861 1063.984  22.736  35.023
2261  331.921 3151.026 387.090   0.700 166.798   3.088   0.000   7.856   0.000   0.000   0.003 489.574   0.000    0.000   0.000   0.000   0.000   1.124  48.628   4.414   7.126   8.104   0.004   0.000   0.000   0.251   0.000   0.001   0.000   0.006   0.088 791.533  11.823 1060.612  22.818  34.974
2262  331.947 3123.948 387.150   0.702 167.082   3.088   0.000   7.836   0.000   0.000   0.002 488.628   0.000    0.000   0.000   0.000   0.000   1.101  48.144   4.362   7.102   8.099   0.004   0.000   0.000   0.249   0.000   0.001   0.000   0.005   0.087 789.118  11.787 1057.062  22.901  34.930
2263  331.969 3101.012 387.209   0.703 167.366   3.088   0.000   7.816   0.000   0.000   0.002 487.667   0.000    0.000   0.000   0.000   0.000   1.077  47.665   4.311   7.078   8.094   0.004   0.000   0.000   0.247   0.000   0.001   0.000   0.005   0.087 786.871  11.754 1053.348  22.983  34.894
2264  331.988 3079.130 387.268   0.705 167.650   3.087   0.000   7.795   0.000   0.000   0.002 486.698   0.000    0.000   0.000   0.000   0.000   1.054  47.191   4.260   7.055   8.090   0.004   0.000   0.000   0.245   0.000   0.001   0.000   0.005   0.087 784.806  11.726 1049.558  23.066  34.858
2265  332.004 3055.424 387.326   0.707 167.934   3.087   0.000   7.775   0.000   0.000   0.002 485.721   0.000    0.000   0.000   0.000   0.000   1.032  46.721   4.211   7.031   8.085   0.004   0.000   0.000   0.243   0.000   0.001   0.000   0.005   0.087 782.828  11.697 1045.887  23.148  34.820
2266  332.017 3030.052 387.384   0.708 168.219   3.087   0.000   7.754   0.000   0.000   0.002 484.729   0.000    0.000   0.000   0.000   0.000   1.010  46.256   4.161   7.008   8.080   0.004   0.000   0.000   0.241   0.000   0.000   0.000   0.005   0.087 780.836  11.668 1042.491  23.230  34.778
2267  332.028 3005.924 387.441   0.710 168.503   3.086   0.000   7.734   0.000   0.000   0.002 483.725   0.000    0.000   0.000   0.000   0.000   0.989  45.796   4.113   6.985   8.075   0.004   0.000   0.000   0.240   0.000   0.000   0.000   0.004   0.086 778.823  11.638 1039.354  23.313  34.738
2268  332.036 2985.651 387.498   0.712 168.787   3.086   0.000   7.714   0.000   0.000   0.002 482.713   0.000    0.000   0.000   0.000   0.000   0.968  45.340   4.065   6.961   8.071   0.003   0.000   0.000   0.238   0.000   0.000   0.000   0.004   0.086 776.884  11.610 1036.308  23.395  34.704
2269  332.043 2968.898 387.554   0.713 169.071   3.086   0.000   7.693   0.000   0.000   0.002 481.704   0.000    0.000   0.000   0.000   0.000   0.947  44.889   4.017   6.938   8.066   0.003   0.000   0.000   0.236   0.000   0.000   0.000   0.004   0.086 775.116  11.585 1033.208  23.477  34.676
2270  332.048 2952.608 387.609   0.714 169.355   3.086   0.000   7.673   0.000   0.000   0.002 480.703   0.000    0.000   0.000   0.000   0.000   0.928  44.443   3.970   6.915   8.061   0.003   0.000   0.000   0.235   0.000   0.000   0.000   0.004   0.086 773.516  11.563 1030.073  23.560  34.648
2271  332.053 2936.644 387.664   0.716 169.639   3.085   0.000   7.653   0.000   0.000   0.002 479.709   0.000    0.000   0.000   0.000   0.000   0.908  44.000   3.924   6.892   8.056   0.003   0.000   0.000   0.233   0.000   0.000   0.000   0.004   0.086 772.022  11.542 1027.065  23.642  34.621
2272  332.057 2923.595 387.719   0.717 169.923   3.085   0.000   7.633   0.000   0.000   0.002 478.728   0.000    0.000   0.000   0.000   0.000   0.889  43.563   3.878   6.869   8.052   0.003   0.000   0.000   0.231   0.000   0.000   0.000   0.004   0.085 770.646  11.523 1024.318  23.724  34.599
2273  332.060 2913.148 387.773   0.717 170.207   3.085   0.000   7.612   0.000   0.000   0.002 477.765   0.000    0.000   0.000   0.000   0.000   0.870  43.129   3.832   6.846   8.047   0.003   0.000   0.000   0.230   0.000   0.000   0.000   0.003   0.085 769.437  11.507 1021.798  23.806  34.581
2274  332.064 2905.035 387.826   0.718 170.491   3.084   0.000   7.592   0.000   0.000   0.002 476.825   0.000    0.000   0.000   0.000   0.000   0.852  42.700   3.788   6.823   8.042   0.003   0.000   0.000   0.228   0.000   0.000   0.000   0.003   0.085 768.412  11.494 1019.401  23.889  34.567
2275  332.069 2898.987 387.879   0.719 170.775   3.084   0.000   7.572   0.000   0.000   0.002 475.914   0.000    0.000   0.000   0.000   0.000   0.834  42.275   3.743   6.801   8.037   0.003   0.000   0.000   0.227   0.000   0.000   0.000   0.003   0.085 767.571  11.483 1017.157  23.971  34.557
2276  332.075 2894.862 387.932   0.719 171.059   3.084   0.000   7.552   0.000   0.000   0.002 475.035   0.000    0.000   0.000   0.000   0.000   0.816  41.854   3.700   6.778   8.033   0.003   0.000   0.000   0.225   0.000   0.000   0.000   0.003   0.085 766.908  11.476 1015.141  24.053  34.550
2277  332.083 2892.525 387.984   0.719 171.343   3.083   0.000   7.532   0.000   0.000   0.002 474.191   0.000    0.000   0.000   0.000   0.000   0.799  41.438   3.656   6.756   8.028   0.002   0.000   0.000   0.224   0.000   0.000   0.000   0.003   0.085 766.413  11.470 1013.372  24.135  34.546
2278  332.092 2889.436 388.036   0.719 171.627   3.083   0.000   7.512   0.000   0.000   0.002 473.383   0.000    0.000   0.000   0.000   0.000   0.783  41.026   3.614   6.733   8.023   0.002   0.000   0.000   0.222   0.000   0.000   0.000   0.003   0.085 766.033  11.466 1011.842  24.217  34.540
2279  332.102 2886.099 388.087   0.720 171.911   3.083   0.000   7.492   0.000   0.000   0.002 472.607   0.000    0.000   0.000   0.000   0.000   0.766  40.617   3.571   6.711   8.019   0.002   0.000   0.000   0.221   0.000   0.000   0.000   0.003   0.085 765.700  11.462 1010.538  24.299  34.534
2280  332.114 2885.398 388.137   0.720 172.195   3.082   0.000   7.472   0.000   0.000   0.002 471.864   0.000    0.000   0.000   0.000   0.000   0.750  40.213   3.529   6.688   8.014   0.002   0.000   0.000   0.219   0.000   0.000   0.000   0.003   0.085 765.436  11.459 1009.447  24.381  34.533
2281  332.127 2887.265 388.188   0.720 172.479   3.082   0.000   7.452   0.000   0.000   0.002 471.160   0.000    0.000   0.000   0.000   0.000   0.735  39.813   3.488   6.666   8.009   0.002   0.000   0.000   0.218   0.000   0.000   0.000   0.003   0.085 765.309  11.459 1008.485  24.463  34.537
2282  332.142 2888.916 388.237   0.719 172.763   3.082   0.000   7.432   0.000   0.000   0.001 470.496   0.000    0.000   0.000   0.000   0.000   0.719  39.417   3.447   6.644   8.004   0.002   0.000   0.000   0.216   0.000   0.000   0.000   0.002   0.085 765.301  11.460 1007.558  24.545  34.539
2283  332.158 2887.809 388.287   0.719 173.047   3.082   0.000   7.412   0.000   0.000   0.001 469.866   0.000    0.000   0.000   0.000   0.000   0.704  39.025   3.407   6.622   8.000   0.002   0.000   0.000   0.215   0.000   0.000   0.000   0.002   0.085 765.307  11.461 1006.722  24.627  34.537
2284  332.176 2884.302 388.335   0.720 173.331   3.081   0.000   7.393   0.000   0.000   0.001 469.262   0.000    0.000   0.000   0.000   0.000   0.690  38.637   3.367   6.600   7.995   0.002   0.000   0.000   0.214   0.000   0.000   0.000   0.002   0.085 765.225  11.459 1006.084  24.709  34.531
2285  332.193 2881.430 388.384   0.720 173.615   3.081   0.000   7.373   0.000   0.000   0.001 468.679   0.000    0.000   0.000   0.000   0.000   0.675  38.252   3.328   6.578   7.990   0.002   0.000   0.000   0.212   0.000   0.000   0.000   0.002   0.085 765.062  11.456 1005.602  24.791  34.526
2286  332.211 2879.339 388.432   0.720 173.898   3.081   0.000   7.353   0.000   0.000   0.001 468.119   0.000    0.000   0.000   0.000   0.000   0.661  37.871   3.289   6.556   7.986   0.002   0.000   0.000   0.211   0.000   0.000   0.000   0.002   0.085 764.878  11.452 1005.107  24.873  34.523
2287  332.230 2878.165 388.479   0.720 174.182   3.080   0.000   7.334   0.000   0.000   0.001 467.583   0.000    0.000   0.000   0.000   0.000   0.648  37.495   3.250   6.534   7.981   0.002   0.000   0.000   0.210   0.000   0.000   0.000   0.002   0.085 764.713  11.450 1004.464  24.955  34.521
2288  332.248 2878.060 388.526   0.720 174.466   3.080   0.000   7.314   0.000   0.000   0.001 467.073   0.000    0.000   0.000   0.000   0.000   0.634  37.122   3.212   6.512   7.976   0.002   0.000   0.000   0.209   0.000   0.000   0.000   0.002   0.085 764.596  11.449 1003.711  25.037  34.521
2289  332.268 2876.450 388.573   0.720 174.750   3.080   0.000   7.295   0.000   0.000   0.001 466.585   0.000    0.000   0.000   0.000   0.000   0.621  36.752   3.175   6.491   7.972   0.002   0.000   0.000   0.207   0.000   0.000   0.000   0.002   0.085 764.499  11.448 1002.955  25.118  34.518
2290  332.287 2870.834 388.619   0.721 175.034   3.079   0.000   7.275   0.000   0.000   0.001 466.113   0.000    0.000   0.000   0.000   0.000   0.608  36.386   3.138   6.469   7.967   0.001   0.000   0.000   0.206   0.000   0.000   0.000   0.002   0.085 764.310  11.444 1002.249  25.200  34.508
2291  332.305 2858.731 388.665   0.722 175.318   3.079   0.000   7.256   0.000   0.000   0.001 465.641   0.000    0.000   0.000   0.000   0.000   0.596  36.024   3.101   6.448   7.962   0.001   0.000   0.000   0.205   0.000   0.000   0.000   0.002   0.085 763.875  11.435 1001.624  25.282  34.487
2292  332.320 2840.593 388.710   0.723 175.602   3.079   0.000   7.236   0.000   0.000   0.001 465.153   0.000    0.000   0.000   0.000   0.000   0.584  35.666   3.065   6.426   7.957   0.001   0.000   0.000   0.204   0.000   0.000   0.000   0.002   0.085 763.067  11.419 1001.022  25.364  34.455
2293  332.333 2819.710 388.755   0.725 175.886   3.078   0.000   7.217   0.000   0.000   0.001 464.639   0.000    0.000   0.000   0.000   0.000   0.572  35.311   3.029   6.405   7.953   0.001   0.000   0.000   0.203   0.000   0.000   0.000   0.002   0.084 761.880  11.397 1000.274  25.445  34.418
2294  332.341 2799.144 388.800   0.727 176.170   3.078   0.000   7.198   0.000   0.000   0.001 464.095   0.000    0.000   0.000   0.000   0.000   0.560  34.960   2.993   6.383   7.948   0.001   0.000   0.000   0.201   0.000   0.000   0.000   0.001   0.084 760.430  11.372  999.160  25.527  34.382
2295  332.345 2781.742 388.844   0.728 176.454   3.078   0.000   7.178   0.000   0.000   0.001 463.528   0.000    0.000   0.000   0.000   0.000   0.548  34.612   2.958   6.362   7.943   0.001   0.000   0.000   0.200   0.000   0.000   0.000   0.001   0.084 758.892  11.347  997.523  25.609  34.350
2296  332.347 2767.344 388.888   0.729 176.738   3.078   0.000   7.159   0.000   0.000   0.001 462.946   0.000    0.000   0.000   0.000   0.000   0.537  34.267   2.924   6.341   7.939   0.001   0.000   0.000   0.199   0.000   0.000   0.000   0.001   0.084 757.421  11.325  995.398  25.690  34.324
2297  332.346 2754.617 388.931   0.730 177.021   3.077   0.000   7.140   0.000   0.000   0.001 462.357   0.000    0.000   0.000   0.000   0.000   0.526  33.927   2.890   6.320   7.934   0.001   0.000   0.000   0.198   0.000   0.000   0.000   0.001   0.084 756.073  11.306  992.983  25.772  34.301
2298  332.344 2743.010 388.974   0.731 177.305   3.077   0.000   7.120   0.000   0.000   0.001 461.765   0.000    0.000   0.000   0.000   0.000   0.515  33.589   2.856   6.299   7.929   0.001   0.000   0.000   0.197   0.000   0.000   0.000   0.001   0.084 754.848  11.289  990.536  25.854  34.280
2299  332.341 2733.198 389.016   0.732 177.589   3.077   0.000   7.101   0.000   0.000   0.001 461.174   0.000    0.000   0.000   0.000   0.000   0.505  33.255   2.822   6.278   7.925   0.001   0.000   0.000   0.196   0.000   0.000   0.000   0.001   0.084 753.747  11.274  988.250  25.935  34.262
2300  332.338 2726.219 389.058   0.733 177.873   3.076   0.000   7.082   0.000   0.000   0.001 460.590   0.000    0.000   0.000   0.000   0.000   0.495  32.924   2.789   6.257   7.920   0.001   0.000   0.000   0.195   0.000   0.000   0.000   0.001   0.083 752.805  11.261  986.168  26.017  34.250
