YEAR RADTTL RADANT RADAER RADCO2 RADCH4 RADN2O RADSO2 RADO3TRP RADO3STR RADrOH RADNOx RADEESC RADSF6 RADCO RADVOC RADCRBAER RADAERIND RADH20STR
2000   1.7964   1.6624  -1.1376   1.5429   0.4865   0.1558  -0.3500   0.3780  -0.1174   0.1000   0.1000   0.1000   0.0024   0.1000   0.1000  -0.0875  -0.7000   0.0194
2001   1.8335   1.7029  -1.1222   1.5668   0.4827   0.1586  -0.3430   0.3738  -0.1149   0.1000   0.1000   0.1000   0.0024   0.1000   0.1000  -0.0884  -0.6907   0.0193
2002   1.8728   1.7455  -1.1067   1.5914   0.4799   0.1614  -0.3361   0.3700  -0.1126   0.1000   0.1000   0.1000   0.0024   0.1000   0.1000  -0.0893  -0.6813   0.0191
2003   1.9150   1.7911  -1.0911   1.6169   0.4782   0.1643  -0.3291   0.3674  -0.1106   0.1000   0.1000   0.1000   0.0025   0.1000   0.1000  -0.0902  -0.6718   0.0191
2004   1.9582   1.8376  -1.0753   1.6440   0.4773   0.1672  -0.3221   0.3641  -0.1096   0.1000   0.1000   0.1000   0.0025   0.1000   0.1000  -0.0911  -0.6622   0.0190
2005   2.0063   1.8891  -1.0582   1.6730   0.4774   0.1702  -0.3146   0.3612  -0.1082   0.1000   0.1000   0.1000   0.0026   0.1000   0.1000  -0.0920  -0.6516   0.0190
2006   2.0554   1.9416  -1.0421   1.7032   0.4782   0.1732  -0.3076   0.3585  -0.1069   0.1000   0.1000   0.1000   0.0026   0.1000   0.1000  -0.0928  -0.6417   0.0191
2007   2.1061   1.9957  -1.0261   1.7343   0.4797   0.1762  -0.3006   0.3559  -0.1056   0.1000   0.1000   0.1000   0.0026   0.1000   0.1000  -0.0938  -0.6317   0.0191
2008   2.1569   2.0498  -1.0099   1.7646   0.4819   0.1790  -0.2936   0.3537  -0.1045   0.1000   0.1000   0.1000   0.0026   0.1000   0.1000  -0.0947  -0.6215   0.0192
2009   2.2069   2.1032  -0.9935   1.7935   0.4846   0.1819  -0.2866   0.3515  -0.1033   0.1000   0.1000   0.1000   0.0026   0.1000   0.1000  -0.0956  -0.6113   0.0193
2010   2.2586   2.1582  -0.9770   1.8233   0.4879   0.1848  -0.2797   0.3495  -0.1022   0.1000   0.1000   0.1000   0.0027   0.1000   0.1000  -0.0965  -0.6008   0.0195
2011   2.3133   2.2162  -0.9627   1.8550   0.4918   0.1876  -0.2733   0.3505  -0.1012   0.1000   0.1000   0.1000   0.0027   0.1000   0.1000  -0.0982  -0.5912   0.0196
2012   2.3674   2.2737  -0.9498   1.8877   0.4965   0.1904  -0.2675   0.3514  -0.1001   0.1000   0.1000   0.1000   0.0027   0.1000   0.1000  -0.1001  -0.5823   0.0198
2013   2.4225   2.3322  -0.9367   1.9209   0.5020   0.1932  -0.2616   0.3523  -0.0990   0.1000   0.1000   0.1000   0.0027   0.1000   0.1000  -0.1018  -0.5733   0.0200
2014   2.4795   2.3926  -0.9237   1.9548   0.5081   0.1961  -0.2558   0.3545  -0.0978   0.1000   0.1000   0.1000   0.0027   0.1000   0.1000  -0.1037  -0.5642   0.0203
2015   2.5356   2.4521  -0.9104   1.9883   0.5147   0.1989  -0.2500   0.3558  -0.0966   0.1000   0.1000   0.1000   0.0027   0.1000   0.1000  -0.1054  -0.5550   0.0205
2016   2.5912   2.5110  -0.8972   2.0211   0.5219   0.2018  -0.2442   0.3573  -0.0954   0.1000   0.1000   0.1000   0.0027   0.1000   0.1000  -0.1073  -0.5457   0.0208
2017   2.6456   2.5688  -0.8851   2.0534   0.5296   0.2045  -0.2390   0.3593  -0.0940   0.1000   0.1000   0.1000   0.0027   0.1000   0.1000  -0.1090  -0.5372   0.0211
2018   2.7026   2.6291  -0.8701   2.0856   0.5376   0.2073  -0.2326   0.3611  -0.0926   0.1000   0.1000   0.1000   0.0027   0.1000   0.1000  -0.1108  -0.5267   0.0215
2019   2.7587   2.6885  -0.8564   2.1174   0.5461   0.2100  -0.2268   0.3636  -0.0911   0.1000   0.1000   0.1000   0.0027   0.1000   0.1000  -0.1126  -0.5170   0.0218
2020   2.8140   2.7473  -0.8426   2.1491   0.5550   0.2126  -0.2209   0.3655  -0.0896   0.1000   0.1000   0.1000   0.0027   0.1000   0.1000  -0.1144  -0.5072   0.0222
2021   2.8645   2.8011  -0.8314   2.1792   0.5639   0.2152  -0.2163   0.3670  -0.0880   0.1000   0.1000   0.1000   0.0028   0.1000   0.1000  -0.1158  -0.4993   0.0225
2022   2.9124   2.8524  -0.8186   2.2065   0.5725   0.2176  -0.2111   0.3678  -0.0863   0.1000   0.1000   0.1000   0.0028   0.1000   0.1000  -0.1172  -0.4903   0.0229
2023   2.9543   2.8977  -0.8089   2.2311   0.5806   0.2200  -0.2070   0.3692  -0.0845   0.1000   0.1000   0.1000   0.0028   0.1000   0.1000  -0.1187  -0.4833   0.0232
2024   2.9966   2.9433  -0.7960   2.2533   0.5886   0.2222  -0.2018   0.3705  -0.0828   0.1000   0.1000   0.1000   0.0028   0.1000   0.1000  -0.1202  -0.4741   0.0235
2025   3.0350   2.9850  -0.7845   2.2731   0.5968   0.2242  -0.1971   0.3719  -0.0811   0.1000   0.1000   0.1000   0.0028   0.1000   0.1000  -0.1216  -0.4658   0.0238
2026   3.0709   3.0244  -0.7729   2.2907   0.6051   0.2262  -0.1925   0.3731  -0.0794   0.1000   0.1000   0.1000   0.0028   0.1000   0.1000  -0.1230  -0.4575   0.0242
2027   3.1043   3.0611  -0.7613   2.3062   0.6137   0.2281  -0.1878   0.3740  -0.0777   0.1000   0.1000   0.1000   0.0028   0.1000   0.1000  -0.1244  -0.4491   0.0245
2028   3.1361   3.0963  -0.7495   2.3196   0.6223   0.2298  -0.1831   0.3755  -0.0761   0.1000   0.1000   0.1000   0.0028   0.1000   0.1000  -0.1258  -0.4405   0.0249
2029   3.1670   3.1305  -0.7360   2.3310   0.6311   0.2315  -0.1779   0.3764  -0.0745   0.1000   0.1000   0.1000   0.0029   0.1000   0.1000  -0.1273  -0.4308   0.0252
2030   3.1950   3.1619  -0.7241   2.3404   0.6399   0.2330  -0.1733   0.3782  -0.0729   0.1000   0.1000   0.1000   0.0029   0.1000   0.1000  -0.1287  -0.4221   0.0256
2031   3.2213   3.1881  -0.7157   2.3483   0.6487   0.2345  -0.1698   0.3802  -0.0714   0.1000   0.1000   0.1000   0.0029   0.1000   0.1000  -0.1305  -0.4155   0.0259
2032   3.2470   3.2139  -0.7074   2.3550   0.6575   0.2359  -0.1663   0.3828  -0.0700   0.1000   0.1000   0.1000   0.0029   0.1000   0.1000  -0.1322  -0.4088   0.0263
2033   3.2713   3.2381  -0.6988   2.3605   0.6662   0.2374  -0.1628   0.3847  -0.0685   0.1000   0.1000   0.1000   0.0029   0.1000   0.1000  -0.1339  -0.4021   0.0266
2034   3.2966   3.2635  -0.6886   2.3648   0.6750   0.2388  -0.1587   0.3872  -0.0671   0.1000   0.1000   0.1000   0.0029   0.1000   0.1000  -0.1357  -0.3942   0.0270
2035   3.3186   3.2855  -0.6801   2.3680   0.6836   0.2402  -0.1552   0.3891  -0.0657   0.1000   0.1000   0.1000   0.0029   0.1000   0.1000  -0.1375  -0.3874   0.0273
2036   3.3423   3.3092  -0.6696   2.3700   0.6922   0.2416  -0.1512   0.3919  -0.0644   0.1000   0.1000   0.1000   0.0029   0.1000   0.1000  -0.1392  -0.3793   0.0277
2037   3.3620   3.3289  -0.6609   2.3708   0.7007   0.2430  -0.1477   0.3938  -0.0631   0.1000   0.1000   0.1000   0.0030   0.1000   0.1000  -0.1409  -0.3723   0.0280
2038   3.3811   3.3480  -0.6522   2.3706   0.7090   0.2443  -0.1442   0.3961  -0.0619   0.1000   0.1000   0.1000   0.0030   0.1000   0.1000  -0.1427  -0.3653   0.0284
2039   3.3984   3.3653  -0.6434   2.3692   0.7172   0.2457  -0.1407   0.3977  -0.0607   0.1000   0.1000   0.1000   0.0030   0.1000   0.1000  -0.1445  -0.3582   0.0287
2040   3.4171   3.3840  -0.6326   2.3666   0.7253   0.2470  -0.1366   0.4000  -0.0595   0.1000   0.1000   0.1000   0.0030   0.1000   0.1000  -0.1462  -0.3498   0.0290
2041   3.4276   3.3945  -0.6285   2.3633   0.7333   0.2484  -0.1349   0.4018  -0.0584   0.1000   0.1000   0.1000   0.0030   0.1000   0.1000  -0.1474  -0.3462   0.0293
2042   3.4407   3.4076  -0.6209   2.3594   0.7410   0.2497  -0.1320   0.4035  -0.0573   0.1000   0.1000   0.1000   0.0030   0.1000   0.1000  -0.1487  -0.3401   0.0297
2043   3.4504   3.4173  -0.6167   2.3549   0.7485   0.2509  -0.1302   0.4061  -0.0563   0.1000   0.1000   0.1000   0.0030   0.1000   0.1000  -0.1500  -0.3365   0.0300
2044   3.4599   3.4267  -0.6108   2.3499   0.7557   0.2522  -0.1279   0.4077  -0.0552   0.1000   0.1000   0.1000   0.0031   0.1000   0.1000  -0.1513  -0.3316   0.0303
2045   3.4671   3.4340  -0.6066   2.3442   0.7628   0.2534  -0.1262   0.4097  -0.0542   0.1000   0.1000   0.1000   0.0031   0.1000   0.1000  -0.1526  -0.3279   0.0305
2046   3.4728   3.4397  -0.6025   2.3378   0.7696   0.2546  -0.1244   0.4112  -0.0532   0.1000   0.1000   0.1000   0.0031   0.1000   0.1000  -0.1539  -0.3242   0.0308
2047   3.4799   3.4468  -0.5964   2.3308   0.7761   0.2558  -0.1221   0.4130  -0.0521   0.1000   0.1000   0.1000   0.0031   0.1000   0.1000  -0.1551  -0.3192   0.0311
2048   3.4855   3.4524  -0.5904   2.3232   0.7825   0.2569  -0.1198   0.4143  -0.0511   0.1000   0.1000   0.1000   0.0031   0.1000   0.1000  -0.1565  -0.3142   0.0313
2049   3.4902   3.4571  -0.5843   2.3150   0.7886   0.2580  -0.1174   0.4155  -0.0501   0.1000   0.1000   0.1000   0.0031   0.1000   0.1000  -0.1577  -0.3091   0.0316
2050   3.4927   3.4595  -0.5801   2.3060   0.7945   0.2591  -0.1157   0.4174  -0.0491   0.1000   0.1000   0.1000   0.0032   0.1000   0.1000  -0.1590  -0.3053   0.0318
2051   3.4926   3.4594  -0.5769   2.2968   0.8000   0.2602  -0.1145   0.4183  -0.0481   0.1000   0.1000   0.1000   0.0032   0.1000   0.1000  -0.1596  -0.3028   0.0320
2052   3.4917   3.4585  -0.5738   2.2877   0.8053   0.2613  -0.1134   0.4188  -0.0472   0.1000   0.1000   0.1000   0.0032   0.1000   0.1000  -0.1602  -0.3002   0.0323
2053   3.4909   3.4578  -0.5707   2.2785   0.8102   0.2623  -0.1122   0.4197  -0.0462   0.1000   0.1000   0.1000   0.0032   0.1000   0.1000  -0.1608  -0.2977   0.0325
2054   3.4917   3.4586  -0.5656   2.2692   0.8148   0.2634  -0.1105   0.4205  -0.0453   0.1000   0.1000   0.1000   0.0033   0.1000   0.1000  -0.1613  -0.2938   0.0326
2055   3.4901   3.4570  -0.5626   2.2599   0.8191   0.2644  -0.1093   0.4213  -0.0443   0.1000   0.1000   0.1000   0.0033   0.1000   0.1000  -0.1621  -0.2912   0.0328
2056   3.4880   3.4549  -0.5594   2.2505   0.8230   0.2654  -0.1081   0.4219  -0.0433   0.1000   0.1000   0.1000   0.0033   0.1000   0.1000  -0.1627  -0.2886   0.0330
2057   3.4861   3.4529  -0.5562   2.2411   0.8266   0.2664  -0.1070   0.4229  -0.0424   0.1000   0.1000   0.1000   0.0033   0.1000   0.1000  -0.1632  -0.2860   0.0331
2058   3.4831   3.4499  -0.5530   2.2315   0.8299   0.2674  -0.1058   0.4234  -0.0415   0.1000   0.1000   0.1000   0.0034   0.1000   0.1000  -0.1638  -0.2834   0.0333
2059   3.4796   3.4465  -0.5499   2.2217   0.8328   0.2683  -0.1047   0.4238  -0.0406   0.1000   0.1000   0.1000   0.0034   0.1000   0.1000  -0.1644  -0.2808   0.0334
2060   3.4752   3.4421  -0.5466   2.2118   0.8355   0.2693  -0.1035   0.4236  -0.0397   0.1000   0.1000   0.1000   0.0034   0.1000   0.1000  -0.1650  -0.2782   0.0335
2061   3.4689   3.4357  -0.5452   2.2019   0.8378   0.2702  -0.1029   0.4238  -0.0388   0.1000   0.1000   0.1000   0.0034   0.1000   0.1000  -0.1654  -0.2768   0.0336
2062   3.4619   3.4287  -0.5436   2.1918   0.8397   0.2712  -0.1023   0.4237  -0.0379   0.1000   0.1000   0.1000   0.0035   0.1000   0.1000  -0.1658  -0.2755   0.0336
2063   3.4544   3.4212  -0.5422   2.1816   0.8410   0.2721  -0.1017   0.4239  -0.0370   0.1000   0.1000   0.1000   0.0035   0.1000   0.1000  -0.1662  -0.2742   0.0337
2064   3.4460   3.4128  -0.5406   2.1713   0.8418   0.2730  -0.1012   0.4236  -0.0362   0.1000   0.1000   0.1000   0.0035   0.1000   0.1000  -0.1666  -0.2729   0.0337
2065   3.4350   3.4019  -0.5410   2.1609   0.8423   0.2739  -0.1012   0.4233  -0.0354   0.1000   0.1000   0.1000   0.0036   0.1000   0.1000  -0.1669  -0.2729   0.0338
2066   3.4259   3.3927  -0.5394   2.1503   0.8423   0.2748  -0.1006   0.4233  -0.0345   0.1000   0.1000   0.1000   0.0036   0.1000   0.1000  -0.1673  -0.2715   0.0338
2067   3.4154   3.3823  -0.5379   2.1396   0.8419   0.2757  -0.1000   0.4226  -0.0337   0.1000   0.1000   0.1000   0.0036   0.1000   0.1000  -0.1676  -0.2702   0.0337
2068   3.4044   3.3713  -0.5364   2.1288   0.8411   0.2766  -0.0994   0.4220  -0.0329   0.1000   0.1000   0.1000   0.0036   0.1000   0.1000  -0.1681  -0.2689   0.0337
2069   3.3929   3.3597  -0.5348   2.1178   0.8400   0.2774  -0.0988   0.4212  -0.0320   0.1000   0.1000   0.1000   0.0037   0.1000   0.1000  -0.1684  -0.2675   0.0337
2070   3.3813   3.3481  -0.5334   2.1066   0.8385   0.2783  -0.0983   0.4209  -0.0312   0.1000   0.1000   0.1000   0.0037   0.1000   0.1000  -0.1689  -0.2662   0.0336
2071   3.3681   3.3350  -0.5310   2.0952   0.8367   0.2791  -0.0977   0.4188  -0.0304   0.1000   0.1000   0.1000   0.0037   0.1000   0.1000  -0.1684  -0.2649   0.0335
2072   3.3569   3.3238  -0.5266   2.0838   0.8345   0.2800  -0.0965   0.4171  -0.0296   0.1000   0.1000   0.1000   0.0038   0.1000   0.1000  -0.1679  -0.2622   0.0334
2073   3.3409   3.3078  -0.5263   2.0721   0.8318   0.2808  -0.0965   0.4152  -0.0288   0.1000   0.1000   0.1000   0.0038   0.1000   0.1000  -0.1676  -0.2622   0.0333
2074   3.3265   3.2934  -0.5239   2.0603   0.8289   0.2817  -0.0959   0.4134  -0.0280   0.1000   0.1000   0.1000   0.0038   0.1000   0.1000  -0.1671  -0.2608   0.0332
2075   3.3114   3.2782  -0.5215   2.0484   0.8255   0.2825  -0.0954   0.4114  -0.0272   0.1000   0.1000   0.1000   0.0038   0.1000   0.1000  -0.1667  -0.2595   0.0331
2076   3.2939   3.2607  -0.5211   2.0362   0.8218   0.2833  -0.0954   0.4094  -0.0263   0.1000   0.1000   0.1000   0.0039   0.1000   0.1000  -0.1662  -0.2595   0.0329
2077   3.2772   3.2441  -0.5187   2.0239   0.8178   0.2841  -0.0948   0.4068  -0.0255   0.1000   0.1000   0.1000   0.0039   0.1000   0.1000  -0.1658  -0.2582   0.0328
2078   3.2604   3.2272  -0.5164   2.0113   0.8136   0.2850  -0.0942   0.4046  -0.0246   0.1000   0.1000   0.1000   0.0039   0.1000   0.1000  -0.1654  -0.2568   0.0326
2079   3.2413   3.2081  -0.5159   1.9986   0.8090   0.2858  -0.0942   0.4023  -0.0238   0.1000   0.1000   0.1000   0.0040   0.1000   0.1000  -0.1649  -0.2568   0.0324
2080   3.2252   3.1921  -0.5117   1.9857   0.8042   0.2865  -0.0930   0.3999  -0.0230   0.1000   0.1000   0.1000   0.0040   0.1000   0.1000  -0.1645  -0.2541   0.0322
2081   3.2050   3.1719  -0.5110   1.9725   0.7991   0.2873  -0.0930   0.3975  -0.0221   0.1000   0.1000   0.1000   0.0040   0.1000   0.1000  -0.1639  -0.2541   0.0320
2082   3.1835   3.1504  -0.5104   1.9591   0.7937   0.2881  -0.0930   0.3943  -0.0213   0.1000   0.1000   0.1000   0.0041   0.1000   0.1000  -0.1633  -0.2541   0.0318
2083   3.1643   3.1311  -0.5079   1.9455   0.7880   0.2889  -0.0924   0.3919  -0.0205   0.1000   0.1000   0.1000   0.0041   0.1000   0.1000  -0.1627  -0.2527   0.0316
2084   3.1421   3.1089  -0.5072   1.9315   0.7820   0.2897  -0.0924   0.3891  -0.0197   0.1000   0.1000   0.1000   0.0041   0.1000   0.1000  -0.1621  -0.2527   0.0313
2085   3.1219   3.0888  -0.5048   1.9173   0.7758   0.2905  -0.0919   0.3869  -0.0188   0.1000   0.1000   0.1000   0.0042   0.1000   0.1000  -0.1615  -0.2514   0.0311
2086   3.1005   3.0674  -0.5021   1.9029   0.7695   0.2913  -0.0913   0.3838  -0.0180   0.1000   0.1000   0.1000   0.0042   0.1000   0.1000  -0.1608  -0.2500   0.0308
2087   3.0764   3.0432  -0.5016   1.8882   0.7630   0.2921  -0.0913   0.3803  -0.0172   0.1000   0.1000   0.1000   0.0042   0.1000   0.1000  -0.1603  -0.2500   0.0305
2088   3.0549   3.0217  -0.4990   1.8732   0.7564   0.2929  -0.0907   0.3778  -0.0163   0.1000   0.1000   0.1000   0.0043   0.1000   0.1000  -0.1597  -0.2486   0.0303
2089   3.0302   2.9971  -0.4984   1.8580   0.7495   0.2937  -0.0907   0.3747  -0.0155   0.1000   0.1000   0.1000   0.0043   0.1000   0.1000  -0.1590  -0.2486   0.0300
2090   3.0069   2.9738  -0.4958   1.8425   0.7424   0.2945  -0.0901   0.3716  -0.0147   0.1000   0.1000   0.1000   0.0044   0.1000   0.1000  -0.1584  -0.2473   0.0297
2091   2.9832   2.9501  -0.4957   1.8268   0.7358   0.2953  -0.0901   0.3701  -0.0138   0.1000   0.1000   0.1000   0.0044   0.1000   0.1000  -0.1583  -0.2473   0.0294
2092   2.9625   2.9294  -0.4936   1.8108   0.7305   0.2961  -0.0895   0.3685  -0.0130   0.1000   0.1000   0.1000   0.0044   0.1000   0.1000  -0.1581  -0.2459   0.0292
2093   2.9425   2.9094  -0.4935   1.7946   0.7275   0.2969  -0.0895   0.3675  -0.0122   0.1000   0.1000   0.1000   0.0045   0.1000   0.1000  -0.1581  -0.2459   0.0291
2094   2.9281   2.8950  -0.4915   1.7781   0.7274   0.2977  -0.0890   0.3672  -0.0114   0.1000   0.1000   0.1000   0.0045   0.1000   0.1000  -0.1580  -0.2445   0.0291
2095   2.9165   2.8834  -0.4913   1.7616   0.7309   0.2985  -0.0890   0.3681  -0.0107   0.1000   0.1000   0.1000   0.0046   0.1000   0.1000  -0.1578  -0.2445   0.0293
2096   2.9125   2.8794  -0.4892   1.7449   0.7387   0.2993  -0.0884   0.3704  -0.0100   0.1000   0.1000   0.1000   0.0046   0.1000   0.1000  -0.1577  -0.2432   0.0296
2097   2.9122   2.8790  -0.4892   1.7281   0.7511   0.3001  -0.0884   0.3736  -0.0094   0.1000   0.1000   0.1000   0.0046   0.1000   0.1000  -0.1576  -0.2432   0.0301
2098   2.9198   2.8866  -0.4870   1.7114   0.7677   0.3009  -0.0878   0.3784  -0.0088   0.1000   0.1000   0.1000   0.0047   0.1000   0.1000  -0.1574  -0.2418   0.0307
2099   2.9278   2.8946  -0.4868   1.6947   0.7871   0.3017  -0.0878   0.3826  -0.0084   0.1000   0.1000   0.1000   0.0047   0.1000   0.1000  -0.1573  -0.2418   0.0315
2100   2.9425   2.9094  -0.4829   1.6780   0.8083   0.3024  -0.0866   0.3880  -0.0081   0.1000   0.1000   0.1000   0.0048   0.1000   0.1000  -0.1573  -0.2390   0.0324
2101   2.9544   2.9213  -0.4829   1.6617   0.8301   0.3032  -0.0866   0.3936  -0.0079   0.1000   0.1000   0.1000   0.0048   0.1000   0.1000  -0.1573  -0.2390   0.0333
2102   2.9663   2.9331  -0.4829   1.6460   0.8514   0.3040  -0.0866   0.3990  -0.0078   0.1000   0.1000   0.1000   0.0049   0.1000   0.1000  -0.1573  -0.2390   0.0341
2103   2.9770   2.9438  -0.4829   1.6308   0.8716   0.3047  -0.0866   0.4041  -0.0078   0.1000   0.1000   0.1000   0.0049   0.1000   0.1000  -0.1573  -0.2390   0.0349
2104   2.9857   2.9525  -0.4829   1.6161   0.8900   0.3055  -0.0866   0.4086  -0.0079   0.1000   0.1000   0.1000   0.0050   0.1000   0.1000  -0.1573  -0.2390   0.0357
2105   2.9914   2.9583  -0.4829   1.6018   0.9058   0.3063  -0.0866   0.4125  -0.0080   0.1000   0.1000   0.1000   0.0050   0.1000   0.1000  -0.1573  -0.2390   0.0363
2106   2.9938   2.9607  -0.4829   1.5878   0.9187   0.3070  -0.0866   0.4157  -0.0081   0.1000   0.1000   0.1000   0.0051   0.1000   0.1000  -0.1573  -0.2390   0.0368
2107   2.9934   2.9603  -0.4829   1.5741   0.9292   0.3077  -0.0866   0.4182  -0.0082   0.1000   0.1000   0.1000   0.0051   0.1000   0.1000  -0.1573  -0.2390   0.0373
2108   2.9914   2.9582  -0.4829   1.5607   0.9382   0.3085  -0.0866   0.4204  -0.0083   0.1000   0.1000   0.1000   0.0051   0.1000   0.1000  -0.1573  -0.2390   0.0376
2109   2.9888   2.9557  -0.4829   1.5474   0.9467   0.3092  -0.0866   0.4224  -0.0083   0.1000   0.1000   0.1000   0.0052   0.1000   0.1000  -0.1573  -0.2390   0.0380
2110   2.9865   2.9533  -0.4829   1.5343   0.9550   0.3099  -0.0866   0.4244  -0.0083   0.1000   0.1000   0.1000   0.0052   0.1000   0.1000  -0.1573  -0.2390   0.0383
2111   2.9849   2.9517  -0.4829   1.5215   0.9638   0.3106  -0.0866   0.4265  -0.0082   0.1000   0.1000   0.1000   0.0053   0.1000   0.1000  -0.1573  -0.2390   0.0387
2112   2.9840   2.9508  -0.4829   1.5088   0.9730   0.3113  -0.0866   0.4286  -0.0081   0.1000   0.1000   0.1000   0.0053   0.1000   0.1000  -0.1573  -0.2390   0.0391
2113   2.9832   2.9501  -0.4829   1.4962   0.9822   0.3120  -0.0866   0.4308  -0.0080   0.1000   0.1000   0.1000   0.0054   0.1000   0.1000  -0.1573  -0.2390   0.0394
2114   2.9824   2.9493  -0.4829   1.4839   0.9912   0.3127  -0.0866   0.4329  -0.0078   0.1000   0.1000   0.1000   0.0054   0.1000   0.1000  -0.1573  -0.2390   0.0398
2115   2.9817   2.9486  -0.4829   1.4717   1.0001   0.3134  -0.0866   0.4350  -0.0077   0.1000   0.1000   0.1000   0.0055   0.1000   0.1000  -0.1573  -0.2390   0.0402
2116   2.9810   2.9479  -0.4829   1.4597   1.0089   0.3140  -0.0866   0.4370  -0.0076   0.1000   0.1000   0.1000   0.0055   0.1000   0.1000  -0.1573  -0.2390   0.0405
2117   2.9803   2.9472  -0.4829   1.4478   1.0176   0.3147  -0.0866   0.4390  -0.0075   0.1000   0.1000   0.1000   0.0055   0.1000   0.1000  -0.1573  -0.2390   0.0409
2118   2.9796   2.9465  -0.4829   1.4361   1.0261   0.3154  -0.0866   0.4410  -0.0073   0.1000   0.1000   0.1000   0.0056   0.1000   0.1000  -0.1573  -0.2390   0.0412
2119   2.9789   2.9458  -0.4829   1.4246   1.0346   0.3160  -0.0866   0.4429  -0.0072   0.1000   0.1000   0.1000   0.0056   0.1000   0.1000  -0.1573  -0.2390   0.0416
2120   2.9783   2.9451  -0.4829   1.4132   1.0430   0.3167  -0.0866   0.4448  -0.0071   0.1000   0.1000   0.1000   0.0057   0.1000   0.1000  -0.1573  -0.2390   0.0419
2121   2.9776   2.9444  -0.4829   1.4019   1.0512   0.3173  -0.0866   0.4467  -0.0070   0.1000   0.1000   0.1000   0.0057   0.1000   0.1000  -0.1573  -0.2390   0.0422
2122   2.9769   2.9437  -0.4829   1.3908   1.0594   0.3179  -0.0866   0.4485  -0.0069   0.1000   0.1000   0.1000   0.0058   0.1000   0.1000  -0.1573  -0.2390   0.0426
2123   2.9762   2.9431  -0.4829   1.3797   1.0675   0.3186  -0.0866   0.4503  -0.0068   0.1000   0.1000   0.1000   0.0058   0.1000   0.1000  -0.1573  -0.2390   0.0429
2124   2.9755   2.9424  -0.4829   1.3688   1.0754   0.3192  -0.0866   0.4521  -0.0067   0.1000   0.1000   0.1000   0.0059   0.1000   0.1000  -0.1573  -0.2390   0.0432
2125   2.9748   2.9417  -0.4829   1.3581   1.0833   0.3198  -0.0866   0.4539  -0.0066   0.1000   0.1000   0.1000   0.0059   0.1000   0.1000  -0.1573  -0.2390   0.0435
2126   2.9741   2.9410  -0.4829   1.3474   1.0911   0.3204  -0.0866   0.4556  -0.0066   0.1000   0.1000   0.1000   0.0059   0.1000   0.1000  -0.1573  -0.2390   0.0439
2127   2.9735   2.9403  -0.4829   1.3369   1.0988   0.3210  -0.0866   0.4573  -0.0065   0.1000   0.1000   0.1000   0.0060   0.1000   0.1000  -0.1573  -0.2390   0.0442
2128   2.9728   2.9396  -0.4829   1.3264   1.1064   0.3216  -0.0866   0.4590  -0.0064   0.1000   0.1000   0.1000   0.0060   0.1000   0.1000  -0.1573  -0.2390   0.0445
2129   2.9721   2.9390  -0.4829   1.3161   1.1140   0.3222  -0.0866   0.4606  -0.0063   0.1000   0.1000   0.1000   0.0061   0.1000   0.1000  -0.1573  -0.2390   0.0448
2130   2.9714   2.9383  -0.4829   1.3058   1.1215   0.3228  -0.0866   0.4623  -0.0062   0.1000   0.1000   0.1000   0.0061   0.1000   0.1000  -0.1573  -0.2390   0.0451
2131   2.9707   2.9376  -0.4829   1.2957   1.1288   0.3234  -0.0866   0.4639  -0.0061   0.1000   0.1000   0.1000   0.0062   0.1000   0.1000  -0.1573  -0.2390   0.0454
2132   2.9701   2.9370  -0.4829   1.2856   1.1362   0.3240  -0.0866   0.4655  -0.0060   0.1000   0.1000   0.1000   0.0062   0.1000   0.1000  -0.1573  -0.2390   0.0457
2133   2.9694   2.9362  -0.4829   1.2756   1.1435   0.3246  -0.0866   0.4671  -0.0060   0.1000   0.1000   0.1000   0.0063   0.1000   0.1000  -0.1573  -0.2390   0.0460
2134   2.9687   2.9356  -0.4829   1.2658   1.1507   0.3251  -0.0866   0.4686  -0.0059   0.1000   0.1000   0.1000   0.0063   0.1000   0.1000  -0.1573  -0.2390   0.0463
2135   2.9680   2.9349  -0.4829   1.2560   1.1578   0.3257  -0.0866   0.4701  -0.0058   0.1000   0.1000   0.1000   0.0064   0.1000   0.1000  -0.1573  -0.2390   0.0466
2136   2.9674   2.9342  -0.4829   1.2463   1.1649   0.3262  -0.0866   0.4717  -0.0057   0.1000   0.1000   0.1000   0.0064   0.1000   0.1000  -0.1573  -0.2390   0.0469
2137   2.9667   2.9336  -0.4829   1.2366   1.1719   0.3268  -0.0866   0.4732  -0.0057   0.1000   0.1000   0.1000   0.0064   0.1000   0.1000  -0.1573  -0.2390   0.0471
2138   2.9660   2.9329  -0.4829   1.2271   1.1789   0.3273  -0.0866   0.4746  -0.0056   0.1000   0.1000   0.1000   0.0065   0.1000   0.1000  -0.1573  -0.2390   0.0474
2139   2.9654   2.9323  -0.4829   1.2176   1.1858   0.3279  -0.0866   0.4761  -0.0055   0.1000   0.1000   0.1000   0.0065   0.1000   0.1000  -0.1573  -0.2390   0.0477
2140   2.9647   2.9316  -0.4829   1.2082   1.1927   0.3284  -0.0866   0.4776  -0.0055   0.1000   0.1000   0.1000   0.0066   0.1000   0.1000  -0.1573  -0.2390   0.0480
2141   2.9641   2.9309  -0.4829   1.1989   1.1995   0.3290  -0.0866   0.4790  -0.0054   0.1000   0.1000   0.1000   0.0066   0.1000   0.1000  -0.1573  -0.2390   0.0483
2142   2.9634   2.9303  -0.4829   1.1896   1.2063   0.3295  -0.0866   0.4804  -0.0053   0.1000   0.1000   0.1000   0.0067   0.1000   0.1000  -0.1573  -0.2390   0.0485
2143   2.9628   2.9297  -0.4829   1.1804   1.2130   0.3300  -0.0866   0.4818  -0.0053   0.1000   0.1000   0.1000   0.0067   0.1000   0.1000  -0.1573  -0.2390   0.0488
2144   2.9621   2.9290  -0.4829   1.1713   1.2196   0.3305  -0.0866   0.4832  -0.0052   0.1000   0.1000   0.1000   0.0068   0.1000   0.1000  -0.1573  -0.2390   0.0491
2145   2.9615   2.9284  -0.4829   1.1622   1.2263   0.3310  -0.0866   0.4846  -0.0052   0.1000   0.1000   0.1000   0.0068   0.1000   0.1000  -0.1573  -0.2390   0.0494
2146   2.9609   2.9277  -0.4829   1.1532   1.2328   0.3315  -0.0866   0.4859  -0.0051   0.1000   0.1000   0.1000   0.0068   0.1000   0.1000  -0.1573  -0.2390   0.0496
2147   2.9602   2.9271  -0.4829   1.1443   1.2394   0.3320  -0.0866   0.4873  -0.0051   0.1000   0.1000   0.1000   0.0069   0.1000   0.1000  -0.1573  -0.2390   0.0499
2148   2.9592   2.9260  -0.4829   1.1354   1.2455   0.3325  -0.0866   0.4885  -0.0050   0.1000   0.1000   0.1000   0.0069   0.1000   0.1000  -0.1573  -0.2390   0.0502
2149   2.9577   2.9245  -0.4829   1.1265   1.2513   0.3330  -0.0866   0.4897  -0.0050   0.1000   0.1000   0.1000   0.0070   0.1000   0.1000  -0.1573  -0.2390   0.0504
2150   2.9557   2.9226  -0.4829   1.1178   1.2566   0.3335  -0.0866   0.4908  -0.0049   0.1000   0.1000   0.1000   0.0070   0.1000   0.1000  -0.1573  -0.2390   0.0506
2151   2.9534   2.9203  -0.4829   1.1090   1.2617   0.3340  -0.0866   0.4919  -0.0049   0.1000   0.1000   0.1000   0.0071   0.1000   0.1000  -0.1573  -0.2390   0.0508
2152   2.9507   2.9176  -0.4829   1.1003   1.2664   0.3345  -0.0866   0.4928  -0.0048   0.1000   0.1000   0.1000   0.0071   0.1000   0.1000  -0.1573  -0.2390   0.0510
2153   2.9477   2.9146  -0.4829   1.0916   1.2708   0.3350  -0.0866   0.4937  -0.0048   0.1000   0.1000   0.1000   0.0072   0.1000   0.1000  -0.1573  -0.2390   0.0512
2154   2.9443   2.9112  -0.4829   1.0830   1.2749   0.3354  -0.0866   0.4945  -0.0047   0.1000   0.1000   0.1000   0.0072   0.1000   0.1000  -0.1573  -0.2390   0.0514
2155   2.9407   2.9076  -0.4829   1.0744   1.2787   0.3359  -0.0866   0.4953  -0.0046   0.1000   0.1000   0.1000   0.0072   0.1000   0.1000  -0.1573  -0.2390   0.0515
2156   2.9368   2.9036  -0.4829   1.0658   1.2823   0.3364  -0.0866   0.4961  -0.0046   0.1000   0.1000   0.1000   0.0073   0.1000   0.1000  -0.1573  -0.2390   0.0517
2157   2.9326   2.8994  -0.4829   1.0572   1.2857   0.3368  -0.0866   0.4967  -0.0045   0.1000   0.1000   0.1000   0.0073   0.1000   0.1000  -0.1573  -0.2390   0.0518
2158   2.9281   2.8950  -0.4829   1.0487   1.2889   0.3373  -0.0866   0.4974  -0.0044   0.1000   0.1000   0.1000   0.0074   0.1000   0.1000  -0.1573  -0.2390   0.0519
2159   2.9235   2.8903  -0.4829   1.0402   1.2918   0.3377  -0.0866   0.4980  -0.0043   0.1000   0.1000   0.1000   0.0074   0.1000   0.1000  -0.1573  -0.2390   0.0520
2160   2.9186   2.8855  -0.4829   1.0316   1.2946   0.3382  -0.0866   0.4985  -0.0042   0.1000   0.1000   0.1000   0.0075   0.1000   0.1000  -0.1573  -0.2390   0.0522
2161   2.9135   2.8804  -0.4829   1.0232   1.2972   0.3386  -0.0866   0.4990  -0.0041   0.1000   0.1000   0.1000   0.0075   0.1000   0.1000  -0.1573  -0.2390   0.0523
2162   2.9082   2.8751  -0.4829   1.0147   1.2996   0.3390  -0.0866   0.4995  -0.0040   0.1000   0.1000   0.1000   0.0076   0.1000   0.1000  -0.1573  -0.2390   0.0524
2163   2.9028   2.8697  -0.4829   1.0062   1.3019   0.3395  -0.0866   0.5000  -0.0039   0.1000   0.1000   0.1000   0.0076   0.1000   0.1000  -0.1573  -0.2390   0.0525
2164   2.8972   2.8641  -0.4829   0.9978   1.3040   0.3399  -0.0866   0.5004  -0.0038   0.1000   0.1000   0.1000   0.0076   0.1000   0.1000  -0.1573  -0.2390   0.0525
2165   2.8914   2.8583  -0.4829   0.9893   1.3060   0.3403  -0.0866   0.5008  -0.0037   0.1000   0.1000   0.1000   0.0077   0.1000   0.1000  -0.1573  -0.2390   0.0526
2166   2.8855   2.8524  -0.4829   0.9809   1.3079   0.3408  -0.0866   0.5012  -0.0036   0.1000   0.1000   0.1000   0.0077   0.1000   0.1000  -0.1573  -0.2390   0.0527
2167   2.8795   2.8464  -0.4829   0.9725   1.3096   0.3412  -0.0866   0.5015  -0.0035   0.1000   0.1000   0.1000   0.0078   0.1000   0.1000  -0.1573  -0.2390   0.0528
2168   2.8733   2.8402  -0.4829   0.9641   1.3113   0.3416  -0.0866   0.5019  -0.0034   0.1000   0.1000   0.1000   0.0078   0.1000   0.1000  -0.1573  -0.2390   0.0528
2169   2.8671   2.8339  -0.4829   0.9557   1.3128   0.3420  -0.0866   0.5022  -0.0033   0.1000   0.1000   0.1000   0.0079   0.1000   0.1000  -0.1573  -0.2390   0.0529
2170   2.8607   2.8275  -0.4829   0.9473   1.3143   0.3424  -0.0866   0.5025  -0.0032   0.1000   0.1000   0.1000   0.0079   0.1000   0.1000  -0.1573  -0.2390   0.0530
2171   2.8542   2.8210  -0.4829   0.9389   1.3156   0.3428  -0.0866   0.5027  -0.0031   0.1000   0.1000   0.1000   0.0079   0.1000   0.1000  -0.1573  -0.2390   0.0530
2172   2.8476   2.8145  -0.4829   0.9306   1.3169   0.3432  -0.0866   0.5030  -0.0030   0.1000   0.1000   0.1000   0.0080   0.1000   0.1000  -0.1573  -0.2390   0.0531
2173   2.8409   2.8078  -0.4829   0.9222   1.3181   0.3436  -0.0866   0.5032  -0.0028   0.1000   0.1000   0.1000   0.0080   0.1000   0.1000  -0.1573  -0.2390   0.0531
2174   2.8342   2.8010  -0.4829   0.9139   1.3192   0.3440  -0.0866   0.5034  -0.0027   0.1000   0.1000   0.1000   0.0081   0.1000   0.1000  -0.1573  -0.2390   0.0532
2175   2.8273   2.7942  -0.4829   0.9056   1.3203   0.3444  -0.0866   0.5037  -0.0026   0.1000   0.1000   0.1000   0.0081   0.1000   0.1000  -0.1573  -0.2390   0.0532
2176   2.8204   2.7873  -0.4829   0.8972   1.3213   0.3447  -0.0866   0.5039  -0.0025   0.1000   0.1000   0.1000   0.0082   0.1000   0.1000  -0.1573  -0.2390   0.0532
2177   2.8135   2.7803  -0.4829   0.8889   1.3222   0.3451  -0.0866   0.5040  -0.0024   0.1000   0.1000   0.1000   0.0082   0.1000   0.1000  -0.1573  -0.2390   0.0533
2178   2.8064   2.7733  -0.4829   0.8806   1.3230   0.3455  -0.0866   0.5042  -0.0023   0.1000   0.1000   0.1000   0.0083   0.1000   0.1000  -0.1573  -0.2390   0.0533
2179   2.7993   2.7662  -0.4829   0.8724   1.3239   0.3459  -0.0866   0.5044  -0.0022   0.1000   0.1000   0.1000   0.0083   0.1000   0.1000  -0.1573  -0.2390   0.0534
2180   2.7922   2.7590  -0.4829   0.8641   1.3246   0.3462  -0.0866   0.5045  -0.0021   0.1000   0.1000   0.1000   0.0083   0.1000   0.1000  -0.1573  -0.2390   0.0534
2181   2.7850   2.7519  -0.4829   0.8558   1.3253   0.3466  -0.0866   0.5047  -0.0019   0.1000   0.1000   0.1000   0.0084   0.1000   0.1000  -0.1573  -0.2390   0.0534
2182   2.7778   2.7446  -0.4829   0.8476   1.3260   0.3470  -0.0866   0.5048  -0.0018   0.1000   0.1000   0.1000   0.0084   0.1000   0.1000  -0.1573  -0.2390   0.0534
2183   2.7705   2.7373  -0.4829   0.8393   1.3266   0.3473  -0.0866   0.5049  -0.0017   0.1000   0.1000   0.1000   0.0085   0.1000   0.1000  -0.1573  -0.2390   0.0535
2184   2.7632   2.7300  -0.4829   0.8311   1.3272   0.3477  -0.0866   0.5050  -0.0016   0.1000   0.1000   0.1000   0.0085   0.1000   0.1000  -0.1573  -0.2390   0.0535
2185   2.7558   2.7227  -0.4829   0.8229   1.3278   0.3480  -0.0866   0.5051  -0.0015   0.1000   0.1000   0.1000   0.0086   0.1000   0.1000  -0.1573  -0.2390   0.0535
2186   2.7484   2.7153  -0.4829   0.8147   1.3283   0.3484  -0.0866   0.5052  -0.0014   0.1000   0.1000   0.1000   0.0086   0.1000   0.1000  -0.1573  -0.2390   0.0535
2187   2.7410   2.7079  -0.4829   0.8065   1.3288   0.3487  -0.0866   0.5053  -0.0013   0.1000   0.1000   0.1000   0.0087   0.1000   0.1000  -0.1573  -0.2390   0.0536
2188   2.7335   2.7004  -0.4829   0.7983   1.3292   0.3491  -0.0866   0.5054  -0.0012   0.1000   0.1000   0.1000   0.0087   0.1000   0.1000  -0.1573  -0.2390   0.0536
2189   2.7261   2.6929  -0.4829   0.7901   1.3297   0.3494  -0.0866   0.5055  -0.0010   0.1000   0.1000   0.1000   0.0087   0.1000   0.1000  -0.1573  -0.2390   0.0536
2190   2.7186   2.6854  -0.4829   0.7820   1.3301   0.3497  -0.0866   0.5056  -0.0009   0.1000   0.1000   0.1000   0.0088   0.1000   0.1000  -0.1573  -0.2390   0.0536
2191   2.7111   2.6779  -0.4829   0.7738   1.3304   0.3501  -0.0866   0.5057  -0.0008   0.1000   0.1000   0.1000   0.0088   0.1000   0.1000  -0.1573  -0.2390   0.0536
2192   2.7035   2.6704  -0.4829   0.7657   1.3308   0.3504  -0.0866   0.5057  -0.0007   0.1000   0.1000   0.1000   0.0089   0.1000   0.1000  -0.1573  -0.2390   0.0536
2193   2.6960   2.6628  -0.4829   0.7576   1.3311   0.3507  -0.0866   0.5058  -0.0006   0.1000   0.1000   0.1000   0.0089   0.1000   0.1000  -0.1573  -0.2390   0.0537
2194   2.6884   2.6553  -0.4829   0.7495   1.3314   0.3511  -0.0866   0.5059  -0.0005   0.1000   0.1000   0.1000   0.0090   0.1000   0.1000  -0.1573  -0.2390   0.0537
2195   2.6808   2.6477  -0.4829   0.7414   1.3317   0.3514  -0.0866   0.5059  -0.0004   0.1000   0.1000   0.1000   0.0090   0.1000   0.1000  -0.1573  -0.2390   0.0537
2196   2.6733   2.6401  -0.4829   0.7333   1.3320   0.3517  -0.0866   0.5060  -0.0003   0.1000   0.1000   0.1000   0.0090   0.1000   0.1000  -0.1573  -0.2390   0.0537
2197   2.6657   2.6325  -0.4829   0.7252   1.3323   0.3520  -0.0866   0.5060  -0.0002   0.1000   0.1000   0.1000   0.0091   0.1000   0.1000  -0.1573  -0.2390   0.0537
2198   2.6580   2.6249  -0.4829   0.7171   1.3325   0.3523  -0.0866   0.5061  -0.0001   0.1000   0.1000   0.1000   0.0091   0.1000   0.1000  -0.1573  -0.2390   0.0537
2199   2.6504   2.6173  -0.4829   0.7091   1.3327   0.3526  -0.0866   0.5061   0.0000   0.1000   0.1000   0.1000   0.0092   0.1000   0.1000  -0.1573  -0.2390   0.0537
2200   2.6562   2.6231  -0.4829   0.7144   1.3329   0.3529  -0.0866   0.5062   0.0001   0.1000   0.1000   0.1000   0.0092   0.1000   0.1000  -0.1573  -0.2390   0.0537
2201   2.6743   2.6412  -0.4829   0.7321   1.3331   0.3532  -0.0866   0.5062   0.0002   0.1000   0.1000   0.1000   0.0093   0.1000   0.1000  -0.1573  -0.2390   0.0537
2202   2.6901   2.6569  -0.4829   0.7479   1.3330   0.3535  -0.0866   0.5062   0.0003   0.1000   0.1000   0.1000   0.0093   0.1000   0.1000  -0.1573  -0.2390   0.0537
2203   2.7037   2.6705  -0.4829   0.7621   1.3324   0.3538  -0.0866   0.5061   0.0004   0.1000   0.1000   0.1000   0.0094   0.1000   0.1000  -0.1573  -0.2390   0.0537
2204   2.7152   2.6821  -0.4829   0.7751   1.3311   0.3541  -0.0866   0.5058   0.0005   0.1000   0.1000   0.1000   0.0094   0.1000   0.1000  -0.1573  -0.2390   0.0537
2205   2.7242   2.6911  -0.4829   0.7870   1.3287   0.3544  -0.0866   0.5053   0.0006   0.1000   0.1000   0.1000   0.0094   0.1000   0.1000  -0.1573  -0.2390   0.0536
2206   2.7302   2.6971  -0.4829   0.7980   1.3245   0.3547  -0.0866   0.5045   0.0007   0.1000   0.1000   0.1000   0.0095   0.1000   0.1000  -0.1573  -0.2390   0.0534
2207   2.7326   2.6995  -0.4829   0.8082   1.3181   0.3550  -0.0866   0.5032   0.0008   0.1000   0.1000   0.1000   0.0095   0.1000   0.1000  -0.1573  -0.2390   0.0531
2208   2.7308   2.6977  -0.4829   0.8178   1.3088   0.3553  -0.0866   0.5014   0.0009   0.1000   0.1000   0.1000   0.0096   0.1000   0.1000  -0.1573  -0.2390   0.0527
2209   2.7250   2.6918  -0.4829   0.8266   1.2968   0.3556  -0.0866   0.4990   0.0011   0.1000   0.1000   0.1000   0.0096   0.1000   0.1000  -0.1573  -0.2390   0.0522
2210   2.7160   2.6829  -0.4829   0.8349   1.2828   0.3558  -0.0866   0.4961   0.0013   0.1000   0.1000   0.1000   0.0097   0.1000   0.1000  -0.1573  -0.2390   0.0517
2211   2.7049   2.6717  -0.4829   0.8426   1.2675   0.3561  -0.0866   0.4930   0.0015   0.1000   0.1000   0.1000   0.0097   0.1000   0.1000  -0.1573  -0.2390   0.0510
2212   2.6923   2.6592  -0.4829   0.8497   1.2515   0.3564  -0.0866   0.4898   0.0018   0.1000   0.1000   0.1000   0.0097   0.1000   0.1000  -0.1573  -0.2390   0.0504
2213   2.6793   2.6461  -0.4829   0.8563   1.2355   0.3567  -0.0866   0.4865   0.0021   0.1000   0.1000   0.1000   0.0098   0.1000   0.1000  -0.1573  -0.2390   0.0497
2214   2.6664   2.6333  -0.4829   0.8624   1.2200   0.3569  -0.0866   0.4833   0.0025   0.1000   0.1000   0.1000   0.0098   0.1000   0.1000  -0.1573  -0.2390   0.0491
2215   2.6546   2.6215  -0.4829   0.8681   1.2057   0.3572  -0.0866   0.4803   0.0030   0.1000   0.1000   0.1000   0.0099   0.1000   0.1000  -0.1573  -0.2390   0.0485
2216   2.6437   2.6106  -0.4829   0.8734   1.1925   0.3575  -0.0866   0.4775   0.0034   0.1000   0.1000   0.1000   0.0099   0.1000   0.1000  -0.1573  -0.2390   0.0480
2217   2.6329   2.5998  -0.4829   0.8783   1.1796   0.3577  -0.0866   0.4748   0.0039   0.1000   0.1000   0.1000   0.0100   0.1000   0.1000  -0.1573  -0.2390   0.0475
2218   2.6221   2.5890  -0.4829   0.8829   1.1671   0.3580  -0.0866   0.4721   0.0044   0.1000   0.1000   0.1000   0.0100   0.1000   0.1000  -0.1573  -0.2390   0.0469
2219   2.6122   2.5790  -0.4829   0.8872   1.1554   0.3582  -0.0866   0.4696   0.0048   0.1000   0.1000   0.1000   0.0101   0.1000   0.1000  -0.1573  -0.2390   0.0465
2220   2.6030   2.5698  -0.4829   0.8912   1.1447   0.3585  -0.0866   0.4673   0.0053   0.1000   0.1000   0.1000   0.0101   0.1000   0.1000  -0.1573  -0.2390   0.0460
2221   2.5945   2.5613  -0.4829   0.8950   1.1347   0.3587  -0.0866   0.4652   0.0057   0.1000   0.1000   0.1000   0.0101   0.1000   0.1000  -0.1573  -0.2390   0.0456
2222   2.5867   2.5535  -0.4829   0.8986   1.1254   0.3590  -0.0866   0.4631   0.0061   0.1000   0.1000   0.1000   0.0102   0.1000   0.1000  -0.1573  -0.2390   0.0452
2223   2.5794   2.5463  -0.4829   0.9020   1.1168   0.3592  -0.0866   0.4613   0.0065   0.1000   0.1000   0.1000   0.0102   0.1000   0.1000  -0.1573  -0.2390   0.0449
2224   2.5728   2.5396  -0.4829   0.9051   1.1088   0.3595  -0.0866   0.4595   0.0068   0.1000   0.1000   0.1000   0.0103   0.1000   0.1000  -0.1573  -0.2390   0.0446
2225   2.5666   2.5335  -0.4829   0.9082   1.1013   0.3597  -0.0866   0.4579   0.0072   0.1000   0.1000   0.1000   0.0103   0.1000   0.1000  -0.1573  -0.2390   0.0443
2226   2.5609   2.5277  -0.4829   0.9111   1.0943   0.3600  -0.0866   0.4563   0.0075   0.1000   0.1000   0.1000   0.0104   0.1000   0.1000  -0.1573  -0.2390   0.0440
2227   2.5556   2.5224  -0.4829   0.9138   1.0878   0.3602  -0.0866   0.4549   0.0078   0.1000   0.1000   0.1000   0.0104   0.1000   0.1000  -0.1573  -0.2390   0.0437
2228   2.5506   2.5175  -0.4829   0.9164   1.0817   0.3604  -0.0866   0.4535   0.0081   0.1000   0.1000   0.1000   0.0104   0.1000   0.1000  -0.1573  -0.2390   0.0435
2229   2.5460   2.5128  -0.4829   0.9190   1.0759   0.3607  -0.0866   0.4522   0.0084   0.1000   0.1000   0.1000   0.0105   0.1000   0.1000  -0.1573  -0.2390   0.0432
2230   2.5416   2.5085  -0.4829   0.9214   1.0705   0.3609  -0.0866   0.4510   0.0086   0.1000   0.1000   0.1000   0.0105   0.1000   0.1000  -0.1573  -0.2390   0.0430
2231   2.5375   2.5044  -0.4829   0.9237   1.0653   0.3611  -0.0866   0.4499   0.0089   0.1000   0.1000   0.1000   0.0106   0.1000   0.1000  -0.1573  -0.2390   0.0428
2232   2.5337   2.5005  -0.4829   0.9259   1.0604   0.3614  -0.0866   0.4488   0.0091   0.1000   0.1000   0.1000   0.0106   0.1000   0.1000  -0.1573  -0.2390   0.0426
2233   2.5300   2.4968  -0.4829   0.9281   1.0557   0.3616  -0.0866   0.4477   0.0093   0.1000   0.1000   0.1000   0.0107   0.1000   0.1000  -0.1573  -0.2390   0.0424
2234   2.5264   2.4933  -0.4829   0.9301   1.0512   0.3618  -0.0866   0.4467   0.0096   0.1000   0.1000   0.1000   0.0107   0.1000   0.1000  -0.1573  -0.2390   0.0422
2235   2.5230   2.4899  -0.4829   0.9321   1.0469   0.3620  -0.0866   0.4457   0.0098   0.1000   0.1000   0.1000   0.0107   0.1000   0.1000  -0.1573  -0.2390   0.0421
2236   2.5197   2.4866  -0.4829   0.9340   1.0427   0.3622  -0.0866   0.4448   0.0100   0.1000   0.1000   0.1000   0.0108   0.1000   0.1000  -0.1573  -0.2390   0.0419
2237   2.5165   2.4834  -0.4829   0.9359   1.0387   0.3625  -0.0866   0.4438   0.0102   0.1000   0.1000   0.1000   0.0108   0.1000   0.1000  -0.1573  -0.2390   0.0417
2238   2.5134   2.4802  -0.4829   0.9376   1.0347   0.3627  -0.0866   0.4429   0.0103   0.1000   0.1000   0.1000   0.0109   0.1000   0.1000  -0.1573  -0.2390   0.0416
2239   2.5093   2.4762  -0.4829   0.9394   1.0302   0.3629  -0.0866   0.4419   0.0105   0.1000   0.1000   0.1000   0.0109   0.1000   0.1000  -0.1573  -0.2390   0.0414
2240   2.5044   2.4713  -0.4829   0.9410   1.0249   0.3631  -0.0866   0.4407   0.0107   0.1000   0.1000   0.1000   0.0110   0.1000   0.1000  -0.1573  -0.2390   0.0412
2241   2.4995   2.4664  -0.4829   0.9426   1.0198   0.3633  -0.0866   0.4395   0.0109   0.1000   0.1000   0.1000   0.0110   0.1000   0.1000  -0.1573  -0.2390   0.0410
2242   2.4957   2.4625  -0.4829   0.9441   1.0155   0.3635  -0.0866   0.4385   0.0110   0.1000   0.1000   0.1000   0.0110   0.1000   0.1000  -0.1573  -0.2390   0.0408
2243   2.4928   2.4596  -0.4829   0.9456   1.0120   0.3637  -0.0866   0.4377   0.0112   0.1000   0.1000   0.1000   0.0111   0.1000   0.1000  -0.1573  -0.2390   0.0406
2244   2.4908   2.4576  -0.4829   0.9470   1.0093   0.3639  -0.0866   0.4371   0.0114   0.1000   0.1000   0.1000   0.0111   0.1000   0.1000  -0.1573  -0.2390   0.0405
2245   2.4906   2.4575  -0.4829   0.9483   1.0080   0.3641  -0.0866   0.4368   0.0116   0.1000   0.1000   0.1000   0.0112   0.1000   0.1000  -0.1573  -0.2390   0.0405
2246   2.4922   2.4590  -0.4829   0.9497   1.0081   0.3643  -0.0866   0.4368   0.0118   0.1000   0.1000   0.1000   0.0112   0.1000   0.1000  -0.1573  -0.2390   0.0405
2247   2.4944   2.4613  -0.4829   0.9511   1.0088   0.3645  -0.0866   0.4370   0.0119   0.1000   0.1000   0.1000   0.0113   0.1000   0.1000  -0.1573  -0.2390   0.0405
2248   2.4963   2.4631  -0.4829   0.9524   1.0091   0.3647  -0.0866   0.4371   0.0121   0.1000   0.1000   0.1000   0.0113   0.1000   0.1000  -0.1573  -0.2390   0.0405
2249   2.4968   2.4637  -0.4829   0.9538   1.0084   0.3649  -0.0866   0.4369   0.0122   0.1000   0.1000   0.1000   0.0113   0.1000   0.1000  -0.1573  -0.2390   0.0405
2250   2.4961   2.4630  -0.4829   0.9551   1.0068   0.3651  -0.0866   0.4365   0.0122   0.1000   0.1000   0.1000   0.0114   0.1000   0.1000  -0.1573  -0.2390   0.0404
2251   2.4943   2.4611  -0.4829   0.9565   1.0043   0.3653  -0.0866   0.4360   0.0123   0.1000   0.1000   0.1000   0.0114   0.1000   0.1000  -0.1573  -0.2390   0.0403
2252   2.4904   2.4572  -0.4829   0.9577   1.0003   0.3655  -0.0866   0.4350   0.0124   0.1000   0.1000   0.1000   0.0115   0.1000   0.1000  -0.1573  -0.2390   0.0402
2253   2.4846   2.4514  -0.4829   0.9590   0.9947   0.3657  -0.0866   0.4337   0.0124   0.1000   0.1000   0.1000   0.0115   0.1000   0.1000  -0.1573  -0.2390   0.0399
2254   2.4779   2.4447  -0.4829   0.9601   0.9886   0.3659  -0.0866   0.4323   0.0125   0.1000   0.1000   0.1000   0.0116   0.1000   0.1000  -0.1573  -0.2390   0.0397
2255   2.4704   2.4373  -0.4829   0.9611   0.9819   0.3660  -0.0866   0.4307   0.0126   0.1000   0.1000   0.1000   0.0116   0.1000   0.1000  -0.1573  -0.2390   0.0394
2256   2.4622   2.4290  -0.4829   0.9621   0.9746   0.3662  -0.0866   0.4290   0.0128   0.1000   0.1000   0.1000   0.0117   0.1000   0.1000  -0.1573  -0.2390   0.0391
2257   2.4532   2.4201  -0.4829   0.9630   0.9668   0.3664  -0.0866   0.4272   0.0130   0.1000   0.1000   0.1000   0.0117   0.1000   0.1000  -0.1573  -0.2390   0.0388
2258   2.4436   2.4104  -0.4829   0.9638   0.9586   0.3666  -0.0866   0.4252   0.0132   0.1000   0.1000   0.1000   0.0117   0.1000   0.1000  -0.1573  -0.2390   0.0385
2259   2.4333   2.4001  -0.4829   0.9644   0.9499   0.3668  -0.0866   0.4232   0.0134   0.1000   0.1000   0.1000   0.0118   0.1000   0.1000  -0.1573  -0.2390   0.0381
2260   2.4223   2.3892  -0.4829   0.9650   0.9408   0.3669  -0.0866   0.4210   0.0136   0.1000   0.1000   0.1000   0.0118   0.1000   0.1000  -0.1573  -0.2390   0.0377
2261   2.4119   2.3787  -0.4829   0.9655   0.9321   0.3671  -0.0866   0.4189   0.0139   0.1000   0.1000   0.1000   0.0119   0.1000   0.1000  -0.1573  -0.2390   0.0374
2262   2.4028   2.3697  -0.4829   0.9659   0.9246   0.3673  -0.0866   0.4171   0.0141   0.1000   0.1000   0.1000   0.0119   0.1000   0.1000  -0.1573  -0.2390   0.0371
2263   2.3951   2.3620  -0.4829   0.9663   0.9182   0.3674  -0.0866   0.4155   0.0144   0.1000   0.1000   0.1000   0.0120   0.1000   0.1000  -0.1573  -0.2390   0.0368
2264   2.3878   2.3546  -0.4829   0.9666   0.9121   0.3676  -0.0866   0.4140   0.0147   0.1000   0.1000   0.1000   0.0120   0.1000   0.1000  -0.1573  -0.2390   0.0366
2265   2.3796   2.3465  -0.4829   0.9669   0.9054   0.3678  -0.0866   0.4124   0.0149   0.1000   0.1000   0.1000   0.0120   0.1000   0.1000  -0.1573  -0.2390   0.0363
2266   2.3708   2.3377  -0.4829   0.9671   0.8983   0.3679  -0.0866   0.4107   0.0152   0.1000   0.1000   0.1000   0.0121   0.1000   0.1000  -0.1573  -0.2390   0.0360
2267   2.3623   2.3292  -0.4829   0.9673   0.8914   0.3681  -0.0866   0.4090   0.0154   0.1000   0.1000   0.1000   0.0121   0.1000   0.1000  -0.1573  -0.2390   0.0357
2268   2.3551   2.3220  -0.4829   0.9674   0.8857   0.3683  -0.0866   0.4076   0.0156   0.1000   0.1000   0.1000   0.0122   0.1000   0.1000  -0.1573  -0.2390   0.0355
2269   2.3492   2.3161  -0.4829   0.9675   0.8809   0.3684  -0.0866   0.4064   0.0159   0.1000   0.1000   0.1000   0.0122   0.1000   0.1000  -0.1573  -0.2390   0.0353
2270   2.3434   2.3103  -0.4829   0.9676   0.8763   0.3686  -0.0866   0.4052   0.0161   0.1000   0.1000   0.1000   0.0123   0.1000   0.1000  -0.1573  -0.2390   0.0351
2271   2.3377   2.3046  -0.4829   0.9676   0.8717   0.3688  -0.0866   0.4041   0.0163   0.1000   0.1000   0.1000   0.0123   0.1000   0.1000  -0.1573  -0.2390   0.0349
2272   2.3330   2.2999  -0.4829   0.9677   0.8679   0.3689  -0.0866   0.4032   0.0165   0.1000   0.1000   0.1000   0.0123   0.1000   0.1000  -0.1573  -0.2390   0.0348
2273   2.3293   2.2961  -0.4829   0.9678   0.8649   0.3691  -0.0866   0.4024   0.0167   0.1000   0.1000   0.1000   0.0124   0.1000   0.1000  -0.1573  -0.2390   0.0347
2274   2.3264   2.2933  -0.4829   0.9678   0.8626   0.3692  -0.0866   0.4018   0.0169   0.1000   0.1000   0.1000   0.0124   0.1000   0.1000  -0.1573  -0.2390   0.0346
2275   2.3243   2.2912  -0.4829   0.9679   0.8608   0.3694  -0.0866   0.4014   0.0170   0.1000   0.1000   0.1000   0.0125   0.1000   0.1000  -0.1573  -0.2390   0.0345
2276   2.3229   2.2898  -0.4829   0.9680   0.8597   0.3695  -0.0866   0.4011   0.0172   0.1000   0.1000   0.1000   0.0125   0.1000   0.1000  -0.1573  -0.2390   0.0345
2277   2.3222   2.2891  -0.4829   0.9681   0.8590   0.3697  -0.0866   0.4009   0.0173   0.1000   0.1000   0.1000   0.0126   0.1000   0.1000  -0.1573  -0.2390   0.0344
2278   2.3212   2.2881  -0.4829   0.9683   0.8581   0.3698  -0.0866   0.4007   0.0174   0.1000   0.1000   0.1000   0.0126   0.1000   0.1000  -0.1573  -0.2390   0.0344
2279   2.3202   2.2870  -0.4829   0.9684   0.8571   0.3700  -0.0866   0.4004   0.0175   0.1000   0.1000   0.1000   0.0126   0.1000   0.1000  -0.1573  -0.2390   0.0344
2280   2.3201   2.2870  -0.4829   0.9686   0.8569   0.3701  -0.0866   0.4004   0.0176   0.1000   0.1000   0.1000   0.0127   0.1000   0.1000  -0.1573  -0.2390   0.0343
2281   2.3210   2.2879  -0.4829   0.9688   0.8575   0.3703  -0.0866   0.4005   0.0177   0.1000   0.1000   0.1000   0.0127   0.1000   0.1000  -0.1573  -0.2390   0.0344
2282   2.3219   2.2888  -0.4829   0.9691   0.8579   0.3704  -0.0866   0.4007   0.0177   0.1000   0.1000   0.1000   0.0128   0.1000   0.1000  -0.1573  -0.2390   0.0344
2283   2.3218   2.2886  -0.4829   0.9693   0.8576   0.3705  -0.0866   0.4006   0.0178   0.1000   0.1000   0.1000   0.0128   0.1000   0.1000  -0.1573  -0.2390   0.0344
2284   2.3207   2.2876  -0.4829   0.9696   0.8566   0.3707  -0.0866   0.4003   0.0179   0.1000   0.1000   0.1000   0.0128   0.1000   0.1000  -0.1573  -0.2390   0.0343
2285   2.3199   2.2868  -0.4829   0.9699   0.8558   0.3708  -0.0866   0.4001   0.0179   0.1000   0.1000   0.1000   0.0129   0.1000   0.1000  -0.1573  -0.2390   0.0343
2286   2.3195   2.2863  -0.4829   0.9702   0.8552   0.3710  -0.0866   0.4000   0.0179   0.1000   0.1000   0.1000   0.0129   0.1000   0.1000  -0.1573  -0.2390   0.0343
2287   2.3193   2.2862  -0.4829   0.9705   0.8548   0.3711  -0.0866   0.3999   0.0180   0.1000   0.1000   0.1000   0.0130   0.1000   0.1000  -0.1573  -0.2390   0.0343
2288   2.3196   2.2865  -0.4829   0.9708   0.8548   0.3712  -0.0866   0.3999   0.0180   0.1000   0.1000   0.1000   0.0130   0.1000   0.1000  -0.1573  -0.2390   0.0343
2289   2.3194   2.2862  -0.4829   0.9711   0.8543   0.3714  -0.0866   0.3997   0.0181   0.1000   0.1000   0.1000   0.0131   0.1000   0.1000  -0.1573  -0.2390   0.0342
2290   2.3176   2.2844  -0.4829   0.9714   0.8527   0.3715  -0.0866   0.3993   0.0181   0.1000   0.1000   0.1000   0.0131   0.1000   0.1000  -0.1573  -0.2390   0.0342
2291   2.3134   2.2802  -0.4829   0.9717   0.8492   0.3716  -0.0866   0.3984   0.0182   0.1000   0.1000   0.1000   0.0131   0.1000   0.1000  -0.1573  -0.2390   0.0340
2292   2.3068   2.2736  -0.4829   0.9719   0.8439   0.3718  -0.0866   0.3971   0.0182   0.1000   0.1000   0.1000   0.0132   0.1000   0.1000  -0.1573  -0.2390   0.0338
2293   2.2991   2.2660  -0.4829   0.9721   0.8378   0.3719  -0.0866   0.3956   0.0183   0.1000   0.1000   0.1000   0.0132   0.1000   0.1000  -0.1573  -0.2390   0.0336
2294   2.2915   2.2583  -0.4829   0.9723   0.8317   0.3720  -0.0866   0.3940   0.0184   0.1000   0.1000   0.1000   0.0133   0.1000   0.1000  -0.1573  -0.2390   0.0333
2295   2.2850   2.2518  -0.4829   0.9723   0.8266   0.3721  -0.0866   0.3927   0.0185   0.1000   0.1000   0.1000   0.0133   0.1000   0.1000  -0.1573  -0.2390   0.0331
2296   2.2796   2.2465  -0.4829   0.9724   0.8224   0.3723  -0.0866   0.3916   0.0186   0.1000   0.1000   0.1000   0.0134   0.1000   0.1000  -0.1573  -0.2390   0.0329
2297   2.2748   2.2417  -0.4829   0.9724   0.8186   0.3724  -0.0866   0.3907   0.0188   0.1000   0.1000   0.1000   0.0134   0.1000   0.1000  -0.1573  -0.2390   0.0328
2298   2.2705   2.2373  -0.4829   0.9723   0.8151   0.3725  -0.0866   0.3898   0.0190   0.1000   0.1000   0.1000   0.0134   0.1000   0.1000  -0.1573  -0.2390   0.0327
2299   2.2668   2.2336  -0.4829   0.9723   0.8122   0.3726  -0.0866   0.3890   0.0192   0.1000   0.1000   0.1000   0.0135   0.1000   0.1000  -0.1573  -0.2390   0.0325
2300   2.2641   2.2310  -0.4829   0.9722   0.8101   0.3728  -0.0866   0.3885   0.0193   0.1000   0.1000   0.1000   0.0135   0.1000   0.1000  -0.1573  -0.2390   0.0325
