YEAR RADCO2 RADCH4 RADN2O RADHAL RADODS RADSF6 RADO3 RADSO2 RADCRBAER RADAERIND RADH2OSTR RADVOL RADSOL RADMIS RADTTL RADANTL RADANTO RADSOLL RADSOLO RADTTLL RADTTLO RADTTL TAL TSS GMT
1750   0.00000   0.00612   0.00895   0.00312   0.00000   0.00001   0.00000  -0.00176  -0.00865  -0.00611   0.00024  -0.00400   0.00000   0.00000  -0.00208  -0.00682   0.00549   0.00000   0.00000  -0.01082   0.00149  -0.00208   0.00000   0.00000   0.00000
1751   0.00253   0.00658   0.00898   0.00312   0.00000   0.00001   0.00000  -0.00177  -0.00872  -0.00614   0.00026  -0.00200  -0.03400   0.00000  -0.03116  -0.00397   0.00844  -0.03032  -0.03569  -0.03629  -0.02924  -0.03116  -0.00689  -0.00144  -0.00302
1752   0.00444   0.00702   0.00903   0.00312   0.00000   0.00001   0.00000  -0.00178  -0.00878  -0.00617   0.00028  -0.00100  -0.05500   0.00000  -0.04884  -0.00171   0.01078  -0.04905  -0.05773  -0.05176  -0.04794  -0.04884  -0.01329  -0.00445  -0.00701
1753   0.00610   0.00748   0.00908   0.00312   0.00000   0.00001   0.00000  -0.00179  -0.00885  -0.00621   0.00030  -0.00100  -0.05200   0.00000  -0.04377   0.00028   0.01288  -0.04637  -0.05458  -0.04709  -0.04270  -0.04377  -0.01576  -0.00703  -0.00956
1754   0.00761   0.00791   0.00913   0.00312   0.00000   0.00001   0.00000  -0.00180  -0.00891  -0.00624   0.00031  -0.00100  -0.06500   0.00000  -0.05486   0.00215   0.01482  -0.05797  -0.06822  -0.05682  -0.05440  -0.05486  -0.01968  -0.00917  -0.01222
1755   0.00900   0.00838   0.00919   0.00312   0.00000   0.00001   0.00000  -0.00180  -0.00897  -0.00627   0.00033  -0.00100  -0.07700   0.00000  -0.06501   0.00393   0.01668  -0.06867  -0.08082  -0.06574  -0.06513  -0.06501  -0.02394  -0.01169  -0.01524
1756   0.01034   0.00885   0.00925   0.00312   0.00000   0.00001   0.00000  -0.00181  -0.00904  -0.00630   0.00035  -0.00100  -0.07600   0.00000  -0.06224   0.00564   0.01849  -0.06778  -0.07977  -0.06314  -0.06228  -0.06224  -0.02600  -0.01385  -0.01737
1757   0.01174   0.00928   0.00932   0.00312   0.00000   0.00001   0.00000  -0.00183  -0.00912  -0.00635   0.00037  -0.00100  -0.06000   0.00000  -0.04446   0.00734   0.02030  -0.05351  -0.06298  -0.04717  -0.04368  -0.04446  -0.02426  -0.01456  -0.01737
1758   0.01326   0.00975   0.00939   0.00312   0.00000   0.00001   0.00000  -0.00184  -0.00918  -0.00638   0.00039  -0.00100  -0.05200   0.00000  -0.03449   0.00925   0.02229  -0.04637  -0.05458  -0.03813  -0.03329  -0.03449  -0.02208  -0.01402  -0.01636
1759   0.01492   0.01018   0.00945   0.00312   0.00000   0.00001   0.00000  -0.00185  -0.00925  -0.00642   0.00040  -0.00100  -0.04400   0.00000  -0.02444   0.01123   0.02437  -0.03924  -0.04618  -0.02901  -0.02281  -0.02444  -0.01930  -0.01294  -0.01478
1760   0.01675   0.01064   0.00952   0.00312   0.00000   0.00001   0.00000  -0.00186  -0.00931  -0.00645   0.00042  -0.00100  -0.02400   0.00000  -0.00216   0.01345   0.02668  -0.02140  -0.02519  -0.00895   0.00049  -0.00216  -0.01374  -0.01087  -0.01171
1761   0.01862   0.01106   0.00960   0.00312   0.00000   0.00001   0.00000  -0.00187  -0.00939  -0.00648   0.00044  -0.00100  -0.05900   0.00000  -0.03489   0.01564   0.02897  -0.05262  -0.06193  -0.03797  -0.03395  -0.03489  -0.01714  -0.01005  -0.01211
1762   0.02047   0.01148   0.00967   0.00312   0.00000   0.00001   0.00000  -0.00187  -0.00944  -0.00651   0.00045  -0.00100  -0.04200   0.00000  -0.01563   0.01785   0.03125  -0.03746  -0.04408  -0.02061  -0.01383  -0.01563  -0.01458  -0.01001  -0.01134
1763   0.02235   0.01195   0.00974   0.00312   0.00000   0.00001   0.00000  -0.00188  -0.00950  -0.00654   0.00047  -0.00100  -0.05600   0.00000  -0.02728   0.02014   0.03363  -0.04994  -0.05878  -0.03080  -0.02615  -0.02728  -0.01568  -0.00965  -0.01140
1764   0.02420   0.01237   0.00982   0.00312   0.00000   0.00001   0.00000  -0.00190  -0.00958  -0.00659   0.00049  -0.00100  -0.07700   0.00000  -0.04606   0.02229   0.03588  -0.06867  -0.08082  -0.04738  -0.04594  -0.04606  -0.01954  -0.01075  -0.01330
1765   0.02603   0.01279   0.00989   0.00312   0.00000   0.00001   0.00000  -0.00191  -0.00963  -0.00662   0.00051  -0.00100  -0.07800   0.00000  -0.04482   0.02447   0.03814  -0.06956  -0.08187  -0.04609  -0.04473  -0.04482  -0.02113  -0.01222  -0.01480
1766   0.02754   0.01320   0.00997   0.00312   0.00000   0.00001   0.00000  -0.00192  -0.00971  -0.00666   0.00052  -0.11200  -0.07900   0.00000  -0.15493   0.02629   0.04007  -0.07045  -0.08292  -0.15616  -0.15485  -0.15493  -0.04503  -0.01805  -0.02588
1767   0.02895   0.01362   0.01005   0.00312   0.00000   0.00001   0.00000  -0.00193  -0.00976  -0.00669   0.00054  -0.05800  -0.03600   0.00000  -0.05610   0.02806   0.04191  -0.03211  -0.03779  -0.06205  -0.05387  -0.05610  -0.03589  -0.02231  -0.02624
1768   0.03093   0.01408   0.01012   0.00312   0.00000   0.00001   0.00000  -0.00194  -0.00984  -0.00672   0.00056  -0.00900  -0.01200   0.00000   0.01932   0.03041   0.04437  -0.01070  -0.01260   0.01071   0.02277   0.01932  -0.01886  -0.01779  -0.01810
1769   0.03343   0.01450   0.01020   0.00312   0.00000   0.00001   0.00000  -0.00194  -0.00990  -0.00675   0.00057  -0.00200   0.00000   0.00000   0.04124   0.03328   0.04731   0.00000   0.00000   0.03128   0.04531   0.04124  -0.00713  -0.01087  -0.00979
1770   0.03627   0.01492   0.01028   0.00312   0.00000   0.00001   0.00000  -0.00195  -0.00997  -0.00679   0.00059  -0.00100   0.01900   0.00000   0.06447   0.03643   0.05057   0.01694   0.01994   0.05237   0.06951   0.06447   0.00386  -0.00432  -0.00195
1771   0.03928   0.01527   0.01036   0.00312   0.00000   0.00001   0.00000  -0.00204  -0.01009  -0.00709   0.00060  -0.00100   0.00200   0.00000   0.05042   0.03923   0.05358   0.00178   0.00210   0.04001   0.05468   0.05042   0.00767   0.00061   0.00266
1772   0.04226   0.01557   0.01043   0.00312   0.00000   0.00001   0.00000  -0.00206  -0.01022  -0.00714   0.00062  -0.00100  -0.02200   0.00000   0.02960   0.04228   0.05681  -0.01962  -0.02309   0.02166   0.03272   0.02960   0.00701   0.00266   0.00393
1773   0.04509   0.01592   0.01051   0.00312   0.00000   0.00001   0.00000  -0.00207  -0.01033  -0.00720   0.00063  -0.00100  -0.05300   0.00000   0.00166   0.04523   0.05992  -0.04727  -0.05563  -0.00303   0.00330   0.00166   0.00244   0.00222   0.00229
1774   0.04768   0.01628   0.01059   0.00312   0.00000   0.00001   0.00000  -0.00209  -0.01045  -0.00725   0.00064  -0.00100  -0.08800   0.00000  -0.03046   0.04800   0.06284  -0.07848  -0.09236  -0.03148  -0.03052  -0.03046  -0.00527  -0.00045  -0.00185
1775   0.05009   0.01663   0.01067   0.00312   0.00000   0.00001   0.00000  -0.00211  -0.01058  -0.00732   0.00066  -0.00100  -0.09500   0.00000  -0.03482   0.05051   0.06553  -0.08472  -0.09971  -0.03521  -0.03518  -0.03482  -0.00976  -0.00364  -0.00541
1776   0.05171   0.01693   0.01075   0.00312   0.00000   0.00001   0.00000  -0.00213  -0.01071  -0.00738   0.00067  -0.25200  -0.06800   0.00000  -0.25703   0.05217   0.06738  -0.06064  -0.07137  -0.26047  -0.25599  -0.25703  -0.05898  -0.01576  -0.02829
1777   0.05321   0.01728   0.01083   0.00312   0.00000   0.00001   0.00000  -0.00214  -0.01085  -0.00743   0.00068  -0.04100  -0.02200   0.00000   0.00172   0.05379   0.06918  -0.01962  -0.02309  -0.00683   0.00509   0.00172  -0.02772  -0.02189  -0.02358
1778   0.05582   0.01763   0.01091   0.00312   0.00000   0.00001   0.00000  -0.00216  -0.01096  -0.00749   0.00070  -0.00500   0.02100   0.00000   0.08357   0.05653   0.07208   0.01873   0.02204   0.07026   0.08912   0.08357  -0.00264  -0.01168  -0.00906
1779   0.05903   0.01794   0.01099   0.00312   0.00000   0.00001   0.00000  -0.00218  -0.01109  -0.00756   0.00071  -0.00200   0.00100   0.00000   0.06996   0.05979   0.07552   0.00089   0.00105   0.05869   0.07457   0.06996   0.00700  -0.00247   0.00027
1780   0.06245   0.01828   0.01107   0.00312   0.00000   0.00001   0.00000  -0.00220  -0.01122  -0.00762   0.00072  -0.00100   0.00100   0.00000   0.07460   0.06330   0.07922   0.00089   0.00105   0.06320   0.07927   0.07460   0.01442   0.00336   0.00657
1781   0.06586   0.01852   0.01115   0.00312   0.00000   0.00001   0.00000  -0.00227  -0.01132  -0.00789   0.00073  -0.00100  -0.04300   0.00000   0.03390   0.06648   0.08257  -0.03835  -0.04513   0.02713   0.03644   0.03390   0.01172   0.00595   0.00762
1782   0.06926   0.01876   0.01123   0.00312   0.00000   0.00001   0.00000  -0.00229  -0.01140  -0.00794   0.00074  -0.00100  -0.01300   0.00000   0.06749   0.06999   0.08619  -0.01159  -0.01364   0.05740   0.07154   0.06749   0.01816   0.00781   0.01081
1783   0.07120   0.01905   0.01131   0.00312   0.00000   0.00001   0.00000  -0.00230  -0.01147  -0.00797   0.00075  -0.44000  -0.05300   0.00000  -0.40930   0.07212   0.08843  -0.04727  -0.05563  -0.41514  -0.40720  -0.40930  -0.07649  -0.01036  -0.02954
1784   0.07132   0.01929   0.01139   0.00312   0.00000   0.00001   0.00000  -0.00231  -0.01155  -0.00802   0.00076  -0.38100  -0.06500   0.00000  -0.36200   0.07235   0.08876  -0.05797  -0.06822  -0.36662  -0.36047  -0.36200  -0.10625  -0.04050  -0.05956
1785   0.07220   0.01953   0.01147   0.00312   0.00000   0.00001   0.00000  -0.00232  -0.01164  -0.00805   0.00077  -0.05100  -0.04700   0.00000  -0.01293   0.07333   0.08987  -0.04192  -0.04933  -0.01958  -0.01046  -0.01293  -0.05545  -0.04348  -0.04695
1786   0.07470   0.01976   0.01155   0.00312   0.00000   0.00001   0.00000  -0.00234  -0.01172  -0.00810   0.00078  -0.00800  -0.02600   0.00000   0.05375   0.07594   0.09258  -0.02319  -0.02729   0.04475   0.05729   0.05375  -0.02616  -0.02886  -0.02808
1787   0.07806   0.02000   0.01163   0.00312   0.00000   0.00001   0.00000  -0.00235  -0.01181  -0.00815   0.00079  -0.00200  -0.01400   0.00000   0.07530   0.07939   0.09616  -0.01249  -0.01469   0.06490   0.07947   0.07530  -0.00736  -0.01615  -0.01360
1788   0.08010   0.02033   0.01171   0.00312   0.00000   0.00001   0.00000  -0.00236  -0.01189  -0.00820   0.00080  -0.54500   0.00700   0.00000  -0.44438   0.08164   0.09852   0.00624   0.00735  -0.45712  -0.43914  -0.44438  -0.10438  -0.02977  -0.05141
1789   0.08086   0.02053   0.01179   0.00312   0.00000   0.00001   0.00000  -0.00237  -0.01196  -0.00823   0.00081  -0.30700   0.01200   0.00000  -0.20045   0.08250   0.09948   0.01070   0.01260  -0.21380  -0.19493  -0.20045  -0.09253  -0.04985  -0.06223
1790   0.08268   0.02077   0.01188   0.00312   0.00000   0.00001   0.00000  -0.00239  -0.01206  -0.00828   0.00082  -0.06900  -0.02300   0.00000   0.00455   0.08440   0.10151  -0.02051  -0.02414  -0.00511   0.00837   0.00455  -0.05218  -0.04402  -0.04638
1791   0.08578   0.02116   0.01196   0.00312   0.00000   0.00001   0.00000  -0.00247  -0.01212  -0.00855   0.00084  -0.00800   0.01700   0.00000   0.10873   0.08748   0.10473   0.01516   0.01784   0.09464   0.11457   0.10873  -0.01618  -0.02765  -0.02433
1792   0.08950   0.02153   0.01204   0.00312   0.00000   0.00001   0.00000  -0.00247  -0.01217  -0.00858   0.00085  -0.00300  -0.02000   0.00000   0.08082   0.09151   0.10884  -0.01784  -0.02099   0.07068   0.08485   0.08082  -0.00310  -0.01389  -0.01076
1793   0.09331   0.02193   0.01213   0.00312   0.00000   0.00001   0.00000  -0.00248  -0.01223  -0.00862   0.00087  -0.00200  -0.01700   0.00000   0.08902   0.09566   0.11307  -0.01516  -0.01784   0.07850   0.09323   0.08902   0.00791  -0.00523  -0.00142
1794   0.09702   0.02235   0.01222   0.00312   0.00000   0.00001   0.00000  -0.00249  -0.01229  -0.00865   0.00088  -0.00100  -0.04200   0.00000   0.06916   0.09975   0.11723  -0.03746  -0.04408   0.06129   0.07215   0.06916   0.01172   0.00059   0.00382
1795   0.10054   0.02274   0.01230   0.00312   0.00000   0.00001   0.00000  -0.00250  -0.01232  -0.00868   0.00090  -0.00100  -0.04000   0.00000   0.07511   0.10366   0.12120  -0.03567  -0.04198   0.06698   0.07821   0.07511   0.01670   0.00448   0.00803
1796   0.10388   0.02311   0.01239   0.00312   0.00000   0.00001   0.00000  -0.00251  -0.01240  -0.00871   0.00091  -0.00100  -0.06100   0.00000   0.05780   0.10727   0.12492  -0.05440  -0.06403   0.05187   0.05989   0.05780   0.01714   0.00710   0.01001
1797   0.10707   0.02351   0.01248   0.00312   0.00000   0.00001   0.00000  -0.00259  -0.01246  -0.00898   0.00093  -0.00100  -0.06100   0.00000   0.06108   0.11046   0.12824  -0.05440  -0.06403   0.05506   0.06321   0.06108   0.01920   0.00871   0.01175
1798   0.11015   0.02392   0.01257   0.00312   0.00000   0.00001   0.00000  -0.00260  -0.01251  -0.00902   0.00095  -0.00100  -0.07400   0.00000   0.05159   0.11391   0.13177  -0.06599  -0.07767   0.04692   0.05310   0.05159   0.01914   0.00988   0.01257
1799   0.11314   0.02427   0.01267   0.00312   0.00000   0.00001   0.00000  -0.00261  -0.01259  -0.00905   0.00096  -0.00100  -0.07500   0.00000   0.05391   0.11716   0.13512  -0.06689  -0.07872   0.04928   0.05540   0.05391   0.02025   0.01067   0.01345
1800   0.11609   0.02469   0.01276   0.00312   0.00000   0.00001   0.00000  -0.00270  -0.01268  -0.00935   0.00098  -0.00100  -0.08000   0.00000   0.05191   0.12003   0.13817  -0.07134  -0.08397   0.04768   0.05321   0.05191   0.02083   0.01147   0.01418
1801   0.11910   0.02520   0.01286   0.00312   0.00000   0.00001   0.00000  -0.00271  -0.01276  -0.00938   0.00100  -0.00100  -0.07400   0.00000   0.06143   0.12347   0.14172  -0.06599  -0.07767   0.05647   0.06305   0.06143   0.02335   0.01256   0.01569
1802   0.12227   0.02574   0.01296   0.00312   0.00000   0.00001   0.00000  -0.00286  -0.01287  -0.00991   0.00102  -0.00100  -0.05600   0.00000   0.08246   0.12632   0.14483  -0.04994  -0.05878   0.07538   0.08506   0.08246   0.02885   0.01482   0.01889
1803   0.12558   0.02631   0.01306   0.00312   0.00000   0.00001   0.00000  -0.00281  -0.01299  -0.00974   0.00104  -0.00100  -0.07700   0.00000   0.06559   0.13037   0.14899  -0.06867  -0.08082   0.06070   0.06717   0.06559   0.02873   0.01665   0.02015
1804   0.12897   0.02685   0.01317   0.00312   0.00000   0.00001   0.00000  -0.00282  -0.01310  -0.00978   0.00106  -0.00100  -0.09100   0.00000   0.05547   0.13414   0.15291  -0.08115  -0.09551   0.05198   0.05640   0.05547   0.02754   0.01689   0.01998
1805   0.13252   0.02737   0.01327   0.00312   0.00000   0.00001   0.00000  -0.00284  -0.01322  -0.00985   0.00108  -0.00100  -0.08600   0.00000   0.06446   0.13802   0.15695  -0.07670  -0.09026   0.06032   0.06569   0.06446   0.02909   0.01723   0.02067
1806   0.13632   0.02792   0.01338   0.00312   0.00000   0.00001   0.00000  -0.00293  -0.01333  -0.01014   0.00110  -0.00100  -0.08900   0.00000   0.06545   0.14186   0.16100  -0.07937  -0.09341   0.06149   0.06659   0.06545   0.03019   0.01805   0.02157
1807   0.14039   0.02843   0.01349   0.00312   0.00000   0.00001   0.00000  -0.00294  -0.01344  -0.01020   0.00112  -0.00100  -0.11100   0.00000   0.04797   0.14626   0.16556  -0.09899  -0.11650   0.04627   0.04806   0.04797   0.02774   0.01798   0.02081
1808   0.14483   0.02905   0.01361   0.00312   0.00000   0.00001   0.00000  -0.00296  -0.01356  -0.01025   0.00115  -0.00100  -0.11800   0.00000   0.04600   0.15119   0.17064  -0.10523  -0.12385   0.04495   0.04579   0.04600   0.02655   0.01722   0.01992
1809   0.13649   0.02999   0.01372   0.00312   0.00000   0.00001   0.00000  -0.00298  -0.01367  -0.01031   0.00119  -4.07700  -0.12700   0.00000  -4.04645   0.14363   0.16324  -0.11326  -0.13330  -4.04663  -4.04706  -4.04645  -0.82174  -0.16455  -0.35514
1810   0.11705   0.03083   0.01383   0.00312   0.00000   0.00001   0.00000  -0.00300  -0.01380  -0.01038   0.00122  -2.28700  -0.12800   0.00000  -2.27612   0.12483   0.14463  -0.11415  -0.13435  -2.27632  -2.27672  -2.27612  -0.81778  -0.38187  -0.50828
1811   0.10609   0.03106   0.01394   0.00312   0.00000   0.00001   0.00000  -0.00308  -0.01388  -0.01065   0.00123  -0.50900  -0.12800   0.00000  -0.50916   0.11367   0.13363  -0.11415  -0.13435  -0.50948  -0.50972  -0.50916  -0.52909  -0.37849  -0.42217
1812   0.10426   0.03122   0.01405   0.00312   0.00000   0.00001   0.00000  -0.00309  -0.01396  -0.01070   0.00124  -0.45400  -0.12700   0.00000  -0.45484   0.11192   0.13198  -0.11326  -0.13330  -0.45534  -0.45532  -0.45484  -0.42558  -0.30949  -0.34315
1813   0.10636   0.03173   0.01417   0.00312   0.00000   0.00001   0.00000  -0.00310  -0.01403  -0.01074   0.00126  -0.41500  -0.11800   0.00000  -0.40425   0.11443   0.13460  -0.10523  -0.12385  -0.40580  -0.40425  -0.40425  -0.36190  -0.26527  -0.29329
1814   0.11137   0.03233   0.01428   0.00312   0.00000   0.00001   0.00000  -0.00312  -0.01413  -0.01079   0.00128  -0.09900  -0.11000   0.00000  -0.07465   0.11994   0.14024  -0.09810  -0.11546  -0.07716  -0.07422  -0.07465  -0.25796  -0.22074  -0.23153
1815   0.10571   0.03335   0.01439   0.00312   0.00000   0.00001   0.00000  -0.00320  -0.01420  -0.01106   0.00132  -4.09900  -0.10100   0.00000  -4.07057   0.11491   0.13536  -0.09007  -0.10601  -4.07416  -4.06964  -4.07057  -1.03409  -0.35414  -0.55133
1816   0.08461   0.03430   0.01450   0.00312   0.00000   0.00001   0.00000  -0.00328  -0.01430  -0.01135   0.00136  -4.04500  -0.10200   0.00000  -4.03804   0.09431   0.11495  -0.09096  -0.10706  -4.04165  -4.03711  -4.03804  -1.34725  -0.61127  -0.82471
1817   0.06944   0.03447   0.01461   0.00312   0.00000   0.00001   0.00000  -0.00336  -0.01437  -0.01164   0.00136  -0.95100  -0.09800   0.00000  -0.95536   0.07887   0.09967  -0.08740  -0.10286  -0.95953  -0.95419  -0.95536  -0.91041  -0.64859  -0.72452
1818   0.06912   0.03452   0.01472   0.00312   0.00000   0.00001   0.00000  -0.00337  -0.01445  -0.01167   0.00137  -0.08700  -0.09800   0.00000  -0.09164   0.07852   0.09942  -0.08740  -0.10286  -0.09588  -0.09044  -0.09164  -0.60052  -0.51511  -0.53988
1819   0.07648   0.03502   0.01483   0.00312   0.00000   0.00001   0.00000  -0.00339  -0.01454  -0.01172   0.00139  -0.01900  -0.10900   0.00000  -0.02681   0.08625   0.10729  -0.09721  -0.11441  -0.02995  -0.02612  -0.02681  -0.44061  -0.39481  -0.40809
1820   0.08626   0.03558   0.01494   0.00312   0.00000   0.00001   0.00000  -0.00340  -0.01462  -0.01177   0.00141  -0.00500  -0.11200   0.00000  -0.00548   0.09651   0.11765  -0.09988  -0.11755  -0.00837  -0.00490  -0.00548  -0.33969  -0.31168  -0.31980
1821   0.09632   0.03611   0.01505   0.00312   0.00000   0.00001   0.00000  -0.00342  -0.01473  -0.01183   0.00143  -0.00200  -0.11400   0.00000   0.00605   0.10693   0.12823  -0.10167  -0.11965   0.00327   0.00658   0.00605  -0.27048  -0.25204  -0.25739
1822   0.10528   0.03666   0.01516   0.00312   0.00000   0.00001   0.00000  -0.00350  -0.01485  -0.01212   0.00145  -0.12600  -0.11500   0.00000  -0.10979   0.11594   0.13745  -0.10256  -0.12070  -0.11262  -0.10925  -0.10979  -0.24589  -0.21318  -0.22267
1823   0.10931   0.03720   0.01528   0.00312   0.00000   0.00001   0.00000  -0.00359  -0.01496  -0.01242   0.00147  -1.19500  -0.09700   0.00000  -1.15659   0.11999   0.14171  -0.08651  -0.10181  -1.16151  -1.15510  -1.15659  -0.43732  -0.23479  -0.29352
1824   0.11036   0.03775   0.01539   0.00312   0.00000   0.00001   0.00000  -0.00361  -0.01507  -0.01247   0.00149  -0.44200  -0.09400   0.00000  -0.39902   0.12144   0.14332  -0.08383  -0.09866  -0.40439  -0.39734  -0.39902  -0.35216  -0.25694  -0.28455
1825   0.11363   0.03829   0.01551   0.00312   0.00000   0.00001   0.00000  -0.00369  -0.01517  -0.01277   0.00152  -0.06000  -0.07300   0.00000   0.00745   0.12478   0.14684  -0.06510  -0.07662  -0.00032   0.01022   0.00745  -0.24409  -0.22003  -0.22700
1826   0.11845   0.03883   0.01564   0.00312   0.00000   0.00001   0.00000  -0.00371  -0.01528  -0.01282   0.00154  -0.01000  -0.06200   0.00000   0.07377   0.13000   0.15221  -0.05529  -0.06507   0.06470   0.07714   0.07377  -0.17966  -0.17518  -0.17648
1827   0.12364   0.03938   0.01576   0.00312   0.00000   0.00001   0.00000  -0.00380  -0.01542  -0.01312   0.00156  -0.00300  -0.05000   0.00000   0.09813   0.13519   0.15764  -0.04459  -0.05248   0.08760   0.10216   0.09813  -0.13542  -0.14002  -0.13868
1828   0.12866   0.03992   0.01590   0.00312   0.00000   0.00001   0.00000  -0.00381  -0.01553  -0.01317   0.00158  -0.00200  -0.04800   0.00000   0.10667   0.14062   0.16323  -0.04281  -0.05038   0.09581   0.11085   0.10667  -0.10364  -0.11282  -0.11015
1829   0.13329   0.04047   0.01603   0.00312   0.00000   0.00001   0.00000  -0.00383  -0.01564  -0.01323   0.00160  -0.00100  -0.04700   0.00000   0.11382   0.14565   0.16842  -0.04192  -0.04933   0.10274   0.11809   0.11382  -0.07906  -0.09143  -0.08785
1830   0.13504   0.04100   0.01617   0.00312   0.00000   0.00001   0.00000  -0.00426  -0.01578  -0.01471   0.00162  -0.73600  -0.06300   0.00000  -0.63679   0.14568   0.16895  -0.05618  -0.06612  -0.64650  -0.63317  -0.63679  -0.21581  -0.10764  -0.13901
1831   0.13077   0.04152   0.01631   0.00312   0.00000   0.00001   0.00000  -0.00421  -0.01585  -0.01452   0.00164  -1.48500  -0.06400   0.00000  -1.39021   0.14223   0.16556  -0.05708  -0.06717  -1.39984  -1.38662  -1.39021  -0.42365  -0.18155  -0.25176
1832   0.12530   0.04208   0.01645   0.00312   0.00000   0.00001   0.00000  -0.00422  -0.01595  -0.01459   0.00167  -0.48800  -0.07800   0.00000  -0.41213   0.13721   0.16067  -0.06956  -0.08187  -0.42035  -0.40920  -0.41213  -0.31846  -0.21859  -0.24755
1833   0.12393   0.04265   0.01660   0.00312   0.00000   0.00001   0.00000  -0.00431  -0.01606  -0.01487   0.00169  -0.05700  -0.07500   0.00000   0.02075   0.13595   0.15962  -0.06689  -0.07872   0.01206   0.02390   0.02075  -0.20568  -0.18401  -0.19030
1834   0.12549   0.04316   0.01675   0.00312   0.00000   0.00001   0.00000  -0.00432  -0.01615  -0.01492   0.00171  -0.01000  -0.05200   0.00000   0.09284   0.13794   0.16174  -0.04637  -0.05458   0.08157   0.09716   0.09284  -0.14171  -0.14145  -0.14153
1835   0.12305   0.04362   0.01690   0.00312   0.00000   0.00001   0.00000  -0.00441  -0.01625  -0.01521   0.00173  -1.63400  -0.02700   0.00000  -1.50843   0.13554   0.15953  -0.02408  -0.02834  -1.52254  -1.50281  -1.50843  -0.43668  -0.18086  -0.25505
1836   0.11674   0.04417   0.01706   0.00312   0.00000   0.00001   0.00000  -0.00470  -0.01636  -0.01620   0.00175  -0.91600  -0.00500   0.00000  -0.77542   0.12829   0.15264  -0.00446  -0.00525  -0.79217  -0.76860  -0.77542  -0.40177  -0.24152  -0.28799
1837   0.11416   0.04481   0.01722   0.00312   0.00000   0.00001   0.00000  -0.00472  -0.01648  -0.01627   0.00177  -0.20500   0.02600   0.00000  -0.03537   0.12622   0.15074   0.02319   0.02729  -0.05559  -0.02697  -0.03537  -0.25718  -0.21822  -0.22952
1838   0.11582   0.04538   0.01738   0.00312   0.00000   0.00001   0.00000  -0.00481  -0.01659  -0.01657   0.00180  -0.01900   0.05200   0.00000   0.17854   0.12799   0.15272   0.04637   0.05458   0.15536   0.18829   0.17854  -0.15646  -0.16405  -0.16185
1839   0.11957   0.04589   0.01755   0.00312   0.00000   0.00001   0.00000  -0.00489  -0.01670  -0.01685   0.00182  -0.00500   0.03300   0.00000   0.17750   0.13180   0.15674   0.02943   0.03464   0.15623   0.18637   0.17750  -0.10278  -0.11945  -0.11461
1840   0.12393   0.04647   0.01772   0.00312   0.00000   0.00001   0.00000  -0.00505  -0.01682  -0.01739   0.00184  -0.00200   0.01300   0.00000   0.16483   0.13594   0.16114   0.01159   0.01364   0.14553   0.17278   0.16483  -0.06960  -0.08889  -0.08329
1841   0.12828   0.04714   0.01790   0.00312   0.00000   0.00001   0.00000  -0.00513  -0.01693  -0.01768   0.00187  -0.00100  -0.00900   0.00000   0.14857   0.14053   0.16594  -0.00803  -0.00945   0.13150   0.15549   0.14857  -0.04829  -0.06755  -0.06197
1842   0.13228   0.04783   0.01809   0.00312   0.00000   0.00001   0.00000  -0.00529  -0.01705  -0.01822   0.00189  -0.00100  -0.04300   0.00000   0.11867   0.14443   0.17011  -0.03835  -0.04513   0.10509   0.12398   0.11867  -0.03688  -0.05308  -0.04838
1843   0.13587   0.04856   0.01828   0.00312   0.00000   0.00001   0.00000  -0.00538  -0.01716  -0.01852   0.00192  -0.00100  -0.05600   0.00000   0.10970   0.14832   0.17421  -0.04994  -0.05878   0.09738   0.11443   0.10970  -0.02761  -0.04301  -0.03855
1844   0.13916   0.04924   0.01847   0.00312   0.00000   0.00001   0.00000  -0.00553  -0.01729  -0.01904   0.00195  -0.00100  -0.05600   0.00000   0.11308   0.15150   0.17767  -0.04994  -0.05878   0.10056   0.11790   0.11308  -0.01844  -0.03470  -0.02999
1845   0.14230   0.04994   0.01867   0.00312   0.00000   0.00001   0.00000  -0.00583  -0.01741  -0.02005   0.00198  -0.00100  -0.04300   0.00000   0.12872   0.15387   0.18042  -0.03835  -0.04513   0.11453   0.13429   0.12872  -0.00780  -0.02675  -0.02126
1846   0.14527   0.05060   0.01887   0.00312   0.00000   0.00001   0.00000  -0.00584  -0.01750  -0.02009   0.00200  -0.04900  -0.02300   0.00000   0.10442   0.15748   0.18416  -0.02051  -0.02414   0.08797   0.11102   0.10442  -0.00526  -0.02049  -0.01607
1847   0.14746   0.05131   0.01908   0.00312   0.00000   0.00001   0.00000  -0.00607  -0.01761  -0.02085   0.00203  -0.22800  -0.01300   0.00000  -0.06253   0.15930   0.18630  -0.01159  -0.01364  -0.08029  -0.05534  -0.06253  -0.03567  -0.02350  -0.02703
1848   0.14952   0.05199   0.01929   0.00312   0.00000   0.00001   0.00000  -0.00615  -0.01771  -0.02115   0.00206  -0.02000  -0.01200   0.00000   0.14896   0.16166   0.18885  -0.01070  -0.01260   0.13096   0.15625   0.14896  -0.00251  -0.02216  -0.01646
1849   0.15231   0.05276   0.01950   0.00312   0.00000   0.00001   0.00000  -0.00638  -0.01782  -0.02190   0.00209  -0.00300   0.00100   0.00000   0.18168   0.16415   0.19165   0.00089   0.00105   0.16204   0.18970   0.18168   0.01699  -0.01006  -0.00221
1850   0.15545   0.05330   0.01973   0.00312   0.00000   0.00001   0.00000  -0.00677  -0.01845  -0.02324   0.00211  -0.00200   0.01300   0.00000   0.19625   0.16494   0.19355   0.01159   0.01364   0.17454   0.20519   0.19625   0.03136   0.00066   0.00956
1851   0.15868   0.05372   0.01995   0.00312   0.00000   0.00001   0.00100  -0.00678  -0.01852  -0.02327   0.00213  -0.00100  -0.01000   0.00000   0.17903   0.16995   0.19822  -0.00892  -0.01050   0.16003   0.18673   0.17903   0.03801   0.00856   0.01710
1852   0.16167   0.05465   0.02018   0.00312   0.00000   0.00001   0.00200  -0.00706  -0.01890  -0.02421   0.00216  -0.00100  -0.01900   0.00000   0.17361   0.17336   0.20189  -0.01694  -0.01994   0.15541   0.18094   0.17361   0.04294   0.01385   0.02229
1853   0.16445   0.05538   0.02042   0.00312   0.00000   0.00001   0.00400  -0.00722  -0.01900  -0.02473   0.00219  -0.00400  -0.02800   0.00000   0.16663   0.17882   0.20672  -0.02497  -0.02939   0.14985   0.17333   0.16663   0.04623   0.01782   0.02606
1854   0.16653   0.05638   0.02066   0.00312   0.00000   0.00001   0.00500  -0.00793  -0.01913  -0.02714   0.00223  -0.20600  -0.03800   0.00000  -0.04427   0.17972   0.20790  -0.03389  -0.03988  -0.06017  -0.03798  -0.04427   0.00601   0.01169   0.01004
1855   0.16825   0.05699   0.02090   0.00312   0.00000   0.00001   0.00600  -0.00809  -0.01923  -0.02765   0.00226  -0.04400  -0.04900   0.00000   0.10956   0.18269   0.21067  -0.04370  -0.05143   0.09499   0.11524   0.10956   0.02249   0.00619   0.01092
1856   0.17038   0.05761   0.02115   0.00312   0.00000   0.00001   0.00700  -0.00846  -0.01938  -0.02890   0.00228  -0.04200  -0.05000   0.00000   0.11281   0.18491   0.21294  -0.04459  -0.05248   0.09832   0.11846   0.11281   0.02753   0.00963   0.01482
1857   0.17243   0.05860   0.02141   0.00312   0.00000   0.00001   0.00800  -0.00855  -0.01953  -0.02921   0.00232  -0.12000  -0.03900   0.00000   0.04959   0.18881   0.21667  -0.03478  -0.04093   0.03403   0.05574   0.04959   0.01734   0.00942   0.01172
1858   0.17463   0.05934   0.02167   0.00312   0.00000   0.00001   0.00900  -0.00865  -0.01968  -0.02953   0.00235  -0.01700  -0.02700   0.00000   0.16826   0.19260   0.22029  -0.02408  -0.02834   0.15152   0.17495   0.16826   0.03843   0.01218   0.01979
1859   0.17732   0.06025   0.02194   0.00312   0.00000   0.00001   0.01100  -0.00902  -0.01983  -0.03078   0.00239  -0.00300  -0.02100   0.00000   0.19239   0.19701   0.22430  -0.01873  -0.02204   0.17528   0.19926   0.19239   0.05216   0.02045   0.02965
1860   0.18029   0.06104   0.02221   0.00312   0.00000   0.00001   0.01200  -0.00961  -0.02000  -0.03273   0.00242  -0.00200  -0.00700   0.00000   0.20973   0.19919   0.22672  -0.00624  -0.00735   0.19095   0.21737   0.20973   0.06349   0.02810   0.03836
1861   0.18341   0.06193   0.02248   0.00312   0.00000   0.00001   0.01300  -0.00992  -0.02019  -0.03377   0.00245  -0.00100   0.00400   0.00000   0.22552   0.20294   0.23051   0.00357   0.00420   0.20551   0.23371   0.22552   0.07382   0.03520   0.04640
1862   0.18663   0.06270   0.02277   0.00312   0.00000   0.00001   0.01400  -0.00995  -0.02004  -0.03387   0.00248  -0.00100  -0.00200   0.00000   0.22484   0.20869   0.23566  -0.00178  -0.00210   0.20591   0.23256   0.22484   0.08066   0.04123   0.05266
1863   0.18986   0.06363   0.02305   0.00312   0.00000   0.00001   0.01500  -0.01046  -0.02019  -0.03557   0.00252  -0.00100  -0.01700   0.00000   0.21296   0.21170   0.23883  -0.01516  -0.01784   0.19554   0.21998   0.21296   0.08357   0.04537   0.05645
1864   0.19296   0.06434   0.02335   0.00312   0.00000   0.00001   0.01700  -0.01112  -0.02035  -0.03774   0.00255  -0.00100  -0.03100   0.00000   0.20211   0.21498   0.24193  -0.02765  -0.03254   0.18633   0.20839   0.20211   0.08465   0.04782   0.05850
1865   0.19591   0.06539   0.02365   0.00312   0.00000   0.00001   0.01800  -0.01163  -0.02050  -0.03944   0.00259  -0.00100  -0.03800   0.00000   0.19809   0.21784   0.24495  -0.03389  -0.03988   0.18295   0.20406   0.19809   0.08569   0.04944   0.05995
1866   0.19876   0.06648   0.02395   0.00312   0.00000   0.00001   0.01900  -0.01187  -0.02063  -0.04021   0.00263  -0.00100  -0.04400   0.00000   0.19625   0.22206   0.24908  -0.03924  -0.04618   0.18182   0.20190   0.19625   0.08687   0.05080   0.06126
1867   0.20165   0.06712   0.02426   0.00312   0.00000   0.00001   0.02000  -0.01245  -0.02078  -0.04212   0.00266  -0.00100  -0.04500   0.00000   0.19747   0.22414   0.25136  -0.04013  -0.04723   0.18301   0.20313   0.19747   0.08843   0.05216   0.06267
1868   0.20470   0.06812   0.02458   0.00312   0.00000   0.00001   0.02100  -0.01275  -0.02091  -0.04311   0.00270  -0.00100  -0.03500   0.00000   0.21144   0.22814   0.25533  -0.03121  -0.03674   0.19593   0.21759   0.21144   0.09258   0.05415   0.06529
1869   0.20796   0.06877   0.02490   0.00312   0.00000   0.00001   0.02200  -0.01334  -0.02107  -0.04503   0.00272  -0.00100  -0.01900   0.00000   0.23004   0.23059   0.25799  -0.01694  -0.01994   0.21265   0.23705   0.23004   0.09871   0.05728   0.06930
1870   0.21148   0.06984   0.02522   0.00312   0.00000   0.00001   0.02400  -0.01371  -0.02120  -0.04626   0.00277  -0.00100  -0.00800   0.00000   0.24626   0.23610   0.26309  -0.00713  -0.00840   0.22797   0.25369   0.24626   0.10564   0.06127   0.07413
1871   0.21536   0.07091   0.02556   0.00312   0.00000   0.00001   0.02500  -0.01447  -0.02146  -0.04871   0.00281  -0.00100   0.02200   0.00000   0.27912   0.23861   0.26608   0.01962   0.02309   0.25723   0.28817   0.27912   0.11610   0.06649   0.08088
1872   0.21981   0.07156   0.02590   0.00312   0.00000   0.00001   0.02600  -0.01578  -0.02207  -0.05298   0.00283  -0.00100   0.02000   0.00000   0.27740   0.23794   0.26676   0.01784   0.02099   0.25477   0.28675   0.27740   0.12176   0.07175   0.08625
1873   0.22478   0.07256   0.02624   0.00312   0.00000   0.00001   0.02700  -0.01653  -0.02230  -0.05538   0.00287  -0.00100   0.02200   0.00000   0.28337   0.24160   0.27085   0.01962   0.02309   0.26022   0.29294   0.28337   0.12725   0.07596   0.09083
1874   0.23002   0.07321   0.02659   0.00312   0.00000   0.00001   0.02800  -0.01584  -0.02241  -0.05316   0.00290  -0.00100   0.00100   0.00000   0.27243   0.25225   0.28067   0.00089   0.00105   0.25214   0.28072   0.27243   0.12942   0.07906   0.09366
1875   0.23549   0.07428   0.02695   0.00312   0.00000   0.00001   0.03000  -0.01687  -0.02264  -0.05647   0.00294  -0.00100  -0.01700   0.00000   0.25881   0.25648   0.28511  -0.01516  -0.01784   0.24032   0.26627   0.25881   0.12910   0.08058   0.09465
1876   0.24123   0.07534   0.02731   0.00312   0.00000   0.00001   0.03100  -0.01711  -0.02281  -0.05726   0.00298  -0.00100  -0.04000   0.00000   0.24280   0.26350   0.29210  -0.03567  -0.04198   0.22682   0.24912   0.24280   0.12701   0.08077   0.09418
1877   0.24719   0.07601   0.02768   0.00312   0.00000   0.00001   0.03200  -0.01736  -0.02300  -0.05804   0.00301  -0.00100  -0.05600   0.00000   0.23363   0.27032   0.29892  -0.04994  -0.05878   0.21938   0.23914   0.23363   0.12502   0.08022   0.09321
1878   0.25341   0.07698   0.02806   0.00312   0.00000   0.00001   0.03300  -0.01752  -0.02317  -0.05857   0.00305  -0.00100  -0.06300   0.00000   0.23434   0.27811   0.30661  -0.05618  -0.06612   0.22092   0.23949   0.23434   0.12465   0.07982   0.09282
1879   0.25994   0.07765   0.02844   0.00312   0.00000   0.00001   0.03400  -0.01856  -0.02338  -0.06189   0.00308  -0.00100  -0.06400   0.00000   0.23741   0.28172   0.31086  -0.05708  -0.06717   0.22364   0.24268   0.23741   0.12518   0.07998   0.09308
1880   0.26689   0.07866   0.02882   0.00312   0.00000   0.00001   0.03500  -0.02047  -0.02364  -0.06796   0.00312  -0.00100  -0.07000   0.00000   0.23255   0.28188   0.31240  -0.06243  -0.07347   0.21845   0.23792   0.23255   0.12459   0.08021   0.09308
1881   0.27452   0.07981   0.02921   0.00312   0.00000   0.00001   0.03700  -0.02104  -0.02399  -0.06973   0.00316  -0.00100  -0.05300   0.00000   0.25807   0.29041   0.32092  -0.04727  -0.05563   0.24214   0.26429   0.25807   0.12965   0.08149   0.09546
1882   0.28223   0.08090   0.02960   0.00312   0.00000   0.00001   0.03800  -0.02196  -0.02393  -0.07264   0.00320  -0.00100  -0.05700   0.00000   0.26053   0.29672   0.32744  -0.05083  -0.05983   0.24489   0.26661   0.26053   0.13274   0.08374   0.09795
1883   0.28726   0.08232   0.03000   0.00312   0.00000   0.00001   0.03900  -0.02316  -0.02416  -0.07638   0.00326  -0.73100  -0.06500   0.00000  -0.47474   0.29890   0.33040  -0.05797  -0.06822  -0.49007  -0.46883  -0.47474  -0.01749   0.05297   0.03254
1884   0.28489   0.08345   0.03039   0.00312   0.00000   0.00001   0.04000  -0.02340  -0.02433  -0.07714   0.00331  -2.10800  -0.04400   0.00000  -1.83170   0.29796   0.32943  -0.03924  -0.04618  -1.84928  -1.82475  -1.83170  -0.36251  -0.05875  -0.14684
1885   0.28062   0.08409   0.03079   0.00312   0.00000   0.00001   0.04100  -0.02364  -0.02448  -0.07789   0.00333  -0.70600  -0.04200   0.00000  -0.43106   0.29464   0.32605  -0.03746  -0.04408  -0.44881  -0.42403  -0.43106  -0.23328  -0.12982  -0.15982
1886   0.28224   0.08475   0.03118   0.00312   0.00000   0.00001   0.04200  -0.02396  -0.02465  -0.07889   0.00336  -0.13400  -0.04300   0.00000   0.14215   0.29683   0.32826  -0.03835  -0.04513   0.12448   0.14913   0.14215  -0.09660  -0.09608  -0.09623
1887   0.28764   0.08581   0.03158   0.00312   0.00000   0.00001   0.04400  -0.02494  -0.02484  -0.08192   0.00340  -0.01400  -0.05100   0.00000   0.25885   0.30144   0.33300  -0.04548  -0.05353   0.24196   0.26547   0.25885  -0.01753  -0.04891  -0.03981
1888   0.29440   0.08690   0.03198   0.00312   0.00000   0.00001   0.04500  -0.02733  -0.02509  -0.08927   0.00344  -0.00400  -0.05500   0.00000   0.26416   0.29953   0.33281  -0.04905  -0.05773   0.24648   0.27109   0.26416   0.02556  -0.01399  -0.00252
1889   0.30132   0.08799   0.03238   0.00312   0.00000   0.00001   0.04600  -0.02734  -0.02522  -0.08932   0.00349  -0.00200  -0.05500   0.00000   0.27542   0.30896   0.34199  -0.04905  -0.05773   0.25791   0.28227   0.27542   0.05540   0.01036   0.02342
1890   0.30608   0.08898   0.03278   0.00312   0.00000   0.00001   0.04700  -0.02994  -0.02285  -0.09723   0.00353  -0.63200  -0.04300   0.00000  -0.34352   0.30904   0.34065  -0.03835  -0.04513  -0.36131  -0.33649  -0.34352  -0.05291   0.00076  -0.01481
1891   0.30885   0.09019   0.03319   0.00312   0.00000   0.00001   0.04800  -0.03129  -0.02321  -0.10131   0.00357  -0.40800  -0.03100   0.00000  -0.10788   0.30792   0.34060  -0.02765  -0.03254  -0.12772  -0.09994  -0.10788  -0.04482  -0.02031  -0.02742
1892   0.31250   0.09171   0.03361   0.00312   0.00000   0.00001   0.05000  -0.03265  -0.02355  -0.10537   0.00363  -0.11400  -0.02300   0.00000   0.19601   0.30938   0.34266  -0.02051  -0.02414   0.17486   0.20452   0.19601   0.01428  -0.01041  -0.00325
1893   0.31734   0.09288   0.03403   0.00312   0.00000   0.00001   0.05100  -0.03401  -0.02391  -0.10942   0.00368  -0.01200  -0.00100   0.00000   0.32171   0.31032   0.34468  -0.00089  -0.00105   0.29743   0.33163   0.32171   0.06363   0.01418   0.02852
1894   0.32284   0.09388   0.03446   0.00312   0.00000   0.00001   0.05200  -0.03536  -0.02427  -0.11343   0.00372  -0.00400   0.02900   0.00000   0.36196   0.31181   0.34723   0.02586   0.03044   0.33367   0.37367   0.36196   0.09731   0.03778   0.05505
1895   0.32863   0.09504   0.03489   0.00312   0.00000   0.00001   0.05300  -0.03671  -0.02461  -0.11742   0.00377  -0.00200   0.03200   0.00000   0.36970   0.31381   0.35028   0.02854   0.03359   0.34035   0.38186   0.36970   0.11974   0.05642   0.07479
1896   0.33438   0.09659   0.03534   0.00312   0.00000   0.00001   0.05400  -0.03807  -0.02497  -0.12139   0.00383  -0.00100   0.02100   0.00000   0.36283   0.31618   0.35372   0.01873   0.02204   0.33391   0.37476   0.36283   0.13400   0.07013   0.08865
1897   0.33994   0.09768   0.03579   0.00312   0.00000   0.00001   0.05500  -0.03942  -0.02533  -0.12533   0.00387  -0.00100  -0.01000   0.00000   0.33432   0.31791   0.35652  -0.00892  -0.01050   0.30799   0.34502   0.33432   0.13959   0.07904   0.09660
1898   0.34539   0.09881   0.03624   0.00312   0.00000   0.00001   0.05700  -0.04078  -0.02567  -0.12925   0.00392  -0.00100  -0.02400   0.00000   0.32378   0.32094   0.36016  -0.02140  -0.02519   0.29854   0.33397   0.32378   0.14378   0.08459   0.10175
1899   0.35099   0.10031   0.03671   0.00312   0.00000   0.00001   0.05800  -0.04213  -0.02603  -0.13315   0.00398  -0.00100  -0.02800   0.00000   0.32280   0.32320   0.36348  -0.02497  -0.02939   0.29723   0.33309   0.32280   0.14798   0.08892   0.10604
1900   0.35683   0.10152   0.03718   0.00312   0.00000   0.00001   0.05900  -0.04348  -0.02639  -0.13703   0.00402  -0.00100  -0.04300   0.00000   0.31077   0.32541   0.36676  -0.03835  -0.04513   0.28606   0.32063   0.31077   0.14957   0.09216   0.10881
1901   0.36322   0.10354   0.03765   0.00312   0.00000   0.00001   0.06000  -0.04558  -0.02670  -0.14298   0.00410  -0.00100  -0.05400   0.00000   0.30139   0.32592   0.36884  -0.04816  -0.05668   0.27676   0.31116   0.30139   0.15007   0.09420   0.11040
1902   0.36919   0.10574   0.03813   0.00312   0.00000   0.00001   0.06100  -0.04766  -0.02700  -0.14886   0.00419  -0.33600  -0.05900   0.00000  -0.03714   0.32627   0.37076  -0.05262  -0.06193  -0.06234  -0.02716  -0.03714   0.08141   0.08085   0.08101
1903   0.37000   0.10801   0.03862   0.00312   0.00000   0.00001   0.06300  -0.04976  -0.02730  -0.15471   0.00428  -1.70500  -0.05600   0.00000  -1.40574   0.32287   0.36849  -0.04994  -0.05878  -1.43207  -1.39528  -1.40574  -0.23059  -0.00253  -0.06867
1904   0.36900   0.11029   0.03911   0.00312   0.00000   0.00001   0.06400  -0.05185  -0.02761  -0.16050   0.00437  -0.60300  -0.03100   0.00000  -0.28405   0.31644   0.36363  -0.02765  -0.03254  -0.31420  -0.27190  -0.28405  -0.13775  -0.06677  -0.08735
1905   0.37292   0.11266   0.03961   0.00312   0.00000   0.00001   0.06500  -0.05394  -0.02791  -0.16625   0.00447  -0.08000  -0.06600   0.00000   0.20368   0.31506   0.36382  -0.05886  -0.06927   0.17620   0.21455   0.20368  -0.02725  -0.04268  -0.03821
1906   0.38047   0.11518   0.04012   0.00312   0.00000   0.00001   0.06600  -0.05603  -0.02821  -0.17193   0.00457  -0.01300  -0.01900   0.00000   0.32128   0.31755   0.36788  -0.01694  -0.01994   0.28761   0.33494   0.32128   0.03934  -0.00436   0.00831
1907   0.38920   0.11740   0.04063   0.00312   0.00000   0.00001   0.06700  -0.05812  -0.02852  -0.17759   0.00465  -0.12600  -0.04300   0.00000   0.18878   0.32094   0.37283  -0.03835  -0.04513   0.15659   0.20170   0.18878   0.04767   0.01902   0.02733
1908   0.39792   0.11990   0.04115   0.00312   0.00000   0.00001   0.06800  -0.06021  -0.02884  -0.18319   0.00475  -0.04700  -0.02100   0.00000   0.29461   0.32464   0.37812  -0.01873  -0.02204   0.25891   0.30908   0.29461   0.08016   0.03405   0.04742
1909   0.40668   0.12265   0.04167   0.00312   0.00000   0.00001   0.07000  -0.06230  -0.02914  -0.18875   0.00486  -0.00700  -0.04400   0.00000   0.31779   0.33001   0.38463  -0.03924  -0.04618   0.28377   0.33145   0.31779   0.10296   0.05046   0.06569
1910   0.41547   0.12512   0.04220   0.00312   0.00000   0.00001   0.07100  -0.06439  -0.02945  -0.19425   0.00496  -0.00200  -0.04400   0.00000   0.32778   0.33389   0.39008  -0.03924  -0.04618   0.29265   0.34189   0.32778   0.11930   0.06372   0.07983
1911   0.42378   0.12736   0.04274   0.00313   0.00001   0.00001   0.07200  -0.06547  -0.02975  -0.19707   0.00505  -0.00100  -0.05100   0.00000   0.32978   0.34133   0.39830  -0.04548  -0.05353   0.29485   0.34377   0.32978   0.13115   0.07410   0.09064
1912   0.43056   0.12980   0.04329   0.00314   0.00002   0.00001   0.07300  -0.06654  -0.03007  -0.19986   0.00515  -0.26500  -0.05200   0.00000   0.07147   0.34745   0.40522  -0.04637  -0.05458   0.03608   0.08564   0.07147   0.08634   0.07071   0.07525
1913   0.43603   0.13257   0.04384   0.00315   0.00003   0.00001   0.07400  -0.06761  -0.03038  -0.20265   0.00526  -0.22900  -0.03900   0.00000   0.12621   0.35264   0.41119  -0.03478  -0.04093   0.08886   0.14125   0.12621   0.08134   0.06087   0.06681
1914   0.44139   0.13549   0.04441   0.00316   0.00004   0.00001   0.07600  -0.06868  -0.03070  -0.20542   0.00537  -0.03100  -0.01700   0.00000   0.35302   0.35919   0.41811  -0.01516  -0.01784   0.31303   0.36926   0.35302   0.12350   0.06727   0.08358
1915   0.44701   0.13824   0.04498   0.00317   0.00005   0.00001   0.07700  -0.06976  -0.03100  -0.20819   0.00548  -0.00500   0.00400   0.00000   0.40594   0.36456   0.42425   0.00357   0.00420   0.36312   0.42345   0.40594   0.15132   0.08363   0.10326
1916   0.45328   0.14113   0.04556   0.00318   0.00006   0.00001   0.07800  -0.07083  -0.03130  -0.21094   0.00560  -0.00200   0.06200   0.00000   0.47369   0.37075   0.43122   0.05529   0.06507   0.42404   0.49430   0.47369   0.18007   0.10015   0.12332
1917   0.46019   0.14385   0.04616   0.00320   0.00008   0.00001   0.07900  -0.07190  -0.03163  -0.21368   0.00571  -0.00100   0.05100   0.00000   0.47089   0.37738   0.43866   0.04548   0.05353   0.42187   0.49119   0.47089   0.19658   0.11473   0.13847
1918   0.46717   0.14678   0.04676   0.00321   0.00009   0.00001   0.08000  -0.07297  -0.03193  -0.21641   0.00582  -0.00100   0.08300   0.00000   0.51043   0.38438   0.44643   0.07402   0.08712   0.45740   0.53255   0.51043   0.21594   0.12717   0.15291
1919   0.47350   0.14996   0.04737   0.00325   0.00013   0.00001   0.08100  -0.07405  -0.03225  -0.21913   0.00595  -0.00100   0.04000   0.00000   0.47460   0.39098   0.45383   0.03567   0.04198   0.42565   0.49482   0.47460   0.22171   0.13671   0.16136
1920   0.47969   0.15290   0.04799   0.00331   0.00019   0.00001   0.08300  -0.07512  -0.03256  -0.22184   0.00607  -0.00100   0.01700   0.00000   0.45945   0.39858   0.46177   0.01516   0.01784   0.41274   0.47862   0.45945   0.22518   0.14202   0.16613
1921   0.48591   0.15553   0.04862   0.00337   0.00025   0.00001   0.08400  -0.07632  -0.03297  -0.22485   0.00617  -0.00400  -0.01600   0.00000   0.42946   0.40386   0.46808  -0.01427  -0.01679   0.38559   0.44729   0.42946   0.22348   0.14467   0.16752
1922   0.49138   0.15848   0.04925   0.00344   0.00032   0.00001   0.08500  -0.07752  -0.03337  -0.22786   0.00629  -0.13000  -0.03700   0.00000   0.28809   0.40878   0.47400  -0.03300  -0.03883   0.24579   0.30516   0.28809   0.19555   0.13981   0.15597
1923   0.49729   0.16154   0.04988   0.00351   0.00039   0.00001   0.08600  -0.07872  -0.03377  -0.23085   0.00641  -0.01300  -0.04100   0.00000   0.40729   0.41428   0.48049  -0.03656  -0.04303   0.36472   0.42446   0.40729   0.20932   0.13658   0.15767
1924   0.50410   0.16453   0.05052   0.00358   0.00046   0.00001   0.08700  -0.07991  -0.03419  -0.23382   0.00653  -0.00300  -0.04400   0.00000   0.42134   0.42061   0.48784  -0.03924  -0.04618   0.37837   0.43865   0.42134   0.21642   0.14055   0.16256
1925   0.51112   0.16754   0.05116   0.00367   0.00055   0.00001   0.08900  -0.08111  -0.03458  -0.23679   0.00665  -0.00200  -0.03600   0.00000   0.43865   0.42852   0.49631  -0.03211  -0.03779   0.39441   0.45653   0.43865   0.22391   0.14481   0.16775
1926   0.51833   0.17055   0.05180   0.00376   0.00064   0.00001   0.09000  -0.08231  -0.03498  -0.23974   0.00677  -0.00100  -0.02000   0.00000   0.46316   0.43532   0.50411  -0.01784  -0.02099   0.41649   0.48212   0.46316   0.23314   0.14988   0.17403
1927   0.52627   0.17349   0.05243   0.00386   0.00074   0.00001   0.09100  -0.08351  -0.03538  -0.24268   0.00688  -0.00100   0.02300   0.00000   0.51436   0.44281   0.51260   0.02051   0.02414   0.46232   0.53574   0.51436   0.24844   0.15707   0.18357
1928   0.53452   0.17652   0.05307   0.00396   0.00084   0.00001   0.09200  -0.08471  -0.03580  -0.24561   0.00701  -0.09300  -0.00100   0.00000   0.40695   0.45068   0.52149  -0.00089  -0.00105   0.35679   0.42744   0.40695   0.23520   0.15980   0.18167
1929   0.54179   0.17940   0.05370   0.00408   0.00096   0.00001   0.09300  -0.08591  -0.03620  -0.24852   0.00712  -0.30900  -0.00800   0.00000   0.19148   0.45750   0.52930  -0.00713  -0.00840   0.14136   0.21190   0.19148   0.18730   0.14811   0.15947
1930   0.54840   0.18199   0.05434   0.00421   0.00109   0.00001   0.09400  -0.08711  -0.03659  -0.25142   0.00722  -0.12800   0.00500   0.00000   0.39204   0.46335   0.53615   0.00446   0.00525   0.33981   0.41340   0.39204   0.20810   0.14056   0.16015
1931   0.55451   0.18481   0.05496   0.00434   0.00122   0.00001   0.09600  -0.08803  -0.03697  -0.25363   0.00734  -0.13700  -0.01700   0.00000   0.36933   0.47142   0.54454  -0.01516  -0.01784   0.31926   0.38970   0.36933   0.20876   0.14310   0.16214
1932   0.55991   0.18737   0.05558   0.00449   0.00137   0.00001   0.09700  -0.08895  -0.03735  -0.25584   0.00744  -0.03700  -0.03200   0.00000   0.46065   0.47720   0.55108  -0.02854  -0.03359   0.41166   0.48049   0.46065   0.22862   0.14768   0.17115
1933   0.56513   0.19018   0.05618   0.00466   0.00154   0.00001   0.09800  -0.08986  -0.03773  -0.25803   0.00755  -0.00500  -0.03200   0.00000   0.49907   0.48309   0.55772  -0.02854  -0.03359   0.44955   0.51913   0.49907   0.24511   0.15640   0.18212
1934   0.57048   0.19273   0.05678   0.00484   0.00172   0.00001   0.09900  -0.09078  -0.03809  -0.26022   0.00765  -0.00200  -0.01200   0.00000   0.52839   0.48889   0.56425  -0.01070  -0.01260   0.47619   0.54965   0.52839   0.25979   0.16540   0.19278
1935   0.57588   0.19508   0.05736   0.00503   0.00191   0.00001   0.10000  -0.09170  -0.03847  -0.26241   0.00774  -0.00100   0.01100   0.00000   0.55850   0.49446   0.57057   0.00981   0.01155   0.50327   0.58112   0.55850   0.27442   0.17449   0.20347
1936   0.58143   0.19758   0.05792   0.00524   0.00212   0.00001   0.10200  -0.09262  -0.03885  -0.26459   0.00784  -0.00100   0.06000   0.00000   0.61496   0.50170   0.57813   0.05351   0.06298   0.55420   0.64011   0.61496   0.29426   0.18500   0.21669
1937   0.58691   0.19992   0.05846   0.00546   0.00234   0.00001   0.10300  -0.09353  -0.03923  -0.26675   0.00794  -0.00100   0.04700   0.00000   0.60817   0.50737   0.58456   0.04192   0.04933   0.54829   0.63289   0.60817   0.30464   0.19483   0.22668
1938   0.59142   0.20241   0.05897   0.00570   0.00258   0.00001   0.10400  -0.09446  -0.03959  -0.26892   0.00804  -0.00100   0.06100   0.00000   0.62758   0.51225   0.59017   0.05440   0.06403   0.56565   0.65320   0.62758   0.31613   0.20280   0.23567
1939   0.59505   0.20470   0.05947   0.00595   0.00283   0.00001   0.10500  -0.09537  -0.03997  -0.27108   0.00813  -0.00100   0.06500   0.00000   0.63588   0.51602   0.59469   0.05797   0.06822   0.57299   0.66192   0.63588   0.32549   0.21021   0.24364
1940   0.59855   0.20719   0.05995   0.00621   0.00309   0.00001   0.10600  -0.09629  -0.04035  -0.27322   0.00823  -0.00100   0.05300   0.00000   0.62827   0.51988   0.59931   0.04727   0.05563   0.56614   0.65393   0.62827   0.33081   0.21603   0.24931
1941   0.60181   0.20995   0.06045   0.00649   0.00337   0.00001   0.10700  -0.09865  -0.04079  -0.27871   0.00834  -0.00100   0.02000   0.00000   0.59490   0.51812   0.59949   0.01784   0.02099   0.53496   0.61949   0.59490   0.32895   0.21894   0.25084
1942   0.60430   0.21249   0.06101   0.00678   0.00366   0.00001   0.10900  -0.10101  -0.04124  -0.28416   0.00844  -0.00100  -0.00800   0.00000   0.56661   0.51675   0.59965  -0.00713  -0.00840   0.50861   0.59026   0.56661   0.32442   0.21898   0.24956
1943   0.60625   0.21474   0.06159   0.00709   0.00397   0.00001   0.11000  -0.10336  -0.04168  -0.28956   0.00853  -0.00100  -0.02500   0.00000   0.54761   0.51337   0.59822  -0.02230  -0.02624   0.49008   0.57098   0.54761   0.31955   0.21762   0.24718
1944   0.60798   0.21726   0.06220   0.00741   0.00429   0.00001   0.11100  -0.10572  -0.04211  -0.29492   0.00863  -0.00100  -0.00200   0.00000   0.56874   0.51012   0.59691  -0.00178  -0.00210   0.50734   0.59381   0.56874   0.32158   0.21737   0.24759
1945   0.60901   0.21989   0.06282   0.00776   0.00464   0.00001   0.11200  -0.10808  -0.04257  -0.30024   0.00873  -0.00100   0.03700   0.00000   0.60534   0.50632   0.59507   0.03300   0.03883   0.53832   0.63291   0.60534   0.32944   0.22013   0.25183
1946   0.60964   0.22241   0.06345   0.00812   0.00500   0.00001   0.11300  -0.11043  -0.04300  -0.30551   0.00883  -0.00100   0.03300   0.00000   0.59852   0.50212   0.59282   0.02943   0.03464   0.53055   0.62645   0.59852   0.33221   0.22354   0.25505
1947   0.61129   0.22552   0.06412   0.00849   0.00537   0.00002   0.11500  -0.11279  -0.04346  -0.31075   0.00896  -0.00100   0.06300   0.00000   0.62839   0.50091   0.59314   0.05618   0.06612   0.55610   0.65826   0.62839   0.34023   0.22723   0.26000
1948   0.61449   0.22853   0.06481   0.00887   0.00575   0.00002   0.11600  -0.11514  -0.04389  -0.31594   0.00908  -0.00100   0.13900   0.00000   0.70481   0.49995   0.59411   0.12396   0.14589   0.62291   0.73901   0.70481   0.35921   0.23484   0.27091
1949   0.61839   0.23164   0.06551   0.00929   0.00617   0.00002   0.11700  -0.11750  -0.04433  -0.32110   0.00920  -0.00100   0.09700   0.00000   0.66412   0.49988   0.59599   0.08651   0.10181   0.58538   0.69680   0.66412   0.36161   0.24180   0.27654
1950   0.62322   0.23508   0.06623   0.00973   0.00661   0.00002   0.11800  -0.11986  -0.04479  -0.32622   0.00934  -0.00100   0.08700   0.00000   0.65675   0.50111   0.59919   0.07759   0.09131   0.57770   0.68950   0.65675   0.36364   0.24495   0.27937
1951   0.62883   0.23865   0.06695   0.01024   0.00712   0.00002   0.12500  -0.12531  -0.04579  -0.33791   0.00948  -0.00100   0.01500   0.00000   0.58415   0.49879   0.59931   0.01338   0.01574   0.51116   0.61405   0.58415   0.35209   0.24414   0.27545
1952   0.63450   0.24252   0.06766   0.01079   0.00767   0.00002   0.13200  -0.13076  -0.04680  -0.34941   0.00964  -0.00100   0.02100   0.00000   0.59015   0.49705   0.60001   0.01873   0.02204   0.51478   0.62105   0.59015   0.34880   0.24133   0.27250
1953   0.64072   0.24698   0.06838   0.01139   0.00827   0.00002   0.13800  -0.13622  -0.04782  -0.36072   0.00981  -0.03800   0.01100   0.00000   0.54354   0.49537   0.60124   0.00981   0.01155   0.46718   0.57478   0.54354   0.33740   0.23806   0.26687
1954   0.64766   0.25124   0.06910   0.01207   0.00895   0.00002   0.14500  -0.14167  -0.04882  -0.37185   0.00998  -0.04600   0.02600   0.00000   0.55273   0.49583   0.60414   0.02319   0.02729   0.47302   0.58543   0.55273   0.33387   0.23454   0.26334
1955   0.65608   0.25572   0.06984   0.01285   0.00973   0.00002   0.15200  -0.14713  -0.04985  -0.38279   0.01016  -0.00700   0.06500   0.00000   0.63492   0.49827   0.60904   0.05797   0.06822   0.54924   0.67027   0.63492   0.34775   0.23638   0.26868
1956   0.66624   0.26039   0.07059   0.01377   0.01065   0.00002   0.15900  -0.15258  -0.05085  -0.39356   0.01035  -0.00200   0.06500   0.00000   0.64637   0.50298   0.61620   0.05797   0.06822   0.55895   0.68242   0.64637   0.35574   0.24167   0.27475
1957   0.67752   0.26534   0.07133   0.01485   0.01173   0.00002   0.16600  -0.15803  -0.05188  -0.40417   0.01055  -0.00100   0.12100   0.00000   0.71152   0.50939   0.62507   0.10791   0.12700   0.61630   0.75107   0.71152   0.37278   0.24875   0.28472
1958   0.68976   0.27034   0.07205   0.01613   0.01301   0.00003   0.17200  -0.16349  -0.05288  -0.41461   0.01075  -0.00100   0.16300   0.00000   0.76208   0.51590   0.63446   0.14537   0.17108   0.66026   0.80454   0.76208   0.39136   0.25886   0.29728
1959   0.70267   0.27526   0.07275   0.01766   0.01454   0.00003   0.17900  -0.16894  -0.05389  -0.42489   0.01094  -0.00100   0.14200   0.00000   0.75161   0.52469   0.64570   0.12664   0.14904   0.65033   0.79374   0.75161   0.40013   0.26776   0.30615
1960   0.71863   0.28063   0.07346   0.01950   0.01638   0.00003   0.18600  -0.17439  -0.05491  -0.43502   0.01116  -0.00100   0.16100   0.00000   0.78509   0.53742   0.66089   0.14358   0.16898   0.68000   0.82888   0.78509   0.41319   0.27541   0.31537
1961   0.73209   0.28598   0.07417   0.02178   0.01866   0.00003   0.19300  -0.18129  -0.05573  -0.44762   0.01137  -0.00100   0.13700   0.00000   0.76980   0.54378   0.67057   0.12218   0.14379   0.66495   0.81336   0.76980   0.41827   0.28201   0.32153
1962   0.74481   0.29172   0.07494   0.02448   0.02131   0.00003   0.20000  -0.18818  -0.05656  -0.45999   0.01160  -0.00100   0.07000   0.00000   0.71186   0.55046   0.68059   0.06243   0.07347   0.61189   0.75307   0.71186   0.41186   0.28391   0.32102
1963   0.75572   0.29715   0.07578   0.02766   0.02442   0.00004   0.20600  -0.19508  -0.05738  -0.47214   0.01182  -0.91900   0.03600   0.00000  -0.23344   0.55450   0.68839   0.03211   0.03779  -0.33240  -0.19282  -0.23344   0.21505   0.24155   0.23387
1964   0.76474   0.30278   0.07671   0.03138   0.02804   0.00005   0.21300  -0.20197  -0.05821  -0.48408   0.01204  -0.73300   0.01600   0.00000  -0.06056   0.55900   0.69624   0.01427   0.01679  -0.15973  -0.01997  -0.06056   0.16714   0.18123   0.17714
1965   0.77352   0.30925   0.07776   0.03566   0.03223   0.00005   0.22000  -0.20887  -0.05903  -0.49581   0.01230  -0.16800   0.00500   0.00000   0.50184   0.56504   0.70560   0.00446   0.00525   0.40150   0.54285   0.50184   0.24525   0.17244   0.19355
1966   0.79142   0.31533   0.07892   0.04053   0.03702   0.00006   0.22700  -0.21576  -0.05986  -0.50734   0.01254  -0.01700   0.01200   0.00000   0.67784   0.58067   0.72457   0.01070   0.01260   0.57437   0.72016   0.67784   0.30343   0.19585   0.22705
1967   0.80557   0.32141   0.08017   0.04605   0.04246   0.00008   0.23400  -0.22266  -0.06068  -0.51868   0.01279  -0.00500   0.02000   0.00000   0.71305   0.59352   0.74074   0.01784   0.02099   0.60636   0.75673   0.71305   0.33711   0.21883   0.25313
1968   0.82275   0.32780   0.08151   0.05225   0.04857   0.00009   0.24000  -0.22955  -0.06151  -0.52984   0.01304  -0.22500   0.05500   0.00000   0.54654   0.60933   0.76033   0.04905   0.05773   0.43338   0.59306   0.54654   0.32118   0.22810   0.25509
1969   0.84320   0.33425   0.08293   0.05914   0.05538   0.00010   0.24700  -0.23644  -0.06232  -0.54081   0.01330  -0.33300   0.07200   0.00000   0.47935   0.63078   0.78510   0.06421   0.07557   0.36199   0.52767   0.47935   0.30495   0.22478   0.24803
1970   0.86046   0.34096   0.08443   0.06677   0.06291   0.00011   0.25400  -0.24334  -0.06316  -0.55161   0.01357  -0.09700   0.06500   0.00000   0.73019   0.65024   0.80791   0.05797   0.06822   0.61121   0.77913   0.73019   0.35059   0.23140   0.26596
1971   0.87526   0.34734   0.08602   0.07509   0.07111   0.00013   0.26100  -0.24836  -0.06403  -0.55938   0.01383  -0.01100   0.07600   0.00000   0.85190   0.67358   0.83318   0.06778   0.07977   0.73035   0.90195   0.85190   0.39412   0.25211   0.29329
1972   0.89714   0.35400   0.08770   0.08411   0.08002   0.00015   0.26800  -0.25339  -0.06490  -0.56705   0.01409  -0.00400   0.04500   0.00000   0.86085   0.70515   0.86670   0.04013   0.04723   0.74128   0.90993   0.86085   0.41921   0.27180   0.31455
1973   0.92160   0.36071   0.08947   0.09391   0.08963   0.00017   0.27400  -0.25842  -0.06578  -0.57465   0.01436  -0.00200   0.03500   0.00000   0.88837   0.73898   0.90291   0.03121   0.03674   0.76819   0.93765   0.88837   0.44118   0.28743   0.33202
1974   0.93631   0.36729   0.09134   0.10428   0.09980   0.00019   0.28100  -0.26344  -0.06667  -0.58216   0.01462  -0.03300   0.01600   0.00000   0.86576   0.76497   0.93087   0.01427   0.01679   0.74624   0.91467   0.86576   0.45096   0.29923   0.34323
1975   0.95490   0.37391   0.09334   0.11518   0.11050   0.00022   0.28800  -0.26846  -0.06754  -0.58959   0.01489  -0.30000   0.01900   0.00000   0.63383   0.79567   0.96351   0.01694   0.01994   0.51261   0.68345   0.63383   0.41135   0.29713   0.33026
1976   0.97223   0.38043   0.09550   0.12661   0.12173   0.00025   0.29500  -0.27349  -0.06841  -0.59694   0.01515  -0.11200   0.02800   0.00000   0.86234   0.82579   0.99558   0.02497   0.02939   0.73876   0.91296   0.86234   0.44485   0.29719   0.34001
1977   0.99769   0.38699   0.09781   0.13854   0.13346   0.00029   0.30200  -0.27852  -0.06928  -0.60421   0.01541  -0.01600   0.06300   0.00000   1.03372   0.86480   1.03652   0.05618   0.06612   0.90498   1.08665   1.03372   0.49235   0.31536   0.36669
1978   1.02036   0.39386   0.10024   0.15089   0.14561   0.00033   0.30800  -0.28354  -0.07016  -0.61140   0.01569  -0.00400   0.08700   0.00000   1.10727   0.90066   1.07477   0.07759   0.09131   0.97425   1.16208   1.10727   0.53068   0.33860   0.39430
1979   1.04540   0.40033   0.10267   0.16308   0.15759   0.00037   0.31500  -0.28857  -0.07103  -0.61852   0.01595  -0.00200   0.14000   0.00000   1.20269   0.93970   1.11575   0.12485   0.14694   1.06255   1.26069   1.20269   0.57200   0.36253   0.42328
1980   1.07191   0.40717   0.10505   0.17505   0.16936   0.00043   0.31500  -0.29359  -0.07192  -0.62556   0.01622  -0.00100   0.15500   0.00000   1.25375   0.97119   1.15226   0.13823   0.16269   1.10842   1.31395   1.25375   0.60638   0.38635   0.45016
1981   1.09596   0.41511   0.10746   0.18343   0.17755   0.00048   0.31400  -0.29690  -0.07273  -0.63016   0.01654  -0.00100   0.15300   0.00000   1.28519   1.00177   1.18687   0.13645   0.16059   1.13721   1.34646   1.28519   0.63479   0.40757   0.47347
1982   1.11916   0.42269   0.10987   0.19418   0.18810   0.00055   0.31400  -0.30021  -0.07357  -0.63473   0.01684  -0.71600   0.09100   0.00000   0.54378   1.03479   1.22351   0.08115   0.09551   0.39994   0.60303   0.54378   0.50130   0.39215   0.42380
1983   1.14374   0.43044   0.11228   0.20352   0.19723   0.00061   0.31300  -0.30352  -0.07438  -0.63927   0.01716  -0.84600   0.09400   0.00000   0.45158   1.06672   1.25948   0.08383   0.09866   0.30455   0.51214   0.45158   0.43083   0.34816   0.37213
1984   1.16097   0.43776   0.11470   0.21320   0.20672   0.00069   0.31300  -0.30683  -0.07522  -0.64377   0.01745  -0.20600   0.01800   0.00000   1.04395   1.09252   1.28890   0.01605   0.01889   0.90257   1.10179   1.04395   0.51578   0.34202   0.39241
1985   1.18238   0.44294   0.11712   0.22539   0.21871   0.00076   0.31200  -0.31013  -0.07605  -0.64825   0.01766  -0.02100  -0.01000   0.00000   1.23280   1.12149   1.32193  -0.00892  -0.01050   1.09157   1.29043   1.23280   0.58193   0.37077   0.43200
1986   1.20747   0.44771   0.11951   0.23695   0.23007   0.00084   0.31200  -0.31344  -0.07687  -0.65270   0.01785  -0.00600  -0.00800   0.00000   1.28533   1.15447   1.35850  -0.00713  -0.00840   1.14134   1.34411   1.28533   0.62495   0.39981   0.46510
1987   1.23722   0.45260   0.12195   0.24950   0.24241   0.00093   0.31200  -0.31675  -0.07770  -0.65712   0.01804  -0.00200   0.00700   0.00000   1.34567   1.19323   1.40089   0.00624   0.00735   1.19748   1.40624   1.34567   0.66281   0.42494   0.49393
1988   1.26629   0.45672   0.12463   0.26315   0.25587   0.00102   0.31100  -0.32006  -0.07854  -0.66151   0.01821  -0.00100   0.06100   0.00000   1.44093   1.23061   1.44232   0.05440   0.06403   1.28401   1.50535   1.44093   0.70482   0.45008   0.52395
1989   1.28925   0.46070   0.12745   0.27533   0.26785   0.00111   0.31100  -0.32336  -0.07935  -0.66587   0.01837  -0.00100   0.14900   0.00000   1.56263   1.26176   1.47707   0.13288   0.15639   1.39364   1.63246   1.56263   0.75375   0.47818   0.55810
1990   1.31498   0.46436   0.13001   0.28874   0.28106   0.00121   0.31000  -0.32667  -0.08019  -0.67020   0.01852  -0.00100   0.14000   0.00000   1.58975   1.29501   1.51437   0.12485   0.14694   1.41886   1.66031   1.58975   0.78866   0.50534   0.58751
1991   1.33437   0.46830   0.13228   0.29867   0.29079   0.00132   0.31000  -0.32901  -0.08091  -0.67325   0.01867  -0.89000   0.12600   0.00000   0.71646   1.32278   1.54486   0.11237   0.13225   0.54515   0.78711   0.71646   0.63166   0.48818   0.52979
1992   1.34944   0.47131   0.13447   0.30687   0.29882   0.00143   0.30900  -0.33134  -0.08165  -0.67628   0.01880  -1.36800   0.09500   0.00000   0.22905   1.34211   1.56738   0.08472   0.09971   0.05883   0.29909   0.22905   0.47178   0.42030   0.43523
1993   1.36174   0.47269   0.13664   0.31412   0.30588   0.00154   0.30900  -0.33368  -0.08239  -0.67929   0.01885  -0.39100   0.04000   0.00000   1.16822   1.35733   1.58535   0.03567   0.04198   1.00200   1.23633   1.16822   0.58846   0.39697   0.45250
1994   1.38412   0.47496   0.13885   0.31813   0.30970   0.00166   0.30800  -0.33601  -0.08311  -0.68230   0.01894  -0.03700   0.01100   0.00000   1.51725   1.37911   1.61029   0.00981   0.01155   1.35192   1.58483   1.51725   0.69291   0.43555   0.51019
1995   1.41141   0.47748   0.14121   0.32151   0.31262   0.00178   0.30800  -0.33834  -0.08385  -0.68528   0.01904  -0.00900  -0.00400   0.00000   1.55997   1.40689   1.64080  -0.00357  -0.00420   1.39432   1.62761   1.55997   0.75021   0.47659   0.55594
1996   1.43605   0.47837   0.14371   0.32455   0.31501   0.00191   0.30800  -0.34068  -0.08457  -0.68826   0.01908  -0.00300  -0.02100   0.00000   1.57417   1.43015   1.66679  -0.01873  -0.02204   1.40843   1.64175   1.57417   0.78798   0.50705   0.58852
1997   1.46306   0.47970   0.14636   0.32704   0.31681   0.00204   0.30700  -0.34301  -0.08531  -0.69122   0.01913  -0.00200   0.00600   0.00000   1.62879   1.45452   1.69434   0.00535   0.00630   1.45787   1.69864   1.62879   0.82399   0.53223   0.61684
1998   1.49644   0.48321   0.14921   0.32904   0.31811   0.00215   0.30700  -0.34535  -0.08603  -0.69417   0.01927  -0.00100   0.06200   0.00000   1.72178   1.48857   1.73112   0.05529   0.06507   1.54287   1.79519   1.72178   0.86568   0.55765   0.64698
1999   1.51719   0.48595   0.15233   0.33084   0.31908   0.00226   0.30700  -0.34768  -0.08677  -0.69711   0.01938  -0.00100   0.09700   0.00000   1.77939   1.50923   1.75452   0.08651   0.10181   1.59474   1.85533   1.77939   0.90275   0.58335   0.67598
2000   1.54293   0.48653   0.15579   0.33233   0.31971   0.00236   0.30700  -0.35002  -0.08750  -0.70004   0.01941   0.00000   0.13400   0.00000   1.84279   1.53268   1.78072   0.11950   0.14065   1.65218   1.92136   1.84279   0.93940   0.60809   0.70417
