YEAR RADTTL RADANT RADAER RADCO2 RADCH4 RADN2O RADSO2 RADO3TRP RADO3STR RADrOH RADNOx RADEESC RADSF6 RADCO RADVOC RADCRBAER RADAERIND RADH20STR
1750  -0.0021   0.0019  -0.0165   0.0000   0.0061   0.0089  -0.0018   0.0010   0.0010   0.0010   0.0010   0.0010   0.0000   0.0010   0.0010  -0.0086  -0.0061   0.0002
1751  -0.0312   0.0048  -0.0166   0.0025   0.0066   0.0090  -0.0018   0.0010   0.0010   0.0010   0.0010   0.0010   0.0000   0.0010   0.0010  -0.0087  -0.0061   0.0003
1752  -0.0488   0.0072  -0.0167   0.0044   0.0070   0.0090  -0.0018   0.0010   0.0010   0.0010   0.0010   0.0010   0.0000   0.0010   0.0010  -0.0088  -0.0062   0.0003
1753  -0.0438   0.0092  -0.0168   0.0061   0.0075   0.0091  -0.0018   0.0010   0.0010   0.0010   0.0010   0.0010   0.0000   0.0010   0.0010  -0.0089  -0.0062   0.0003
1754  -0.0549   0.0111  -0.0169   0.0076   0.0079   0.0091  -0.0018   0.0010   0.0010   0.0010   0.0010   0.0010   0.0000   0.0010   0.0010  -0.0089  -0.0062   0.0003
1755  -0.0650   0.0130  -0.0170   0.0090   0.0084   0.0092  -0.0018   0.0010   0.0010   0.0010   0.0010   0.0010   0.0000   0.0010   0.0010  -0.0090  -0.0063   0.0003
1756  -0.0622   0.0148  -0.0172   0.0103   0.0089   0.0093  -0.0018   0.0010   0.0010   0.0010   0.0010   0.0010   0.0000   0.0010   0.0010  -0.0090  -0.0063   0.0004
1757  -0.0445   0.0165  -0.0173   0.0117   0.0093   0.0093  -0.0018   0.0010   0.0010   0.0010   0.0010   0.0010   0.0000   0.0010   0.0010  -0.0091  -0.0064   0.0004
1758  -0.0345   0.0185  -0.0174   0.0133   0.0097   0.0094  -0.0018   0.0010   0.0010   0.0010   0.0010   0.0010   0.0000   0.0010   0.0010  -0.0092  -0.0064   0.0004
1759  -0.0244   0.0206  -0.0175   0.0149   0.0102   0.0095  -0.0018   0.0010   0.0010   0.0010   0.0010   0.0010   0.0000   0.0010   0.0010  -0.0093  -0.0064   0.0004
1760  -0.0022   0.0228  -0.0176   0.0167   0.0106   0.0095  -0.0019   0.0010   0.0010   0.0010   0.0010   0.0010   0.0000   0.0010   0.0010  -0.0093  -0.0064   0.0004
1761  -0.0349   0.0251  -0.0177   0.0186   0.0111   0.0096  -0.0019   0.0010   0.0010   0.0010   0.0010   0.0010   0.0000   0.0010   0.0010  -0.0094  -0.0065   0.0004
1762  -0.0156   0.0274  -0.0178   0.0205   0.0115   0.0097  -0.0019   0.0010   0.0010   0.0010   0.0010   0.0010   0.0000   0.0010   0.0010  -0.0094  -0.0065   0.0005
1763  -0.0273   0.0297  -0.0179   0.0224   0.0119   0.0097  -0.0019   0.0010   0.0010   0.0010   0.0010   0.0010   0.0000   0.0010   0.0010  -0.0095  -0.0065   0.0005
1764  -0.0461   0.0319  -0.0181   0.0242   0.0124   0.0098  -0.0019   0.0010   0.0010   0.0010   0.0010   0.0010   0.0000   0.0010   0.0010  -0.0096  -0.0066   0.0005
1765  -0.0448   0.0342  -0.0182   0.0260   0.0128   0.0099  -0.0019   0.0010   0.0010   0.0010   0.0010   0.0010   0.0000   0.0010   0.0010  -0.0096  -0.0066   0.0005
1766  -0.1549   0.0361  -0.0183   0.0275   0.0132   0.0100  -0.0019   0.0010   0.0010   0.0010   0.0010   0.0010   0.0000   0.0010   0.0010  -0.0097  -0.0067   0.0005
1767  -0.0561   0.0379  -0.0184   0.0289   0.0136   0.0100  -0.0019   0.0010   0.0010   0.0010   0.0010   0.0010   0.0000   0.0010   0.0010  -0.0098  -0.0067   0.0005
1768   0.0193   0.0403  -0.0185   0.0309   0.0141   0.0101  -0.0019   0.0010   0.0010   0.0010   0.0010   0.0010   0.0000   0.0010   0.0010  -0.0098  -0.0067   0.0006
1769   0.0412   0.0432  -0.0186   0.0334   0.0145   0.0102  -0.0019   0.0010   0.0010   0.0010   0.0010   0.0010   0.0000   0.0010   0.0010  -0.0099  -0.0068   0.0006
1770   0.0645   0.0465  -0.0187   0.0363   0.0149   0.0103  -0.0020   0.0010   0.0010   0.0010   0.0010   0.0010   0.0000   0.0010   0.0010  -0.0100  -0.0068   0.0006
1771   0.0504   0.0494  -0.0192   0.0393   0.0153   0.0104  -0.0020   0.0010   0.0010   0.0010   0.0010   0.0010   0.0000   0.0010   0.0010  -0.0101  -0.0071   0.0006
1772   0.0296   0.0526  -0.0194   0.0423   0.0156   0.0104  -0.0021   0.0010   0.0010   0.0010   0.0010   0.0010   0.0000   0.0010   0.0010  -0.0102  -0.0071   0.0006
1773   0.0017   0.0557  -0.0196   0.0451   0.0159   0.0105  -0.0021   0.0010   0.0010   0.0010   0.0010   0.0010   0.0000   0.0010   0.0010  -0.0103  -0.0072   0.0006
1774  -0.0305   0.0585  -0.0198   0.0477   0.0163   0.0106  -0.0021   0.0010   0.0010   0.0010   0.0010   0.0010   0.0000   0.0010   0.0010  -0.0104  -0.0073   0.0006
1775  -0.0348   0.0612  -0.0200   0.0501   0.0166   0.0107  -0.0021   0.0010   0.0010   0.0010   0.0010   0.0010   0.0000   0.0010   0.0010  -0.0106  -0.0073   0.0007
1776  -0.2570   0.0630  -0.0202   0.0517   0.0169   0.0108  -0.0021   0.0010   0.0010   0.0010   0.0010   0.0010   0.0000   0.0010   0.0010  -0.0107  -0.0074   0.0007
1777   0.0017   0.0647  -0.0204   0.0532   0.0173   0.0108  -0.0021   0.0010   0.0010   0.0010   0.0010   0.0010   0.0000   0.0010   0.0010  -0.0108  -0.0074   0.0007
1778   0.0836   0.0676  -0.0206   0.0558   0.0176   0.0109  -0.0022   0.0010   0.0010   0.0010   0.0010   0.0010   0.0000   0.0010   0.0010  -0.0110  -0.0075   0.0007
1779   0.0700   0.0710  -0.0208   0.0590   0.0179   0.0110  -0.0022   0.0010   0.0010   0.0010   0.0010   0.0010   0.0000   0.0010   0.0010  -0.0111  -0.0076   0.0007
1780   0.0746   0.0746  -0.0210   0.0625   0.0183   0.0111  -0.0022   0.0010   0.0010   0.0010   0.0010   0.0010   0.0000   0.0010   0.0010  -0.0112  -0.0076   0.0007
1781   0.0339   0.0779  -0.0215   0.0659   0.0185   0.0111  -0.0023   0.0010   0.0010   0.0010   0.0010   0.0010   0.0000   0.0010   0.0010  -0.0113  -0.0079   0.0007
1782   0.0675   0.0815  -0.0216   0.0693   0.0188   0.0112  -0.0023   0.0010   0.0010   0.0010   0.0010   0.0010   0.0000   0.0010   0.0010  -0.0114  -0.0079   0.0007
1783  -0.4093   0.0837  -0.0217   0.0712   0.0190   0.0113  -0.0023   0.0010   0.0010   0.0010   0.0010   0.0010   0.0000   0.0010   0.0010  -0.0115  -0.0080   0.0008
1784  -0.3620   0.0840  -0.0219   0.0713   0.0193   0.0114  -0.0023   0.0010   0.0010   0.0010   0.0010   0.0010   0.0000   0.0010   0.0010  -0.0115  -0.0080   0.0008
1785  -0.0129   0.0851  -0.0220   0.0722   0.0195   0.0115  -0.0023   0.0010   0.0010   0.0010   0.0010   0.0010   0.0000   0.0010   0.0010  -0.0116  -0.0081   0.0008
1786   0.0538   0.0878  -0.0222   0.0747   0.0198   0.0115  -0.0023   0.0010   0.0010   0.0010   0.0010   0.0010   0.0000   0.0010   0.0010  -0.0117  -0.0081   0.0008
1787   0.0753   0.0913  -0.0223   0.0781   0.0200   0.0116  -0.0023   0.0010   0.0010   0.0010   0.0010   0.0010   0.0000   0.0010   0.0010  -0.0118  -0.0082   0.0008
1788  -0.4444   0.0936  -0.0225   0.0801   0.0203   0.0117  -0.0024   0.0010   0.0010   0.0010   0.0010   0.0010   0.0000   0.0010   0.0010  -0.0119  -0.0082   0.0008
1789  -0.2004   0.0946  -0.0226   0.0809   0.0205   0.0118  -0.0024   0.0010   0.0010   0.0010   0.0010   0.0010   0.0000   0.0010   0.0010  -0.0120  -0.0082   0.0008
1790   0.0045   0.0965  -0.0227   0.0827   0.0208   0.0119  -0.0024   0.0010   0.0010   0.0010   0.0010   0.0010   0.0000   0.0010   0.0010  -0.0121  -0.0083   0.0008
1791   0.1087   0.0997  -0.0231   0.0858   0.0212   0.0120  -0.0025   0.0010   0.0010   0.0010   0.0010   0.0010   0.0000   0.0010   0.0010  -0.0121  -0.0086   0.0008
1792   0.0808   0.1038  -0.0232   0.0895   0.0215   0.0120  -0.0025   0.0010   0.0010   0.0010   0.0010   0.0010   0.0000   0.0010   0.0010  -0.0122  -0.0086   0.0009
1793   0.0890   0.1080  -0.0233   0.0933   0.0219   0.0121  -0.0025   0.0010   0.0010   0.0010   0.0010   0.0010   0.0000   0.0010   0.0010  -0.0122  -0.0086   0.0009
1794   0.0692   0.1122  -0.0234   0.0970   0.0223   0.0122  -0.0025   0.0010   0.0010   0.0010   0.0010   0.0010   0.0000   0.0010   0.0010  -0.0123  -0.0086   0.0009
1795   0.0751   0.1161  -0.0235   0.1005   0.0227   0.0123  -0.0025   0.0010   0.0010   0.0010   0.0010   0.0010   0.0000   0.0010   0.0010  -0.0123  -0.0087   0.0009
1796   0.0578   0.1198  -0.0236   0.1039   0.0231   0.0124  -0.0025   0.0010   0.0010   0.0010   0.0010   0.0010   0.0000   0.0010   0.0010  -0.0124  -0.0087   0.0009
1797   0.0611   0.1231  -0.0240   0.1071   0.0235   0.0125  -0.0026   0.0010   0.0010   0.0010   0.0010   0.0010   0.0000   0.0010   0.0010  -0.0125  -0.0090   0.0009
1798   0.0516   0.1266  -0.0241   0.1101   0.0239   0.0126  -0.0026   0.0010   0.0010   0.0010   0.0010   0.0010   0.0000   0.0010   0.0010  -0.0125  -0.0090   0.0009
1799   0.0539   0.1299  -0.0242   0.1131   0.0243   0.0127  -0.0026   0.0010   0.0010   0.0010   0.0010   0.0010   0.0000   0.0010   0.0010  -0.0126  -0.0090   0.0010
1800   0.0519   0.1329  -0.0247   0.1161   0.0247   0.0128  -0.0027   0.0010   0.0010   0.0010   0.0010   0.0010   0.0000   0.0010   0.0010  -0.0127  -0.0094   0.0010
1801   0.0614   0.1364  -0.0249   0.1191   0.0252   0.0129  -0.0027   0.0010   0.0010   0.0010   0.0010   0.0010   0.0000   0.0010   0.0010  -0.0128  -0.0094   0.0010
1802   0.0825   0.1395  -0.0256   0.1223   0.0257   0.0130  -0.0029   0.0010   0.0010   0.0010   0.0010   0.0010   0.0000   0.0010   0.0010  -0.0129  -0.0099   0.0010
1803   0.0656   0.1436  -0.0255   0.1256   0.0263   0.0131  -0.0028   0.0010   0.0010   0.0010   0.0010   0.0010   0.0000   0.0010   0.0010  -0.0130  -0.0097   0.0010
1804   0.0555   0.1475  -0.0257   0.1290   0.0269   0.0132  -0.0028   0.0010   0.0010   0.0010   0.0010   0.0010   0.0000   0.0010   0.0010  -0.0131  -0.0098   0.0011
1805   0.0645   0.1515  -0.0259   0.1325   0.0274   0.0133  -0.0028   0.0010   0.0010   0.0010   0.0010   0.0010   0.0000   0.0010   0.0010  -0.0132  -0.0098   0.0011
1806   0.0655   0.1555  -0.0264   0.1363   0.0279   0.0134  -0.0029   0.0010   0.0010   0.0010   0.0010   0.0010   0.0000   0.0010   0.0010  -0.0133  -0.0101   0.0011
1807   0.0480   0.1600  -0.0266   0.1404   0.0284   0.0135  -0.0029   0.0010   0.0010   0.0010   0.0010   0.0010   0.0000   0.0010   0.0010  -0.0134  -0.0102   0.0011
1808   0.0460   0.1650  -0.0268   0.1448   0.0291   0.0136  -0.0030   0.0010   0.0010   0.0010   0.0010   0.0010   0.0000   0.0010   0.0010  -0.0136  -0.0102   0.0011
1809  -4.0464   0.1576  -0.0270   0.1365   0.0300   0.0137  -0.0030   0.0010   0.0010   0.0010   0.0010   0.0010   0.0000   0.0010   0.0010  -0.0137  -0.0103   0.0012
1810  -2.2761   0.1389  -0.0272   0.1171   0.0308   0.0138  -0.0030   0.0010   0.0010   0.0010   0.0010   0.0010   0.0000   0.0010   0.0010  -0.0138  -0.0104   0.0012
1811  -0.5092   0.1278  -0.0276   0.1061   0.0311   0.0139  -0.0031   0.0010   0.0010   0.0010   0.0010   0.0010   0.0000   0.0010   0.0010  -0.0139  -0.0106   0.0012
1812  -0.4548   0.1262  -0.0277   0.1043   0.0312   0.0141  -0.0031   0.0010   0.0010   0.0010   0.0010   0.0010   0.0000   0.0010   0.0010  -0.0140  -0.0107   0.0012
1813  -0.4042   0.1288  -0.0279   0.1064   0.0317   0.0142  -0.0031   0.0010   0.0010   0.0010   0.0010   0.0010   0.0000   0.0010   0.0010  -0.0140  -0.0107   0.0013
1814  -0.0746   0.1344  -0.0280   0.1114   0.0323   0.0143  -0.0031   0.0010   0.0010   0.0010   0.0010   0.0010   0.0000   0.0010   0.0010  -0.0141  -0.0108   0.0013
1815  -4.0706   0.1294  -0.0285   0.1057   0.0333   0.0144  -0.0032   0.0010   0.0010   0.0010   0.0010   0.0010   0.0000   0.0010   0.0010  -0.0142  -0.0111   0.0013
1816  -4.0380   0.1090  -0.0289   0.0846   0.0343   0.0145  -0.0033   0.0010   0.0010   0.0010   0.0010   0.0010   0.0000   0.0010   0.0010  -0.0143  -0.0114   0.0014
1817  -0.9554   0.0936  -0.0294   0.0694   0.0345   0.0146  -0.0034   0.0010   0.0010   0.0010   0.0010   0.0010   0.0000   0.0010   0.0010  -0.0144  -0.0116   0.0014
1818  -0.0916   0.0934  -0.0295   0.0691   0.0345   0.0147  -0.0034   0.0010   0.0010   0.0010   0.0010   0.0010   0.0000   0.0010   0.0010  -0.0144  -0.0117   0.0014
1819  -0.0268   0.1012  -0.0296   0.0765   0.0350   0.0148  -0.0034   0.0010   0.0010   0.0010   0.0010   0.0010   0.0000   0.0010   0.0010  -0.0145  -0.0117   0.0014
1820  -0.0055   0.1115  -0.0298   0.0863   0.0356   0.0149  -0.0034   0.0010   0.0010   0.0010   0.0010   0.0010   0.0000   0.0010   0.0010  -0.0146  -0.0118   0.0014
1821   0.0061   0.1221  -0.0300   0.0963   0.0361   0.0150  -0.0034   0.0010   0.0010   0.0010   0.0010   0.0010   0.0000   0.0010   0.0010  -0.0147  -0.0118   0.0014
1822  -0.1098   0.1312  -0.0305   0.1053   0.0367   0.0152  -0.0035   0.0010   0.0010   0.0010   0.0010   0.0010   0.0000   0.0010   0.0010  -0.0148  -0.0121   0.0015
1823  -1.1566   0.1354  -0.0310   0.1093   0.0372   0.0153  -0.0036   0.0010   0.0010   0.0010   0.0010   0.0010   0.0000   0.0010   0.0010  -0.0150  -0.0124   0.0015
1824  -0.3990   0.1370  -0.0311   0.1104   0.0378   0.0154  -0.0036   0.0010   0.0010   0.0010   0.0010   0.0010   0.0000   0.0010   0.0010  -0.0151  -0.0125   0.0015
1825   0.0074   0.1404  -0.0316   0.1136   0.0383   0.0155  -0.0037   0.0010   0.0010   0.0010   0.0010   0.0010   0.0000   0.0010   0.0010  -0.0152  -0.0128   0.0015
1826   0.0738   0.1458  -0.0318   0.1184   0.0388   0.0156  -0.0037   0.0010   0.0010   0.0010   0.0010   0.0010   0.0000   0.0010   0.0010  -0.0153  -0.0128   0.0015
1827   0.0981   0.1511  -0.0323   0.1236   0.0394   0.0158  -0.0038   0.0010   0.0010   0.0010   0.0010   0.0010   0.0000   0.0010   0.0010  -0.0154  -0.0131   0.0016
1828   0.1067   0.1567  -0.0325   0.1287   0.0399   0.0159  -0.0038   0.0010   0.0010   0.0010   0.0010   0.0010   0.0000   0.0010   0.0010  -0.0155  -0.0132   0.0016
1829   0.1138   0.1618  -0.0327   0.1333   0.0405   0.0160  -0.0038   0.0010   0.0010   0.0010   0.0010   0.0010   0.0000   0.0010   0.0010  -0.0156  -0.0132   0.0016
1830  -0.6368   0.1622  -0.0347   0.1350   0.0410   0.0162  -0.0043   0.0010   0.0010   0.0010   0.0010   0.0010   0.0000   0.0010   0.0010  -0.0158  -0.0147   0.0016
1831  -1.3902   0.1588  -0.0346   0.1308   0.0415   0.0163  -0.0042   0.0010   0.0010   0.0010   0.0010   0.0010   0.0000   0.0010   0.0010  -0.0159  -0.0145   0.0016
1832  -0.4121   0.1539  -0.0348   0.1253   0.0421   0.0165  -0.0042   0.0010   0.0010   0.0010   0.0010   0.0010   0.0000   0.0010   0.0010  -0.0159  -0.0146   0.0017
1833   0.0208   0.1528  -0.0352   0.1239   0.0427   0.0166  -0.0043   0.0010   0.0010   0.0010   0.0010   0.0010   0.0000   0.0010   0.0010  -0.0161  -0.0149   0.0017
1834   0.0928   0.1548  -0.0354   0.1255   0.0432   0.0168  -0.0043   0.0010   0.0010   0.0010   0.0010   0.0010   0.0000   0.0010   0.0010  -0.0162  -0.0149   0.0017
1835  -1.5084   0.1526  -0.0359   0.1231   0.0436   0.0169  -0.0044   0.0010   0.0010   0.0010   0.0010   0.0010   0.0000   0.0010   0.0010  -0.0162  -0.0152   0.0017
1836  -0.7754   0.1456  -0.0373   0.1167   0.0442   0.0171  -0.0047   0.0010   0.0010   0.0010   0.0010   0.0010   0.0000   0.0010   0.0010  -0.0164  -0.0162   0.0017
1837  -0.0354   0.1436  -0.0375   0.1142   0.0448   0.0172  -0.0047   0.0010   0.0010   0.0010   0.0010   0.0010   0.0000   0.0010   0.0010  -0.0165  -0.0163   0.0018
1838   0.1785   0.1455  -0.0380   0.1158   0.0454   0.0174  -0.0048   0.0010   0.0010   0.0010   0.0010   0.0010   0.0000   0.0010   0.0010  -0.0166  -0.0166   0.0018
1839   0.1775   0.1495  -0.0384   0.1196   0.0459   0.0176  -0.0049   0.0010   0.0010   0.0010   0.0010   0.0010   0.0000   0.0010   0.0010  -0.0167  -0.0169   0.0018
1840   0.1648   0.1538  -0.0393   0.1239   0.0465   0.0177  -0.0050   0.0010   0.0010   0.0010   0.0010   0.0010   0.0000   0.0010   0.0010  -0.0168  -0.0174   0.0018
1841   0.1486   0.1586  -0.0397   0.1283   0.0471   0.0179  -0.0051   0.0010   0.0010   0.0010   0.0010   0.0010   0.0000   0.0010   0.0010  -0.0169  -0.0177   0.0019
1842   0.1187   0.1627  -0.0406   0.1323   0.0478   0.0181  -0.0053   0.0010   0.0010   0.0010   0.0010   0.0010   0.0000   0.0010   0.0010  -0.0170  -0.0182   0.0019
1843   0.1097   0.1667  -0.0411   0.1359   0.0486   0.0183  -0.0054   0.0010   0.0010   0.0010   0.0010   0.0010   0.0000   0.0010   0.0010  -0.0172  -0.0185   0.0019
1844   0.1131   0.1701  -0.0419   0.1392   0.0492   0.0185  -0.0055   0.0010   0.0010   0.0010   0.0010   0.0010   0.0000   0.0010   0.0010  -0.0173  -0.0190   0.0019
1845   0.1287   0.1727  -0.0433   0.1423   0.0499   0.0187  -0.0058   0.0010   0.0010   0.0010   0.0010   0.0010   0.0000   0.0010   0.0010  -0.0174  -0.0200   0.0020
1846   0.1044   0.1764  -0.0434   0.1453   0.0506   0.0189  -0.0058   0.0010   0.0010   0.0010   0.0010   0.0010   0.0000   0.0010   0.0010  -0.0175  -0.0201   0.0020
1847  -0.0625   0.1785  -0.0445   0.1475   0.0513   0.0191  -0.0061   0.0010   0.0010   0.0010   0.0010   0.0010   0.0000   0.0010   0.0010  -0.0176  -0.0209   0.0020
1848   0.1490   0.1810  -0.0450   0.1495   0.0520   0.0193  -0.0062   0.0010   0.0010   0.0010   0.0010   0.0010   0.0000   0.0010   0.0010  -0.0177  -0.0211   0.0021
1849   0.1817   0.1837  -0.0461   0.1523   0.0528   0.0195  -0.0064   0.0010   0.0010   0.0010   0.0010   0.0010   0.0000   0.0010   0.0010  -0.0178  -0.0219   0.0021
1850   0.1963   0.1853  -0.0485   0.1554   0.0533   0.0197  -0.0068   0.0010   0.0010   0.0010   0.0010   0.0010   0.0000   0.0010   0.0010  -0.0184  -0.0232   0.0021
1851   0.1790   0.1900  -0.0486   0.1587   0.0537   0.0200  -0.0068   0.0010   0.0010   0.0010   0.0010   0.0010   0.0000   0.0010   0.0010  -0.0185  -0.0233   0.0021
1852   0.1736   0.1936  -0.0502   0.1617   0.0546   0.0202  -0.0071   0.0010   0.0010   0.0010   0.0010   0.0010   0.0000   0.0010   0.0010  -0.0189  -0.0242   0.0022
1853   0.1666   0.1986  -0.0509   0.1644   0.0554   0.0204  -0.0072   0.0010   0.0010   0.0010   0.0010   0.0010   0.0000   0.0010   0.0010  -0.0190  -0.0247   0.0022
1854  -0.0443   0.1997  -0.0542   0.1665   0.0564   0.0207  -0.0079   0.0010   0.0010   0.0010   0.0010   0.0010   0.0000   0.0010   0.0010  -0.0191  -0.0271   0.0022
1855   0.1096   0.2026  -0.0550   0.1682   0.0570   0.0209  -0.0081   0.0010   0.0010   0.0010   0.0010   0.0010   0.0000   0.0010   0.0010  -0.0192  -0.0277   0.0023
1856   0.1128   0.2048  -0.0567   0.1704   0.0576   0.0212  -0.0085   0.0010   0.0010   0.0010   0.0010   0.0010   0.0000   0.0010   0.0010  -0.0194  -0.0289   0.0023
1857   0.0496   0.2086  -0.0573   0.1724   0.0586   0.0214  -0.0086   0.0010   0.0010   0.0010   0.0010   0.0010   0.0000   0.0010   0.0010  -0.0195  -0.0292   0.0023
1858   0.1683   0.2123  -0.0579   0.1746   0.0593   0.0217  -0.0086   0.0010   0.0010   0.0010   0.0010   0.0010   0.0000   0.0010   0.0010  -0.0197  -0.0295   0.0023
1859   0.1924   0.2164  -0.0596   0.1773   0.0603   0.0219  -0.0090   0.0010   0.0010   0.0010   0.0010   0.0010   0.0000   0.0010   0.0010  -0.0198  -0.0308   0.0024
1860   0.2097   0.2187  -0.0623   0.1803   0.0610   0.0222  -0.0096   0.0010   0.0010   0.0010   0.0010   0.0010   0.0000   0.0010   0.0010  -0.0200  -0.0327   0.0024
1861   0.2255   0.2225  -0.0639   0.1834   0.0619   0.0225  -0.0099   0.0010   0.0010   0.0010   0.0010   0.0010   0.0000   0.0010   0.0010  -0.0202  -0.0338   0.0025
1862   0.2248   0.2278  -0.0639   0.1866   0.0627   0.0228  -0.0100   0.0010   0.0010   0.0010   0.0010   0.0010   0.0000   0.0010   0.0010  -0.0200  -0.0339   0.0025
1863   0.2130   0.2310  -0.0662   0.1899   0.0636   0.0231  -0.0105   0.0010   0.0010   0.0010   0.0010   0.0010   0.0000   0.0010   0.0010  -0.0202  -0.0356   0.0025
1864   0.2021   0.2341  -0.0692   0.1930   0.0643   0.0233  -0.0111   0.0010   0.0010   0.0010   0.0010   0.0010   0.0000   0.0010   0.0010  -0.0203  -0.0377   0.0025
1865   0.1981   0.2371  -0.0716   0.1959   0.0654   0.0236  -0.0116   0.0010   0.0010   0.0010   0.0010   0.0010   0.0000   0.0010   0.0010  -0.0205  -0.0394   0.0026
1866   0.1962   0.2412  -0.0727   0.1988   0.0665   0.0240  -0.0119   0.0010   0.0010   0.0010   0.0010   0.0010   0.0000   0.0010   0.0010  -0.0206  -0.0402   0.0026
1867   0.1975   0.2435  -0.0754   0.2017   0.0671   0.0243  -0.0124   0.0010   0.0010   0.0010   0.0010   0.0010   0.0000   0.0010   0.0010  -0.0208  -0.0421   0.0027
1868   0.2114   0.2474  -0.0768   0.2047   0.0681   0.0246  -0.0128   0.0010   0.0010   0.0010   0.0010   0.0010   0.0000   0.0010   0.0010  -0.0209  -0.0431   0.0027
1869   0.2300   0.2500  -0.0794   0.2080   0.0688   0.0249  -0.0133   0.0010   0.0010   0.0010   0.0010   0.0010   0.0000   0.0010   0.0010  -0.0211  -0.0450   0.0027
1870   0.2463   0.2553  -0.0812   0.2115   0.0698   0.0252  -0.0137   0.0010   0.0010   0.0010   0.0010   0.0010   0.0000   0.0010   0.0010  -0.0212  -0.0463   0.0028
1871   0.2791   0.2581  -0.0846   0.2154   0.0709   0.0256  -0.0145   0.0010   0.0010   0.0010   0.0010   0.0010   0.0000   0.0010   0.0010  -0.0215  -0.0487   0.0028
1872   0.2774   0.2584  -0.0908   0.2198   0.0716   0.0259  -0.0158   0.0010   0.0010   0.0010   0.0010   0.0010   0.0000   0.0010   0.0010  -0.0221  -0.0530   0.0028
1873   0.2834   0.2624  -0.0942   0.2248   0.0726   0.0262  -0.0165   0.0010   0.0010   0.0010   0.0010   0.0010   0.0000   0.0010   0.0010  -0.0223  -0.0554   0.0029
1874   0.2724   0.2724  -0.0914   0.2300   0.0732   0.0266  -0.0158   0.0010   0.0010   0.0010   0.0010   0.0010   0.0000   0.0010   0.0010  -0.0224  -0.0532   0.0029
1875   0.2588   0.2768  -0.0960   0.2355   0.0743   0.0269  -0.0169   0.0010   0.0010   0.0010   0.0010   0.0010   0.0000   0.0010   0.0010  -0.0226  -0.0565   0.0029
1876   0.2428   0.2838  -0.0972   0.2412   0.0753   0.0273  -0.0171   0.0010   0.0010   0.0010   0.0010   0.0010   0.0000   0.0010   0.0010  -0.0228  -0.0573   0.0030
1877   0.2336   0.2906  -0.0984   0.2472   0.0760   0.0277  -0.0174   0.0010   0.0010   0.0010   0.0010   0.0010   0.0000   0.0010   0.0010  -0.0230  -0.0580   0.0030
1878   0.2343   0.2983  -0.0993   0.2534   0.0770   0.0281  -0.0175   0.0010   0.0010   0.0010   0.0010   0.0010   0.0000   0.0010   0.0010  -0.0232  -0.0586   0.0030
1879   0.2374   0.3024  -0.1038   0.2599   0.0777   0.0284  -0.0186   0.0010   0.0010   0.0010   0.0010   0.0010   0.0000   0.0010   0.0010  -0.0234  -0.0619   0.0031
1880   0.2325   0.3035  -0.1121   0.2669   0.0787   0.0288  -0.0205   0.0010   0.0010   0.0010   0.0010   0.0010   0.0000   0.0010   0.0010  -0.0236  -0.0680   0.0031
1881   0.2581   0.3121  -0.1148   0.2745   0.0798   0.0292  -0.0210   0.0010   0.0010   0.0010   0.0010   0.0010   0.0000   0.0010   0.0010  -0.0240  -0.0697   0.0032
1882   0.2605   0.3185  -0.1185   0.2822   0.0809   0.0296  -0.0220   0.0010   0.0010   0.0010   0.0010   0.0010   0.0000   0.0010   0.0010  -0.0239  -0.0726   0.0032
1883  -0.4747   0.3213  -0.1237   0.2873   0.0823   0.0300  -0.0232   0.0010   0.0010   0.0010   0.0010   0.0010   0.0000   0.0010   0.0010  -0.0242  -0.0764   0.0033
1884  -1.8317   0.3203  -0.1249   0.2849   0.0834   0.0304  -0.0234   0.0010   0.0010   0.0010   0.0010   0.0010   0.0000   0.0010   0.0010  -0.0243  -0.0771   0.0033
1885  -0.4311   0.3169  -0.1260   0.2806   0.0841   0.0308  -0.0236   0.0010   0.0010   0.0010   0.0010   0.0010   0.0000   0.0010   0.0010  -0.0245  -0.0779   0.0033
1886   0.1421   0.3191  -0.1275   0.2822   0.0847   0.0312  -0.0240   0.0010   0.0010   0.0010   0.0010   0.0010   0.0000   0.0010   0.0010  -0.0246  -0.0789   0.0034
1887   0.2588   0.3238  -0.1317   0.2876   0.0858   0.0316  -0.0249   0.0010   0.0010   0.0010   0.0010   0.0010   0.0000   0.0010   0.0010  -0.0248  -0.0819   0.0034
1888   0.2642   0.3232  -0.1417   0.2944   0.0869   0.0320  -0.0273   0.0010   0.0010   0.0010   0.0010   0.0010   0.0000   0.0010   0.0010  -0.0251  -0.0893   0.0034
1889   0.2754   0.3324  -0.1419   0.3013   0.0880   0.0324  -0.0273   0.0010   0.0010   0.0010   0.0010   0.0010   0.0000   0.0010   0.0010  -0.0252  -0.0893   0.0035
1890  -0.3435   0.3315  -0.1500   0.3061   0.0890   0.0328  -0.0299   0.0010   0.0010   0.0010   0.0010   0.0010   0.0000   0.0010   0.0010  -0.0228  -0.0972   0.0035
1891  -0.1079   0.3311  -0.1558   0.3089   0.0902   0.0332  -0.0313   0.0010   0.0010   0.0010   0.0010   0.0010   0.0000   0.0010   0.0010  -0.0232  -0.1013   0.0036
1892   0.1960   0.3330  -0.1616   0.3125   0.0917   0.0336  -0.0326   0.0010   0.0010   0.0010   0.0010   0.0010   0.0000   0.0010   0.0010  -0.0235  -0.1054   0.0036
1893   0.3217   0.3347  -0.1673   0.3173   0.0929   0.0340  -0.0340   0.0010   0.0010   0.0010   0.0010   0.0010   0.0000   0.0010   0.0010  -0.0239  -0.1094   0.0037
1894   0.3620   0.3370  -0.1731   0.3228   0.0939   0.0345  -0.0354   0.0010   0.0010   0.0010   0.0010   0.0010   0.0000   0.0010   0.0010  -0.0243  -0.1134   0.0037
1895   0.3697   0.3397  -0.1787   0.3286   0.0950   0.0349  -0.0367   0.0010   0.0010   0.0010   0.0010   0.0010   0.0000   0.0010   0.0010  -0.0246  -0.1174   0.0038
1896   0.3628   0.3428  -0.1844   0.3344   0.0966   0.0353  -0.0381   0.0010   0.0010   0.0010   0.0010   0.0010   0.0000   0.0010   0.0010  -0.0250  -0.1214   0.0038
1897   0.3343   0.3453  -0.1901   0.3399   0.0977   0.0358  -0.0394   0.0010   0.0010   0.0010   0.0010   0.0010   0.0000   0.0010   0.0010  -0.0253  -0.1253   0.0039
1898   0.3238   0.3488  -0.1957   0.3454   0.0988   0.0362  -0.0408   0.0010   0.0010   0.0010   0.0010   0.0010   0.0000   0.0010   0.0010  -0.0257  -0.1293   0.0039
1899   0.3228   0.3518  -0.2013   0.3510   0.1003   0.0367  -0.0421   0.0010   0.0010   0.0010   0.0010   0.0010   0.0000   0.0010   0.0010  -0.0260  -0.1331   0.0040
1900   0.3108   0.3548  -0.2069   0.3568   0.1015   0.0372  -0.0435   0.0010   0.0010   0.0010   0.0010   0.0010   0.0000   0.0010   0.0010  -0.0264  -0.1370   0.0040
1901   0.3014   0.3564  -0.2152   0.3632   0.1035   0.0377  -0.0456   0.0010   0.0010   0.0010   0.0010   0.0010   0.0000   0.0010   0.0010  -0.0267  -0.1430   0.0041
1902  -0.0371   0.3579  -0.2235   0.3692   0.1057   0.0381  -0.0477   0.0010   0.0010   0.0010   0.0010   0.0010   0.0000   0.0010   0.0010  -0.0270  -0.1489   0.0042
1903  -1.4057   0.3553  -0.2318   0.3700   0.1080   0.0386  -0.0498   0.0010   0.0010   0.0010   0.0010   0.0010   0.0000   0.0010   0.0010  -0.0273  -0.1547   0.0043
1904  -0.2841   0.3499  -0.2399   0.3690   0.1103   0.0391  -0.0518   0.0010   0.0010   0.0010   0.0010   0.0010   0.0000   0.0010   0.0010  -0.0276  -0.1605   0.0044
1905   0.2037   0.3497  -0.2481   0.3729   0.1127   0.0396  -0.0539   0.0010   0.0010   0.0010   0.0010   0.0010   0.0000   0.0010   0.0010  -0.0279  -0.1662   0.0045
1906   0.3213   0.3533  -0.2562   0.3805   0.1152   0.0401  -0.0560   0.0010   0.0010   0.0010   0.0010   0.0010   0.0000   0.0010   0.0010  -0.0282  -0.1719   0.0046
1907   0.1888   0.3578  -0.2642   0.3892   0.1174   0.0406  -0.0581   0.0010   0.0010   0.0010   0.0010   0.0010   0.0000   0.0010   0.0010  -0.0285  -0.1776   0.0047
1908   0.2946   0.3626  -0.2722   0.3979   0.1199   0.0411  -0.0602   0.0010   0.0010   0.0010   0.0010   0.0010   0.0000   0.0010   0.0010  -0.0288  -0.1832   0.0048
1909   0.3178   0.3688  -0.2802   0.4067   0.1226   0.0417  -0.0623   0.0010   0.0010   0.0010   0.0010   0.0010   0.0000   0.0010   0.0010  -0.0291  -0.1887   0.0049
1910   0.3278   0.3738  -0.2881   0.4155   0.1251   0.0422  -0.0644   0.0010   0.0010   0.0010   0.0010   0.0010   0.0000   0.0010   0.0010  -0.0294  -0.1943   0.0050
1911   0.3298   0.3818  -0.2923   0.4238   0.1274   0.0427  -0.0655   0.0010   0.0010   0.0010   0.0010   0.0010   0.0000   0.0010   0.0010  -0.0297  -0.1971   0.0050
1912   0.0715   0.3885  -0.2965   0.4306   0.1298   0.0433  -0.0665   0.0010   0.0010   0.0010   0.0010   0.0010   0.0000   0.0010   0.0010  -0.0301  -0.1999   0.0051
1913   0.1262   0.3942  -0.3006   0.4360   0.1326   0.0438  -0.0676   0.0010   0.0010   0.0010   0.0010   0.0010   0.0000   0.0010   0.0010  -0.0304  -0.2027   0.0053
1914   0.3530   0.4010  -0.3048   0.4414   0.1355   0.0444  -0.0687   0.0010   0.0010   0.0010   0.0010   0.0010   0.0000   0.0010   0.0010  -0.0307  -0.2054   0.0054
1915   0.4059   0.4069  -0.3089   0.4470   0.1382   0.0450  -0.0698   0.0010   0.0010   0.0010   0.0010   0.0010   0.0000   0.0010   0.0010  -0.0310  -0.2082   0.0055
1916   0.4737   0.4137  -0.3131   0.4533   0.1411   0.0456  -0.0708   0.0010   0.0010   0.0010   0.0010   0.0010   0.0000   0.0010   0.0010  -0.0313  -0.2109   0.0056
1917   0.4709   0.4209  -0.3172   0.4602   0.1438   0.0462  -0.0719   0.0010   0.0010   0.0010   0.0010   0.0010   0.0000   0.0010   0.0010  -0.0316  -0.2137   0.0057
1918   0.5104   0.4284  -0.3213   0.4672   0.1468   0.0468  -0.0730   0.0010   0.0010   0.0010   0.0010   0.0010   0.0000   0.0010   0.0010  -0.0319  -0.2164   0.0058
1919   0.4746   0.4356  -0.3254   0.4735   0.1500   0.0474  -0.0740   0.0010   0.0010   0.0010   0.0010   0.0010   0.0000   0.0010   0.0010  -0.0323  -0.2191   0.0059
1920   0.4594   0.4434  -0.3295   0.4797   0.1529   0.0480  -0.0751   0.0010   0.0010   0.0010   0.0010   0.0010   0.0000   0.0010   0.0010  -0.0326  -0.2218   0.0061
1921   0.4295   0.4495  -0.3341   0.4859   0.1555   0.0486  -0.0763   0.0010   0.0010   0.0010   0.0010   0.0010   0.0000   0.0010   0.0010  -0.0330  -0.2249   0.0062
1922   0.2881   0.4551  -0.3387   0.4914   0.1585   0.0492  -0.0775   0.0010   0.0010   0.0010   0.0010   0.0010   0.0000   0.0010   0.0010  -0.0334  -0.2279   0.0063
1923   0.4073   0.4613  -0.3433   0.4973   0.1615   0.0499  -0.0787   0.0010   0.0010   0.0010   0.0010   0.0010   0.0000   0.0010   0.0010  -0.0338  -0.2309   0.0064
1924   0.4213   0.4683  -0.3479   0.5041   0.1645   0.0505  -0.0799   0.0010   0.0010   0.0010   0.0010   0.0010   0.0000   0.0010   0.0010  -0.0342  -0.2338   0.0065
1925   0.4387   0.4767  -0.3525   0.5111   0.1675   0.0512  -0.0811   0.0010   0.0010   0.0010   0.0010   0.0010   0.0000   0.0010   0.0010  -0.0346  -0.2368   0.0066
1926   0.4632   0.4842  -0.3570   0.5183   0.1705   0.0518  -0.0823   0.0010   0.0010   0.0010   0.0010   0.0010   0.0000   0.0010   0.0010  -0.0350  -0.2397   0.0068
1927   0.5144   0.4924  -0.3616   0.5263   0.1735   0.0524  -0.0835   0.0010   0.0010   0.0010   0.0010   0.0010   0.0000   0.0010   0.0010  -0.0354  -0.2427   0.0069
1928   0.4070   0.5010  -0.3661   0.5345   0.1765   0.0531  -0.0847   0.0010   0.0010   0.0010   0.0010   0.0010   0.0000   0.0010   0.0010  -0.0358  -0.2456   0.0070
1929   0.1915   0.5085  -0.3706   0.5418   0.1794   0.0537  -0.0859   0.0010   0.0010   0.0010   0.0010   0.0010   0.0000   0.0010   0.0010  -0.0362  -0.2485   0.0071
1930   0.3920   0.5150  -0.3751   0.5484   0.1820   0.0543  -0.0871   0.0010   0.0010   0.0010   0.0010   0.0010   0.0000   0.0010   0.0010  -0.0366  -0.2514   0.0072
1931   0.3693   0.5233  -0.3786   0.5545   0.1848   0.0550  -0.0880   0.0010   0.0010   0.0010   0.0010   0.0010   0.0000   0.0010   0.0010  -0.0370  -0.2536   0.0073
1932   0.4607   0.5297  -0.3821   0.5599   0.1874   0.0556  -0.0889   0.0010   0.0010   0.0010   0.0010   0.0010   0.0000   0.0010   0.0010  -0.0374  -0.2558   0.0074
1933   0.4991   0.5361  -0.3856   0.5651   0.1902   0.0562  -0.0899   0.0010   0.0010   0.0010   0.0010   0.0010   0.0000   0.0010   0.0010  -0.0377  -0.2580   0.0075
1934   0.5284   0.5424  -0.3891   0.5705   0.1927   0.0568  -0.0908   0.0010   0.0010   0.0010   0.0010   0.0010   0.0000   0.0010   0.0010  -0.0381  -0.2602   0.0077
1935   0.5585   0.5485  -0.3926   0.5759   0.1951   0.0574  -0.0917   0.0010   0.0010   0.0010   0.0010   0.0010   0.0000   0.0010   0.0010  -0.0385  -0.2624   0.0077
1936   0.6150   0.5560  -0.3961   0.5814   0.1976   0.0579  -0.0926   0.0010   0.0010   0.0010   0.0010   0.0010   0.0000   0.0010   0.0010  -0.0389  -0.2646   0.0078
1937   0.6082   0.5622  -0.3995   0.5869   0.1999   0.0585  -0.0935   0.0010   0.0010   0.0010   0.0010   0.0010   0.0000   0.0010   0.0010  -0.0392  -0.2668   0.0079
1938   0.6276   0.5676  -0.4030   0.5914   0.2024   0.0590  -0.0945   0.0010   0.0010   0.0010   0.0010   0.0010   0.0000   0.0010   0.0010  -0.0396  -0.2689   0.0080
1939   0.6359   0.5719  -0.4064   0.5950   0.2047   0.0595  -0.0954   0.0010   0.0010   0.0010   0.0010   0.0010   0.0000   0.0010   0.0010  -0.0400  -0.2711   0.0081
1940   0.6283   0.5763  -0.4099   0.5985   0.2072   0.0600  -0.0963   0.0010   0.0010   0.0010   0.0010   0.0010   0.0000   0.0010   0.0010  -0.0403  -0.2732   0.0082
1941   0.5949   0.5759  -0.4181   0.6018   0.2100   0.0605  -0.0986   0.0010   0.0010   0.0010   0.0010   0.0010   0.0000   0.0010   0.0010  -0.0408  -0.2787   0.0083
1942   0.5666   0.5756  -0.4264   0.6043   0.2125   0.0610  -0.1010   0.0010   0.0010   0.0010   0.0010   0.0010   0.0000   0.0010   0.0010  -0.0412  -0.2842   0.0084
1943   0.5476   0.5736  -0.4346   0.6062   0.2147   0.0616  -0.1034   0.0010   0.0010   0.0010   0.0010   0.0010   0.0000   0.0010   0.0010  -0.0417  -0.2896   0.0085
1944   0.5687   0.5717  -0.4428   0.6080   0.2173   0.0622  -0.1057   0.0010   0.0010   0.0010   0.0010   0.0010   0.0000   0.0010   0.0010  -0.0421  -0.2949   0.0086
1945   0.6053   0.5693  -0.4509   0.6090   0.2199   0.0628  -0.1081   0.0010   0.0010   0.0010   0.0010   0.0010   0.0000   0.0010   0.0010  -0.0426  -0.3002   0.0087
1946   0.5985   0.5665  -0.4589   0.6096   0.2224   0.0635  -0.1104   0.0010   0.0010   0.0010   0.0010   0.0010   0.0000   0.0010   0.0010  -0.0430  -0.3055   0.0088
1947   0.6284   0.5664  -0.4670   0.6113   0.2255   0.0641  -0.1128   0.0010   0.0010   0.0010   0.0010   0.0010   0.0000   0.0010   0.0010  -0.0435  -0.3107   0.0090
1948   0.7048   0.5668  -0.4750   0.6145   0.2285   0.0648  -0.1151   0.0010   0.0010   0.0010   0.0010   0.0010   0.0000   0.0010   0.0010  -0.0439  -0.3159   0.0091
1949   0.6641   0.5681  -0.4829   0.6184   0.2316   0.0655  -0.1175   0.0010   0.0010   0.0010   0.0010   0.0010   0.0000   0.0010   0.0010  -0.0443  -0.3211   0.0092
1950   0.6567   0.5707  -0.4909   0.6232   0.2351   0.0662  -0.1199   0.0010   0.0010   0.0010   0.0010   0.0010   0.0000   0.0010   0.0010  -0.0448  -0.3262   0.0093
1951   0.5842   0.5702  -0.5090   0.6288   0.2387   0.0669  -0.1253   0.0010   0.0010   0.0010   0.0010   0.0010   0.0000   0.0010   0.0010  -0.0458  -0.3379   0.0095
1952   0.5902   0.5702  -0.5270   0.6345   0.2425   0.0677  -0.1308   0.0010   0.0010   0.0010   0.0010   0.0010   0.0000   0.0010   0.0010  -0.0468  -0.3494   0.0096
1953   0.5435   0.5705  -0.5448   0.6407   0.2470   0.0684  -0.1362   0.0010   0.0010   0.0010   0.0010   0.0010   0.0000   0.0010   0.0010  -0.0478  -0.3607   0.0098
1954   0.5527   0.5727  -0.5623   0.6477   0.2512   0.0691  -0.1417   0.0010   0.0010   0.0010   0.0010   0.0010   0.0000   0.0010   0.0010  -0.0488  -0.3718   0.0100
1955   0.6349   0.5769  -0.5798   0.6561   0.2557   0.0698  -0.1471   0.0010   0.0010   0.0010   0.0010   0.0010   0.0000   0.0010   0.0010  -0.0498  -0.3828   0.0102
1956   0.6464   0.5834  -0.5970   0.6662   0.2604   0.0706  -0.1526   0.0010   0.0010   0.0010   0.0010   0.0010   0.0000   0.0010   0.0010  -0.0509  -0.3936   0.0103
1957   0.7115   0.5915  -0.6141   0.6775   0.2653   0.0713  -0.1580   0.0010   0.0010   0.0010   0.0010   0.0010   0.0000   0.0010   0.0010  -0.0519  -0.4042   0.0105
1958   0.7621   0.6001  -0.6310   0.6898   0.2703   0.0720  -0.1635   0.0010   0.0010   0.0010   0.0010   0.0010   0.0000   0.0010   0.0010  -0.0529  -0.4146   0.0107
1959   0.7516   0.6106  -0.6477   0.7027   0.2753   0.0728  -0.1689   0.0010   0.0010   0.0010   0.0010   0.0010   0.0000   0.0010   0.0010  -0.0539  -0.4249   0.0109
1960   0.7851   0.6251  -0.6643   0.7186   0.2806   0.0735  -0.1744   0.0010   0.0010   0.0010   0.0010   0.0010   0.0000   0.0010   0.0010  -0.0549  -0.4350   0.0112
1961   0.7698   0.6338  -0.6846   0.7321   0.2860   0.0742  -0.1813   0.0010   0.0010   0.0010   0.0010   0.0010   0.0000   0.0010   0.0010  -0.0557  -0.4476   0.0114
1962   0.7119   0.6429  -0.7047   0.7448   0.2917   0.0749  -0.1882   0.0010   0.0010   0.0010   0.0010   0.0010   0.0000   0.0010   0.0010  -0.0566  -0.4600   0.0116
1963  -0.2334   0.6496  -0.7246   0.7557   0.2972   0.0758  -0.1951   0.0010   0.0010   0.0010   0.0010   0.0010   0.0000   0.0010   0.0010  -0.0574  -0.4721   0.0118
1964  -0.0606   0.6564  -0.7443   0.7647   0.3028   0.0767  -0.2020   0.0010   0.0010   0.0010   0.0010   0.0010   0.0000   0.0010   0.0010  -0.0582  -0.4841   0.0120
1965   0.5018   0.6648  -0.7637   0.7735   0.3093   0.0778  -0.2089   0.0010   0.0010   0.0010   0.0010   0.0010   0.0001   0.0010   0.0010  -0.0590  -0.4958   0.0123
1966   0.6778   0.6828  -0.7830   0.7914   0.3153   0.0789  -0.2158   0.0010   0.0010   0.0010   0.0010   0.0010   0.0001   0.0010   0.0010  -0.0599  -0.5073   0.0125
1967   0.7130   0.6980  -0.8020   0.8056   0.3214   0.0802  -0.2227   0.0010   0.0010   0.0010   0.0010   0.0010   0.0001   0.0010   0.0010  -0.0607  -0.5187   0.0128
1968   0.5465   0.7165  -0.8209   0.8227   0.3278   0.0815  -0.2296   0.0010   0.0010   0.0010   0.0010   0.0010   0.0001   0.0010   0.0010  -0.0615  -0.5298   0.0130
1969   0.4793   0.7403  -0.8396   0.8432   0.3343   0.0829  -0.2364   0.0010   0.0010   0.0010   0.0010   0.0010   0.0001   0.0010   0.0010  -0.0623  -0.5408   0.0133
1970   0.7302   0.7622  -0.8581   0.8605   0.3410   0.0844  -0.2433   0.0010   0.0010   0.0010   0.0010   0.0010   0.0001   0.0010   0.0010  -0.0632  -0.5516   0.0136
1971   0.8519   0.7869  -0.8718   0.8753   0.3473   0.0860  -0.2484   0.0010   0.0010   0.0010   0.0010   0.0010   0.0001   0.0010   0.0010  -0.0640  -0.5594   0.0138
1972   0.8608   0.8198  -0.8853   0.8971   0.3540   0.0877  -0.2534   0.0010   0.0010   0.0010   0.0010   0.0010   0.0001   0.0010   0.0010  -0.0649  -0.5671   0.0141
1973   0.8884   0.8554  -0.8988   0.9216   0.3607   0.0895  -0.2584   0.0010   0.0010   0.0010   0.0010   0.0010   0.0002   0.0010   0.0010  -0.0658  -0.5747   0.0144
1974   0.8658   0.8828  -0.9123   0.9363   0.3673   0.0913  -0.2634   0.0010   0.0010   0.0010   0.0010   0.0010   0.0002   0.0010   0.0010  -0.0667  -0.5822   0.0146
1975   0.6338   0.9148  -0.9256   0.9549   0.3739   0.0933  -0.2685   0.0010   0.0010   0.0010   0.0010   0.0010   0.0002   0.0010   0.0010  -0.0675  -0.5896   0.0149
1976   0.8623   0.9463  -0.9388   0.9722   0.3804   0.0955  -0.2735   0.0010   0.0010   0.0010   0.0010   0.0010   0.0002   0.0010   0.0010  -0.0684  -0.5969   0.0152
1977   1.0337   0.9867  -0.9520   0.9977   0.3870   0.0978  -0.2785   0.0010   0.0010   0.0010   0.0010   0.0010   0.0003   0.0010   0.0010  -0.0693  -0.6042   0.0154
1978   1.1073   1.0243  -0.9651   1.0204   0.3939   0.1002  -0.2835   0.0010   0.0010   0.0010   0.0010   0.0010   0.0003   0.0010   0.0010  -0.0702  -0.6114   0.0157
1979   1.2027   1.0647  -0.9781   1.0454   0.4003   0.1027  -0.2886   0.0010   0.0010   0.0010   0.0010   0.0010   0.0004   0.0010   0.0010  -0.0710  -0.6185   0.0159
1980   1.2538   1.0998  -0.9911   1.0719   0.4072   0.1051  -0.2936   0.0010   0.0010   0.0010   0.0010   0.0010   0.0004   0.0010   0.0010  -0.0719  -0.6256   0.0162
1981   1.2852   1.1332  -0.9998   1.0960   0.4151   0.1075  -0.2969   0.0010   0.0010   0.0010   0.0010   0.0010   0.0005   0.0010   0.0010  -0.0727  -0.6302   0.0165
1982   0.5438   1.1688  -1.0085   1.1192   0.4227   0.1099  -0.3002   0.0010   0.0010   0.0010   0.0010   0.0010   0.0005   0.0010   0.0010  -0.0736  -0.6347   0.0168
1983   0.4516   1.2036  -1.0172   1.1437   0.4304   0.1123  -0.3035   0.0010   0.0010   0.0010   0.0010   0.0010   0.0006   0.0010   0.0010  -0.0744  -0.6393   0.0172
1984   1.0439   1.2319  -1.0258   1.1610   0.4378   0.1147  -0.3068   0.0010   0.0010   0.0010   0.0010   0.0010   0.0007   0.0010   0.0010  -0.0752  -0.6438   0.0174
1985   1.2328   1.2638  -1.0344   1.1824   0.4429   0.1171  -0.3101   0.0010   0.0010   0.0010   0.0010   0.0010   0.0008   0.0010   0.0010  -0.0761  -0.6483   0.0177
1986   1.2853   1.2993  -1.0430   1.2075   0.4477   0.1195  -0.3134   0.0010   0.0010   0.0010   0.0010   0.0010   0.0008   0.0010   0.0010  -0.0769  -0.6527   0.0178
1987   1.3457   1.3407  -1.0516   1.2372   0.4526   0.1219  -0.3167   0.0010   0.0010   0.0010   0.0010   0.0010   0.0009   0.0010   0.0010  -0.0777  -0.6571   0.0180
1988   1.4409   1.3809  -1.0601   1.2663   0.4567   0.1246  -0.3201   0.0010   0.0010   0.0010   0.0010   0.0010   0.0010   0.0010   0.0010  -0.0785  -0.6615   0.0182
1989   1.5626   1.4146  -1.0686   1.2893   0.4607   0.1274  -0.3234   0.0010   0.0010   0.0010   0.0010   0.0010   0.0011   0.0010   0.0010  -0.0794  -0.6659   0.0184
1990   1.5898   1.4508  -1.0771   1.3150   0.4644   0.1300  -0.3267   0.0010   0.0010   0.0010   0.0010   0.0010   0.0012   0.0010   0.0010  -0.0802  -0.6702   0.0185
1991   0.7165   1.4805  -1.0832   1.3344   0.4683   0.1323  -0.3290   0.0010   0.0010   0.0010   0.0010   0.0010   0.0013   0.0010   0.0010  -0.0809  -0.6732   0.0187
1992   0.2290   1.5020  -1.0893   1.3494   0.4713   0.1345  -0.3313   0.0010   0.0010   0.0010   0.0010   0.0010   0.0014   0.0010   0.0010  -0.0816  -0.6763   0.0188
1993   1.1682   1.5192  -1.0954   1.3617   0.4727   0.1366  -0.3337   0.0010   0.0010   0.0010   0.0010   0.0010   0.0015   0.0010   0.0010  -0.0824  -0.6793   0.0189
1994   1.5172   1.5432  -1.1014   1.3841   0.4750   0.1389  -0.3360   0.0010   0.0010   0.0010   0.0010   0.0010   0.0017   0.0010   0.0010  -0.0831  -0.6823   0.0189
1995   1.5600   1.5730  -1.1075   1.4114   0.4775   0.1412  -0.3383   0.0010   0.0010   0.0010   0.0010   0.0010   0.0018   0.0010   0.0010  -0.0838  -0.6853   0.0190
1996   1.5742   1.5982  -1.1135   1.4361   0.4784   0.1437  -0.3407   0.0010   0.0010   0.0010   0.0010   0.0010   0.0019   0.0010   0.0010  -0.0846  -0.6883   0.0191
1997   1.6288   1.6248  -1.1195   1.4631   0.4797   0.1464  -0.3430   0.0010   0.0010   0.0010   0.0010   0.0010   0.0020   0.0010   0.0010  -0.0853  -0.6912   0.0191
1998   1.7218   1.6608  -1.1255   1.4964   0.4832   0.1492  -0.3453   0.0010   0.0010   0.0010   0.0010   0.0010   0.0022   0.0010   0.0010  -0.0860  -0.6942   0.0193
1999   1.7794   1.6834  -1.1316   1.5172   0.4859   0.1523  -0.3477   0.0010   0.0010   0.0010   0.0010   0.0010   0.0023   0.0010   0.0010  -0.0868  -0.6971   0.0194
2000   1.8428   1.7088  -1.1376   1.5429   0.4865   0.1558  -0.3500   0.0010   0.0010   0.0010   0.0010   0.0010   0.0024   0.0010   0.0010  -0.0875  -0.7000   0.0194
