YEAR EMICO2FF EMICO2LU EMICH4ANT EMIN2OANT MISFOR UPCO2OCN UPCO2LND CONCO2 CONCH4 CONN2O TEMP
1750     0.00000031     0.01956434     0.00063217     0.00137214     0.00000000     0.00000000     0.00000000     0.00000000     0.00000000     0.00000000     0.77450705
1751     0.00000126     0.07971092     0.00077394     0.00564979     0.00000000     0.00576729     0.00226485     0.02403364     0.00008948     0.00003055     0.25286767
1752     0.00000129     0.08222553     0.00083585     0.00602802     0.00000000     0.00558247     0.00716567     0.02374072     0.00000288     0.00018237     0.08453889
1753     0.00000125     0.07947749     0.00123973     0.00652915     0.00000000     0.00557737     0.01165375     0.06519624     0.00005338     0.00049655     0.36378980
1754     0.00000115     0.07331078     0.00098977     0.00673619     0.00000000     0.00604803     0.01620726     0.05291926     0.00000031     0.00073246     0.02570125
1755     0.00000102     0.06461199     0.00204947     0.00664320     0.00000000     0.00612028     0.02059242     0.09937342     0.00001088     0.00028450     0.00544680
1756     0.00000086     0.05455505     0.00142359     0.00669121     0.00000000     0.00650985     0.02252987     0.07816474     0.00002155     0.00003800     0.16902674
1757     0.00000077     0.04858922     0.00212088     0.00642884     0.00000000     0.00782670     0.02142613     0.06127001     0.00000299     0.00290885     0.44256867
1758     0.00000065     0.04124856     0.00217290     0.00588578     0.00000000     0.00904080     0.01923559     0.11605812     0.00003069     0.00180656     0.60092005
1759     0.00000051     0.03210682     0.00235938     0.00551987     0.00000000     0.01066218     0.01636431     0.10515037     0.00000431     0.00095107     0.40378776
1760     0.00000039     0.02478520     0.00308812     0.00531947     0.00000000     0.01290239     0.01521371     0.10149031     0.00001783     0.00035515     0.76521936
1761     0.00000029     0.01865156     0.00248704     0.00488775     0.00000000     0.01403127     0.01675004     0.09953601     0.00000053     0.00428737     0.57531338
1762     0.00000021     0.01356952     0.00361281     0.00425694     0.00000000     0.01582188     0.01868491     0.09691234     0.00000021     0.00280705     0.81146519
1763     0.00000012     0.00736118     0.00374130     0.00380654     0.00000000     0.01682854     0.02189942     0.18245152     0.00000796     0.00162472     0.48549870
1764     0.00000003     0.00186691     0.00361002     0.00351256     0.00000000     0.01756402     0.02736916     0.17874027     0.00000035     0.00075161     0.14302595
1765     0.00000000     0.00000109     0.00435638     0.00304053     0.00000000     0.01769571     0.04004010     0.17425333     0.00000004     0.00536689     0.75900857
1766     0.00000003     0.00204255     0.00419510     0.00243432     0.00000000     0.01635139     0.05802423     0.15377306     0.00000256     0.00361753     1.15730347
1767     0.00000012     0.00740726     0.00523526     0.00200021     0.00000000     0.01839621     0.05207616     0.13017795     0.00000312     0.00221132     0.79672752
1768     0.00000021     0.01303601     0.00560886     0.00171145     0.00000000     0.02492888     0.03095854     0.06104912     0.00001222     0.00114119     0.69404058
1769     0.00000029     0.01815143     0.00538743     0.00133424     0.00000000     0.03141254     0.01808087     0.08023374     0.00000016     0.00629700     0.03299426
1770     0.00000042     0.02653502     0.00622171     0.00090195     0.00000000     0.03863990     0.01296530     0.11568996     0.00000138     0.00435284     0.10610283
1771     0.00000065     0.04103244     0.00519476     0.00060089     0.00000000     0.04350684     0.01352450     0.16628679     0.00000052     0.00276738     0.55894828
1772     0.00000095     0.06026563     0.00592118     0.00040110     0.00000000     0.04633836     0.01978367     0.12659634     0.00000941     0.00153749     1.93440557
1773     0.00000134     0.08525918     0.00648271     0.00027875     0.00000000     0.04854790     0.03172278     0.16976407     0.00000126     0.00065994     1.57715420
1774     0.00000183     0.11643600     0.00689434     0.00014008     0.00000000     0.04861133     0.04756298     0.11300213     0.00000809     0.00503892     0.73891521
1775     0.00000242     0.15340746     0.00690769     0.00002921     0.00000000     0.04510817     0.08532542     0.13498397     0.00000000     0.00329397     1.51561410
1776     0.00000301     0.19126199     0.00665264     0.00000005     0.00000000     0.03947217     0.13105498     0.05353695     0.00000833     0.00192308     1.59277116
1777     0.00000349     0.22144794     0.00827550     0.00001283     0.00000000     0.04513863     0.10054460     0.04255638     0.00000080     0.00091458     0.02780343
1778     0.00000385     0.24437542     0.00681024     0.00007796     0.00000000     0.05968406     0.05164136     0.01732907     0.00000312     0.00568941     0.01212525
1779     0.00000423     0.26857092     0.00751218     0.00024503     0.00000000     0.07023621     0.03501046     0.04500636     0.00001773     0.00380716     0.07283086
1780     0.00000474     0.30078839     0.00738537     0.00045304     0.00000000     0.07749715     0.03396224     0.03545208     0.00000872     0.00231058     0.00654725
1781     0.00000544     0.34573291     0.00576872     0.00066465     0.00000000     0.08479891     0.03920852     0.07927953     0.00000558     0.00118460     0.31403643
1782     0.00000645     0.40966609     0.00692607     0.00085699     0.00000000     0.07684310     0.09016640     0.06582127     0.00000515     0.00042647     0.05711076
1783     0.00000769     0.48822011     0.00657190     0.00119403     0.00000000     0.05324024     0.26150156     0.06706948     0.00000169     0.00432062     0.14374692
1784     0.00000869     0.55192435     0.00576480     0.00172193     0.00000000     0.04219330     0.35097282     0.00091282     0.00000546     0.00270073     0.57759644
1785     0.00000911     0.57826123     0.00626962     0.00224192     0.00000000     0.05402187     0.21602983     0.00109640     0.00001845     0.00146329     0.05205097
1786     0.00000916     0.58194355     0.00524280     0.00271820     0.00000000     0.07448095     0.10487082     0.01295412     0.00000336     0.00059947     1.26273595
1787     0.00000931     0.59096023     0.00619292     0.00309991     0.00000000     0.07401710     0.12469369     0.00053308     0.00006921     0.00011269     0.24277909
1788     0.00000981     0.62267373     0.00616828     0.00340646     0.00000000     0.05628459     0.26119258     0.00108673     0.00003170     0.00019235     0.01328876
1789     0.00000994     0.63099029     0.00385516     0.00393475     0.00000000     0.05217112     0.27820759     0.04104347     0.00002988     0.00170206     1.72363104
1790     0.00000927     0.58886469     0.00634804     0.00464862     0.00000000     0.06784885     0.14942910     0.10590870     0.00008092     0.00072950     0.73580260
1791     0.00000841     0.53426030     0.00587802     0.00520505     0.00000000     0.08822123     0.06982368     0.06296032     0.00000006     0.00016175     1.59310081
1792     0.00000765     0.48555705     0.00564830     0.00556437     0.00000000     0.10126444     0.04396887     0.06519026     0.00005851     0.00000309     1.24235366
1793     0.00000708     0.44929676     0.00601828     0.00612179     0.00000000     0.10883414     0.03954100     0.01855655     0.00000006     0.00180084     0.37744799
1794     0.00000669     0.42467567     0.00579942     0.00691503     0.00000000     0.11523316     0.04276911     0.01984741     0.00003141     0.00075970     0.38113872
1795     0.00000644     0.40903201     0.00532337     0.00750586     0.00000000     0.11783357     0.04960355     0.00151956     0.00000009     0.00015882     0.06509444
1796     0.00000651     0.41343904     0.00485218     0.00787010     0.00000000     0.12152123     0.05916056     0.00264369     0.00003027     0.00000663     0.10367048
1797     0.00000688     0.43664792     0.00554405     0.00799734     0.00000000     0.12309233     0.06954519     0.01748192     0.00000417     0.00032750     0.07730377
1798     0.00000729     0.46318320     0.00462903     0.00838899     0.00000000     0.12456900     0.07961154     0.00786105     0.00001691     0.00062348     2.36420129
1799     0.00000775     0.49199711     0.00403164     0.00902383     0.00000000     0.12828151     0.08867709     0.02478671     0.00000546     0.00006751     0.71683189
1800     0.00000849     0.53885306     0.00519969     0.00937885     0.00000000     0.13113093     0.09550734     0.05036699     0.00003296     0.00004651     0.10577283
1801     0.00000954     0.60562898     0.00512054     0.00949000     0.00000000     0.13628850     0.09732121     0.08657054     0.00000008     0.00049452     0.02381834
1802     0.00001098     0.69750101     0.00535625     0.00936636     0.00000000     0.14543654     0.09851288     0.14032029     0.00006110     0.00145463     0.00151719
1803     0.00001297     0.82350531     0.00519157     0.00947667     0.00000000     0.15223275     0.10617428     0.21561563     0.00000001     0.00000001     0.21787363
1804     0.00001568     0.99567979     0.00457634     0.00983084     0.00000000     0.16205468     0.11777103     0.31215394     0.00008339     0.00027931     0.01042797
1805     0.00001938     1.23087548     0.00433038     0.00998248     0.00000000     0.17282410     0.12742411     0.43973470     0.00002457     0.00113280     0.00004452
1806     0.00002449     1.55521628     0.00460225     0.00996202     0.00000000     0.18653068     0.13951229     0.61420326     0.00023073     0.00259940     0.00285316
1807     0.00003197     2.03033477     0.00340482     0.01028171     0.00000000     0.20655604     0.15753675     0.84858643     0.00007411     0.00020343     1.30829561
1808     0.00004467     2.83669520     0.00597154     0.01098191     0.00000000     0.07029134     1.47019621     1.44123443     0.00085614     0.00103199     0.09888773
1809     0.00005787     3.67526279     0.00877525     0.01201990     0.00000000     0.02327857     7.38778004     0.01949896     0.00343858     0.00015683     0.10320289
1810     0.00006687     4.24645466     0.00431739     0.01354612     0.00000000     0.09914486     8.81204451     0.03767980     0.00942118     0.00028917     0.16233714
1811     0.00007554     4.79677832     0.00039591     0.01525180     0.00000000     0.02396996     3.99908392     0.13340340     0.00287356     0.00006147     0.16863462
1812     0.00007367     4.67823207     0.00255870     0.01656391     0.00000000     0.00001106     1.53650922     2.86553367     0.00175352     0.00239827     1.46514118
1813     0.00006279     3.98769915     0.00255704     0.01715986     0.00000000     0.01159454     0.63620791     2.44068202     0.00002213     0.00444429     0.00985216
1814     0.00005534     3.51457904     0.00324370     0.01803802     0.00000000     0.00000033     1.49212594     1.86819076     0.00199410     0.00090780     0.04584702
1815     0.00005827     3.70054520     0.00910683     0.01988163     0.00000000     0.18538284     7.75574198     0.18494726     0.00416964     0.00014376     0.19731359
1816     0.00007027     4.46267065     0.00256019     0.02232316     0.00000000     0.47676670    11.78493783     0.57541358     0.01388357     0.00026851     0.25351039
1817     0.00008298     5.26985936     0.00000088     0.02497362     0.00000000     0.23781614     5.22732315     1.04691556     0.00456877     0.00005065     0.37976805
1818     0.00007005     4.44863173     0.00070703     0.02701120     0.00000000     0.03187220     0.84507901    16.91620045     0.00182132     0.00207982     4.39811751
1819     0.00003876     2.46160314     0.00173746     0.02782178     0.00000000     0.00017533     0.02767768    14.24847679     0.00001603     0.00394078     4.68628074
1820     0.00001814     1.15201655     0.00073086     0.02844411     0.00000000     0.01517246     0.03248743    10.03198529     0.00059035     0.00066450     1.47133081
1821     0.00000681     0.43256993     0.00098925     0.02900417     0.00000000     0.03240099     0.08761255     6.45678246     0.00000029     0.00188611     0.13741234
1822     0.00000171     0.10839558     0.00052160     0.02885621     0.00000000     0.02142169     0.00367142     3.93158501     0.00028845     0.00377408     1.80120522
1823     0.00000073     0.04604211     0.00051701     0.02922077     0.00000000     0.00367088     0.11545378     0.21373846     0.00000019     0.00004038     0.11446481
1824     0.00000021     0.01307494     0.00028984     0.02976954     0.00000000     0.00327837     0.11204159     3.18177821     0.00019461     0.00194817     2.03937197
1825     0.00000029     0.01825200     0.00020750     0.02924599     0.00000000     0.01605092     0.00174759     2.49443921     0.00000725     0.00400756     2.61920124
1826     0.00000204     0.12947760     0.00007623     0.02869806     0.00000000     0.03121096     0.02291942     1.63409492     0.00005765     0.00081828     1.78871919
1827     0.00000467     0.29627258     0.00004836     0.02814463     0.00000000     0.04205466     0.05458255     0.90951617     0.00004723     0.00238385     0.00017240
1828     0.00000758     0.48115542     0.00000006     0.02689357     0.00000000     0.04995962     0.06631709     0.57279650     0.00001416     0.00485225     0.99661484
1829     0.00001013     0.64352584     0.00000013     0.02578177     0.00000000     0.03685226     0.01017081     0.21777102     0.00003066     0.00135306     0.08722637
1830     0.00001102     0.69986360     0.00013538     0.02560581     0.00000000     0.00356615     0.17127596     0.00798654     0.00000032     0.00021641     0.07999119
1831     0.00001068     0.67797614     0.00011045     0.02597075     0.00000000     0.00657751     0.71767469     0.02438078     0.00004037     0.00004506     0.10806940
1832     0.00001246     0.79154758     0.00023224     0.02567659     0.00000000     0.00702948     0.45140707     0.72221877     0.00000128     0.00246593     0.48634312
1833     0.00001672     1.06164212     0.00036106     0.02503435     0.00000000     0.00001872     0.05282291     0.48981016     0.00001107     0.00034649     0.79009586
1834     0.00002061     1.30899335     0.00097690     0.02435538     0.00000000     0.00101174     0.06932037     0.23454448     0.00001867     0.00180593     0.01167187
1835     0.00002245     1.42566665     0.00130542     0.02380238     0.00000000     0.02998433     0.51713885     0.01004993     0.00023641     0.00027969     0.02919491
1836     0.00002292     1.45524458     0.00093442     0.02373371     0.00000000     0.04615616     0.53529350     0.02874487     0.00030387     0.00008711     0.02200137
1837     0.00002599     1.65050133     0.00133832     0.02277758     0.00000000     0.01613404     0.06280772     0.36409252     0.00008978     0.00392475     0.00781632
1838     0.00003144     1.99628297     0.00226684     0.02128266     0.00000000     0.00107311     0.02398299     0.14571280     0.00008065     0.00117349     0.17726917
1839     0.00003620     2.29914226     0.00297453     0.01974567     0.00000000     0.00054380     0.12283273     0.02177660     0.00012221     0.00372513     0.12385522
1840     0.00003957     2.51295975     0.00259770     0.01819036     0.00000000     0.00296284     0.17008975     0.01574776     0.00006799     0.00117448     0.25787161
1841     0.00004089     2.59672425     0.00288832     0.01661537     0.00000000     0.00547925     0.16418587     0.15789952     0.00019414     0.00394017     0.10361267
1842     0.00004049     2.57128993     0.00341685     0.01503116     0.00000000     0.00673597     0.13225374     0.28143027     0.00009195     0.00142220     0.55332834
1843     0.00003899     2.47579003     0.00344909     0.01398320     0.00000000     0.00806069     0.09823640     0.40676932     0.00019109     0.00017984     0.09748528
1844     0.00014623     2.32160848     0.00543897     0.01288955     0.00000000     0.00915971     0.07385158     0.52724697     0.00017440     0.00195221     1.64047846
1845     0.00013558     2.15253960     0.00459938     0.01180601     0.00000000     0.01028161     0.05482076     0.47320399     0.00005101     0.00045212     0.97820777
1846     0.00012634     2.00580649     0.00773267     0.01074845     0.00000000     0.00958189     0.02526975     0.40774093     0.00026882     0.00285570     0.89665998
1847     0.00011736     1.86322970     0.00521435     0.00965439     0.00000000     0.00782500     0.00746054     0.43319962     0.00000306     0.00102030     1.16707487
1848     0.00010958     1.73965391     0.01072349     0.00846872     0.00000000     0.00996329     0.01107919     0.30476323     0.00083318     0.00431157     0.75075922
1849     0.00010450     1.65906782     0.00520288     0.00723517     0.00000000     0.01531019     0.02392965     0.24196257     0.00024792     0.00210436     3.39178050
1850     0.00009959     1.58111002     0.01997669     0.00640396     0.00000000     0.01911057     0.02837057     0.32691813     0.00242711     0.00072100     0.31816629
1851     0.00009436     1.45082069     0.01053785     0.00556207     0.00000000     0.02166431     0.02504373     0.29137503     0.00193263     0.00395865     2.63064258
1852     0.00008852     1.68584543     0.00878808     0.00466576     0.00000000     0.02171945     0.01879730     0.37256495     0.00320197     0.00205511     2.56493621
1853     0.00008054     1.51161920     0.01822373     0.00399758     0.00000000     0.01913187     0.00521195     0.44559087     0.00095702     0.00081046     0.03253772
1854     0.00016380     1.36635665     0.00536791     0.00325191     0.00000000     0.01586664     0.00021639     0.31733209     0.00116581     0.00444981     0.00305458
1855     0.00014919     1.22639031     0.03634653     0.00247307     0.00000000     0.01555094     0.00118422     0.30638458     0.00010198     0.00264275     0.23325442
1856     0.00013738     1.14595120     0.00744188     0.00190241     0.00000000     0.01649120     0.00100404     0.20460440     0.00029004     0.00136547     0.07664643
1857     0.00012782     1.08188160     0.02527933     0.00131625     0.00000000     0.01736591     0.00150598     0.21555043     0.00267141     0.00603281     0.67333621
1858     0.00012075     1.05183452     0.01565084     0.00077014     0.00000000     0.02006446     0.00004395     0.13510397     0.00183664     0.00420884     0.30517310
1859     0.00011828     1.04510253     0.02309760     0.00041340     0.00000000     0.02520161     0.00121996     0.09110732     0.00421744     0.00280411     0.52043653
1860     0.00020637     1.04033175     0.02278638     0.00018527     0.00000000     0.02897689     0.00337687     0.13816045     0.00229353     0.00174895     0.13360003
1861     0.00020161     1.05970494     0.02291533     0.00002587     0.00000000     0.03244521     0.00459591     0.11114021     0.00457715     0.00738030     0.41075622
1862     0.00019594     0.84064519     0.03106263     0.00002554     0.00000000     0.03655818     0.00392579     0.17582669     0.00179371     0.00586329     2.40640893
1863     0.00018478     0.79277139     0.02109285     0.00020335     0.00000000     0.03839087     0.00190603     0.25610173     0.00278985     0.00466225     0.03857799
1864     0.00017818     0.76442964     0.04633766     0.00051575     0.00000000     0.04005934     0.00035260     0.21823443     0.00042992     0.00371517     1.66169108
1865     0.00027312     0.74991023     0.01362712     0.00092674     0.00000000     0.37662397     0.01233162     0.28792036     0.00016155     0.00296571     0.06167847
1866     0.00024683     0.67772659     0.04850826     0.00140339     0.00000000     0.25372129     0.00040208     0.35956427     0.00057662     0.00237463     0.29854525
1867     0.00020511     0.55462397     0.03317090     0.00194764     0.00000000     0.14709473     0.00062174     0.44257107     0.00042110     0.00191100     0.00090331
1868     0.00016384     0.44302957     0.03673604     0.00279201     0.00000000     0.10269705     0.00012624     0.54875212     0.00126324     0.00881193     0.26244401
1869     0.00018427     0.34071506     0.05635513     0.00405955     0.00000000     0.09072107     0.00004272     0.50763732     0.00015451     0.00820631     0.01796183
1870     0.00013478     0.24921659     0.02417032     0.00555103     0.00000000     0.07737823     0.00037983     0.66975846     0.00004734     0.00780379     0.00423120
1871     0.00008696     0.17350005     0.06195276     0.00725774     0.00000000     0.05057288     0.00000192     0.68850578     0.00075946     0.00759723     0.24124120
1872     0.00006577     0.12899409     0.04780612     0.00917686     0.00000000     0.04033695     0.01403472     0.77018306     0.00055157     0.00757597     0.00339434
1873     0.00002532     0.05159506     0.05012068     0.01132692     0.00000000     0.07030076     0.01029684     0.91902638     0.00124802     0.00772721     0.25986356
1874     0.00000250     0.00515907     0.07532762     0.01372096     0.00000000     0.06915947     0.00026714     0.88247548     0.00021745     0.00805530     0.82437313
1875     0.00000542     0.00877355     0.03560423     0.01631772     0.00000000     0.05493509     0.00120435     0.87526934     0.00000135     0.00856924     1.65247891
1876     0.00004370     0.07167432     0.08291110     0.01904678     0.00000000     0.05827515     0.01757650     0.90021209     0.00050641     0.00928016     2.44824238
1877     0.00011677     0.19628356     0.06281167     0.02181133     0.00000000     0.06975329     0.00754327     0.73808546     0.00152472     0.01019961     0.17900797
1878     0.00021847     0.37174223     0.07245517     0.02469711     0.00000000     0.07581681     0.07818130     0.61777779     0.00090931     0.01134356     2.87571981
1879     0.00034843     0.60007846     0.09048461     0.02798438     0.00000000     0.09019356     0.04477911     0.53891319     0.00131040     0.01275567     0.04577105
1880     0.00062371     0.86931530     0.06010554     0.03087721     0.00000000     0.12938100     0.01131409     0.34975100     0.00010140     0.00433650     0.07159382
1881     0.00100114     1.24045726     0.08833752     0.03312333     0.00000000     0.15496991     0.05317965     0.24280001     0.00023137     0.00544577     0.01907241
1882     0.00126056     1.35616415     0.06971234     0.03550963     0.00000000     0.15361373     0.08424781     0.16009358     0.00020705     0.00677112     0.00079881
1883     0.00182247     1.64022650     0.07268815     0.03658262     0.00000000     0.05044633     1.32982051     0.00400827     0.00202281     0.00051953     0.00024216
1884     0.00211409     1.90267891     0.09544275     0.03613814     0.00000000     0.00110656     5.21692795     0.01491684     0.00249540     0.00062654     0.11808169
1885     0.00244645     2.22857456     0.11913587     0.03557469     0.00000000     0.00008835     3.23490944     0.09541030     0.00388169     0.00074191     0.13880123
1886     0.00218834     1.99344715     0.10723632     0.03597809     0.00000000     0.01079947     1.33984529     2.20483164     0.00060072     0.00402213     3.18618621
1887     0.00170392     1.30425382     0.09884790     0.03775841     0.00000000     0.03217862     0.40595068     2.22065620     0.00007894     0.00526723     0.20943334
1888     0.00118917     0.76627719     0.11381042     0.04023135     0.00000000     0.05335066     0.49709149     1.66208074     0.00011172     0.00675517     0.18780558
1889     0.00065502     0.42208087     0.10786326     0.04237469     0.00000000     0.05640900     0.23757145     1.16017669     0.00016889     0.00143589     1.46862017
1890     0.00058358     0.32032730     0.12829521     0.04338482     0.00000000     0.03717154     0.70185659     0.06313189     0.00007581     0.00014582     0.00824534
1891     0.00056527     0.26699696     0.09363466     0.04600205     0.00000000     0.06167730     2.21713011     0.88904443     0.00086887     0.00352051     0.09402178
1892     0.00028322     0.14041972     0.10321796     0.04930228     0.00000000     0.08432518     0.63805220     0.88830240     0.00055598     0.00025176     0.21686319
1893     0.00009272     0.04597118     0.12229516     0.05256247     0.00000000     0.14699614     0.19882684     0.55668788     0.00039848     0.00079673     1.34780153
1894     0.00001372     0.00721422     0.11866731     0.05669503     0.00000000     0.19110643     0.04177691     0.25711002     0.00034526     0.00174082     1.15385865
1895     0.00000003     0.00001174     0.11352824     0.06051924     0.00000000     0.19769612     0.04464921     0.06182574     0.00045985     0.00003459     0.65262448
1896     0.00000550     0.00227926     0.09057619     0.06391460     0.00000000     0.17458216     0.01712129     0.00006118     0.00010793     0.00046804     0.48609505
1897     0.00000689     0.00257642     0.15157657     0.06706393     0.00000000     0.24159570     0.02897618     0.06363883     0.00001146     0.00014652     0.60765565
1898     0.00000000     0.00000091     0.09103726     0.07018083     0.00000000     0.32308878     0.03071678     0.13839660     0.00054336     0.00003187     0.76443905
1899     0.00002685     0.00812977     0.12169579     0.07297765     0.00000000     0.25882946     0.16208403     0.14750352     0.00098109     0.00068483     0.00020410
1900     0.00013948     0.03830224     0.11258665     0.07517745     0.00000000     0.29851076     0.08757600     0.16977649     0.00152949     0.00004392     0.36009174
1901     0.00045023     0.13432522     0.06775074     0.07765734     0.00000000     0.28200682     0.15978885     0.22700147     0.00039923     0.00134627     0.01579999
1902     0.00118781     0.32423474     0.09543345     0.07841398     0.00000000     0.04996283     0.55385550     0.15720345     0.00024504     0.00433518     0.63658400
1903     0.00236091     0.58045929     0.06009826     0.07979505     0.00000000     0.00005324     3.60481229     0.00057164     0.00051060     0.00011916     0.00325717
1904     0.00306164     0.79953259     0.08870748     0.08266748     0.00000000     0.00026346     1.82813251     0.01217739     0.00073470     0.00031512     0.00000000
1905     0.00339828     0.79897318     0.05217438     0.08493373     0.00000000     0.03175385     0.49844557     0.42959216     0.00052570     0.00218511     0.07796912
1906     0.00255516     0.59145544     0.07308238     0.08654687     0.00000000     0.16965890     0.12713779     0.56157975     0.00132436     0.00452156     0.41313178
1907     0.00217757     0.41508376     0.06260851     0.08799537     0.00000000     0.13451726     0.11222437     0.41836210     0.00058009     0.00810718     4.19347462
1908     0.00150224     0.30862732     0.05468093     0.09019551     0.00000000     0.10677423     0.13881259     0.29625293     0.00184691     0.00420425     4.00210203
1909     0.00119966     0.23297078     0.04635622     0.09235229     0.00000000     0.11828911     0.10751369     0.19182151     0.00060355     0.00737457     3.54133868
1910     0.00110201     0.18885321     0.06181993     0.09330607     0.00000000     0.09879302     0.05072254     0.10820670     0.00265611     0.01124991     4.00562654
1911     0.00096421     0.14594711     0.05345885     0.09417452     0.00000000     0.04374129     0.02065393     0.06269301     0.00124492     0.01566840     5.70823517
1912     0.00096541     0.11742256     0.05132339     0.09477433     0.00000000     0.03433606     0.03559271     0.02397659     0.00247755     0.00916859     2.38832271
1913     0.00090901     0.08618006     0.03833668     0.09507809     0.00000000     0.07909316     0.08130761     0.06940802     0.00197539     0.01256392     1.72909242
1914     0.00050897     0.05833634     0.04164002     0.09388682     0.00000000     0.12443899     0.31816852     0.06818248     0.00281806     0.01617869     0.09594139
1915     0.00036496     0.04001168     0.04163460     0.09251677     0.00000000     0.18496424     0.14447636     0.05810980     0.00183083     0.01754064     1.46428425
1916     0.00032095     0.03103374     0.03396611     0.09352977     0.00000000     0.20299664     0.07878046     0.03150776     0.00395243     0.01006361     3.37287481
1917     0.00020141     0.01728213     0.04478980     0.09620965     0.00000000     0.39365481     0.04678010     0.03556373     0.00069760     0.01230123    14.03486874
1918     0.00010019     0.00906782     0.02540197     0.09770887     0.00000000     0.95804109     0.00211268     0.00589999     0.00209565     0.01439915     7.63823061
1919     0.00013306     0.01628344     0.03268551     0.09736035     0.00000000     0.69492051     0.00084736     0.00005697     0.00059442     0.01635029     1.72352863
1920     0.00036307     0.03323502     0.02947641     0.09556654     0.00000000     0.70442729     0.02725395     0.00279411     0.00118452     0.01815914     1.97862581
1921     0.00045611     0.06364274     0.03892799     0.09393446     0.00000000     0.82308252     0.17804327     0.00000394     0.00054482     0.00829388     0.13918671
1922     0.00089289     0.10688735     0.01756272     0.09331820     0.00000000     0.70539020     0.49472946     0.01137410     0.00039495     0.00928481     3.14082149
1923     0.00190013     0.17661562     0.02971742     0.09225111     0.00000000     0.56434319     0.32761343     0.00410492     0.00007597     0.01021330     2.00015084
1924     0.00265076     0.24901461     0.01574881     0.09021724     0.00000000     0.52414792     0.20517096     0.00608827     0.00001701     0.01108753     4.95024148
1925     0.00316504     0.29732677     0.02426627     0.08673357     0.00000000     0.44774988     0.10884568     0.03797194     0.00001515     0.01194315     0.71687236
1926     0.00340966     0.32370449     0.01251250     0.08180700     0.00000000     0.29214566     0.11879491     0.03279096     0.00027205     0.01283626     1.19757878
1927     0.00423469     0.38409843     0.02189212     0.07694314     0.00000000     0.33613272     0.18614779     0.01360136     0.00004934     0.01231533     0.49768271
1928     0.00492783     0.42642156     0.00833377     0.07346702     0.00000000     0.33064935     0.22682126     0.02221862     0.00080524     0.00573876     0.62294142
1929     0.00612821     0.46338081     0.02156209     0.06998810     0.00000000     0.21319682     0.63519280     0.06059150     0.00028869     0.00637001     6.64892445
1930     0.00509200     0.46648966     0.01094434     0.06445711     0.00000000     0.19491362     0.82372570     0.07286123     0.00319899     0.00707234     1.29781111
1931     0.00365927     0.42598584     0.01343634     0.05727023     0.00000000     0.20277082     0.62452027     0.19802365     0.00027150     0.00796525     5.59445138
1932     0.00211356     0.30435249     0.01243088     0.05120751     0.00000000     0.18335381     0.35629552     0.44560042     0.00254975     0.00821151     0.01383342
1933     0.00127230     0.16182113     0.00684678     0.04567601     0.00000000     0.19463050     0.19348424     0.61528723     0.00030047     0.00956094     2.32912770
1934     0.00049592     0.05216788     0.01404938     0.03892318     0.00000000     0.18365729     0.49097308     0.79479632     0.00281678     0.01128029     0.45324689
1935     0.00003801     0.00358160     0.00787639     0.03122791     0.00000000     0.20956036     1.52570782     0.99151595     0.00000501     0.01351841     0.01500405
1936     0.00026884     0.02145487     0.00885527     0.02350508     0.00000000     0.13392087     0.23150529     1.18447459     0.00278587     0.01646660     0.72104845
1937     0.00235567     0.15551091     0.00832469     0.01620963     0.00000000     0.07790081     0.22260068     0.90354330     0.00007826     0.01837543     4.12993925
1938     0.00589762     0.42392642     0.00516659     0.01029944     0.00000000     0.05441698     0.54668696     0.77109531     0.00305725     0.01349696    26.21342052
1939     0.01155355     0.75491227     0.00939776     0.00641824     0.00000000     0.03305420     0.12763932     0.55964270     0.00026218     0.01802670     8.63254118
1940     0.01981407     1.05811821     0.00207913     0.00403010     0.00000000     0.01021440     0.05982613     0.39247945     0.00144827     0.02372399     4.65474730
1941     0.02766663     1.42223603     0.00468343     0.00235581     0.00000000     0.00140060     0.00372595     0.16284563     0.00063746     0.02668942     0.58029983
1942     0.03616279     1.90566476     0.00378368     0.00053889     0.00000000     0.00025457     0.00030418     0.01316490     0.00395869     0.03063912     0.38712963
1943     0.04547820     2.20575070     0.00805176     0.00017198     0.00000000     0.00050042     0.00000111     0.01856647     0.00016813     0.03358087    13.10903348
1944     0.04711302     2.41773114     0.00175066     0.00308047     0.00000000     0.00391306     0.00058651     0.13908198     0.00516164     0.03592612    34.70568693
1945     0.03226585     2.39121029     0.00626809     0.00843237     0.00000000     0.01004954     0.00105440     0.19681120     0.00288850     0.03447039    16.23905955
1946     0.03459536     2.65476457     0.00242416     0.01331144     0.00000000     0.01588788     0.01806111     0.23672176     0.00154237     0.03552818     1.55477905
1947     0.03835213     2.47650092     0.00101753     0.01814226     0.00000000     0.00679497     0.07571220     0.23223565     0.00508150     0.03560274     0.91546229
1948     0.03737619     2.25227790     0.00274681     0.02474513     0.00000000     0.00841975     0.19960871     0.34050372     0.00153753     0.03479442     0.03306788
1949     0.02988346     1.96320242     0.00038609     0.03263828     0.00000000     0.00867587     0.32952002     0.37882634     0.00402830     0.03053511     1.88012467
1950     0.03185749     1.65149198     0.00048254     0.04286832     0.00000000     0.00748071     0.06400439     0.50615474     0.00175075     0.02892195     0.32129278
1951     0.02989093     1.96728710     0.00021438     0.05328782     0.00000000     0.01295265     0.01967028     0.39211904     0.00258113     0.01807061     0.01028785
1952     0.02398074     1.69880197     0.00021837     0.06487073     0.00000000     0.02184173     0.00005485     0.29674485     0.00214660     0.01684141     0.27645750
1953     0.01914651     1.28401921     0.00027270     0.07612931     0.00000000     0.03064096     0.02601620     0.25197713     0.00252289     0.01440621     3.04038471
1954     0.01393155     0.98926131     0.00144350     0.08330751     0.00000000     0.02430369     0.04222319     0.15330375     0.00051619     0.01321358     6.01373448
1955     0.01208734     0.77358984     0.00055645     0.09029584     0.00000000     0.03277207     0.01959603     0.07098564     0.00134711     0.01175817     1.28348548
1956     0.01096625     0.67784726     0.00104347     0.10293284     0.00000000     0.02786220     0.03197005     0.06899896     0.00074082     0.01022477     4.17026513
1957     0.01013795     0.59645572     0.00147087     0.12316008     0.00000000     0.01482344     0.00985937     0.11443177     0.00000105     0.00821515     3.94094323
1958     0.00845849     0.49299626     0.00103454     0.14736705     0.00000000     0.00915501     0.00649428     0.13249815     0.00034526     0.00735281     3.82124743
1959     0.00934065     0.41513982     0.00082849     0.16793247     0.00000000     0.00560752     0.00001868     0.00241258     0.00000345     0.00674106     0.20528713
1960     0.01024498     0.40800290     0.00000457     0.18610754     0.00000000     0.01105172     0.00280360     0.00021838     0.00000128     0.00620599     1.60886406
1961     0.00966987     0.44309746     0.00046620     0.22344394     0.00000000     0.02268361     0.00555127     0.02442557     0.00000713     0.00508287     2.05314073
1962     0.00794996     0.34552330     0.00029252     0.24603396     0.00000000     0.03295555     0.05507601     0.00084268     0.00012418     0.00531057     4.42140336
1963     0.00958454     0.38444646     0.00009013     0.25274231     0.00000000     0.09426202     0.28455623     0.00226399     0.00264763     0.00022641     1.53115253
1964     0.00828725     0.31174788     0.00053780     0.25531443     0.00000000     0.13001706     0.41231622     0.00423820     0.00395352     0.00005025     0.15325178
1965     0.00322392     0.11301107     0.00223014     0.25318699     0.00000000     0.10440625     0.16622578     0.03370346     0.00027130     0.00003024     1.73905006
1966     0.00417077     0.13971887     0.00007069     0.25419781     0.00000000     0.06137031     0.06403713     0.01568950     0.00030776     0.00006558     0.91574432
1967     0.00315341     0.10003676     0.00196109     0.26513587     0.00000000     0.03759942     0.02343546     0.00020288     0.00008362     0.00018314     0.65815030
1968     0.00196493     0.05676794     0.00015286     0.28042143     0.00000000     0.03610168     0.05148347     0.00788882     0.00043717     0.00014566     0.12077429
1969     0.00676145     0.17713811     0.00239842     0.29689908     0.00000000     0.04179444     0.04087785     0.12419053     0.00028610     0.00098117     6.45870278
1970     0.02075457     0.46074550     0.00104308     0.30656098     0.00000000     0.05091922     0.07983307     0.12333001     0.00141081     0.00188543     0.30740193
1971     0.01915767     0.33813178     0.00007095     0.29901788     0.00000000     0.04622218     0.01787101     0.00386977     0.00000783     0.00230855     0.01570120
1972     0.01140981     0.17638647     0.00271587     0.28740936     0.00000000     0.03855508     0.01434411     0.09656454     0.00101195     0.00206488     0.22629533
1973     0.02854392     0.42042337     0.00135093     0.28414686     0.00000000     0.05105195     0.00735555     0.52387503     0.00000842     0.00388210     5.25351554
1974     0.04834582     0.70444926     0.00456003     0.26071675     0.00000000     0.05837592     0.00553544     0.10216058     0.00157565     0.00503135     0.23277628
1975     0.04978741     0.74160468     0.00437281     0.23331445     0.00000000     0.06127093     0.00820482     0.03150811     0.00054572     0.00468412     0.18445850
1976     0.02152455     0.34971158     0.00651752     0.18975612     0.00000000     0.05314722     0.02953502     0.07797760     0.00195552     0.00276961    10.04723745
1977     0.01167338     0.18770453     0.00982238     0.15801334     0.00000000     0.03729030     0.00808125     0.00692754     0.00033201     0.00613592     0.76642213
1978     0.00813898     0.12894382     0.02177593     0.15389746     0.00000000     0.03860992     0.01649889     0.09245034     0.00106328     0.01045046    15.43187533
1979     0.00980064     0.14117416     0.00861151     0.20223726     0.00000000     0.04339605     0.01633193     0.00379509     0.00023542     0.04545640     0.33086332
1980     0.01083670     0.15586197     0.04082345     0.21711475     0.00000000     0.05982426     0.01526946     0.01446164     0.00001761     0.00810060     1.21470946
1981     0.00436174     0.07605003     0.06284839     0.20433959     0.00000000     0.06686504     0.02410955     0.10253509     0.00020598     0.00917297     0.06216052
1982     0.00091221     0.02048579     0.05985803     0.22337091     0.00000000     0.09458492     0.16637443     0.05334973     0.00006857     0.00487738     0.57845546
1983     0.00006479     0.00154712     0.11161576     0.22366299     0.00000000     0.11964944     0.33463381     0.03770378     0.00014580     0.00199394     0.01609822
1984     0.00012609     0.00297480     0.05913251     0.26075793     0.00000000     0.11407169     0.17112176     0.06246552     0.00283949     0.02135237     0.02739220
1985     0.00239467     0.05487569     0.01531779     0.25680465     0.00000000     0.10036835     0.12429745     0.09831257     0.00024966     0.00944512     3.02708349
1986     0.00320709     0.07191673     0.03574883     0.28603638     0.00000000     0.09157527     0.08038267     0.09175283     0.00054879     0.05213558     0.55664501
1987     0.00000685     0.00014971     0.01893696     0.25686066     0.00000000     0.06108853     0.02407842     0.21513751     0.00024262     0.14017867     1.10075893
1988     0.00035137     0.00724248     0.01338516     0.13401366     0.00000000     0.05834916     0.03041302     0.24618556     0.00509091     0.06447707     4.12625206
1989     0.01672821     0.33345681     0.00926214     0.18637538     0.00000000     0.07526135     0.00630681     0.22193825     0.00000287     0.16103296     4.70368040
1990     0.04389586     0.85298005     0.01529917     0.37074249     0.00000000     0.10012466     0.01317584     0.10954001     0.00443616     0.06944723     3.09573142
1991     0.04292091     0.97701922     0.04974792     0.45333590     0.00000000     0.13776616     0.22454049     0.00042800     0.00000428     0.01007786     0.00391622
1992     0.04739904     0.99867888     0.00968848     0.45799220     0.00000000     0.17773249     0.60097110     0.01904214     0.00403730     0.00000467     0.57661218
1993     0.01773531     0.36835680     0.01132470     0.47686266     0.00000000     0.13811253     0.27483903     0.48826808     0.00314327     0.00621718     1.15592991
1994     0.00109791     0.02133280     0.05435177     0.44571217     0.00000000     0.08057175     0.07361623     0.05899567     0.00308520     0.07134252     0.78313861
1995     0.00366727     0.06575319     0.01912561     0.39602203     0.00000000     0.06273045     0.03267184     0.01221980     0.00034090     0.00643435     8.02422114
1996     0.01664526     0.27658770     0.00011104     0.35934466     0.00000000     0.06092852     0.00926940     0.01676452     0.00350678     0.04382619     0.88983309
1997     0.00672292     0.10595538     0.02380420     0.28959320     0.00000000     0.05415808     0.00685251     0.79817930     0.01550585     0.05279805     5.15595059
1998     0.00448208     0.06904267     0.06229865     0.19968712     0.00000000     0.04831766     0.00658300     0.00808447     0.00200332     0.13383442    26.60200059
1999     0.00508181     0.08037341     0.00178927     0.09323203     0.00000000     0.04521484     0.00000020     0.18102722     0.00149358     0.17683593     9.31633684
2000     0.00822927     0.12770857     0.00330219     0.01238539     0.00000000     0.00000000     0.00000000     0.42417720     0.00073916     0.30675270     0.03668475
