YEAR CONCO2 CONCH4 CONN2O T2M CUMCO2 ANTCO2 ANTCH4 ANTN2O ANTNOx ANTCO ANTVOC ANTSO2 RADTTL RADANT RADAER RADCO2 RADCH4 RADN2O pH
2000   369.84  1752.23   317.08   0.7042    437.24    8.0900    281.60    6.11   36.70  986.00  183.00   60.20   1.7964   1.6624  -1.1376   1.5429   0.4865   0.1558   8.0817
2001   371.49  1741.91   317.96   0.7239    445.16    7.9140    285.20    6.19   36.00  996.00  185.00   59.00   1.8335   1.7029  -1.1222   1.5668   0.4827   0.1586   8.0800
2002   373.21  1734.64   318.85   0.7444    453.32    8.1640    288.70    6.36   35.30 1006.00  187.00   57.80   1.8728   1.7455  -1.1067   1.5914   0.4799   0.1614   8.0783
2003   375.00  1730.03   319.75   0.7652    461.64    8.3210    292.20    6.43   34.80 1016.00  188.00   56.60   1.9150   1.7911  -1.0911   1.6169   0.4782   0.1643   8.0766
2004   376.91  1727.81   320.68   0.7859    470.49    8.8450    295.80    6.59   34.10 1026.00  189.00   55.40   1.9582   1.8376  -1.0753   1.6440   0.4773   0.1672   8.0748
2005   378.96  1727.87   321.62   0.8071    479.60    9.1140    299.20    6.69   33.40 1037.00  191.00   54.10   2.0063   1.8891  -1.0582   1.6730   0.4774   0.1702   8.0728
2006   381.11  1730.02   322.58   0.8288    489.05    9.4450    302.80    6.87   32.70 1046.00  193.00   52.90   2.0554   1.9416  -1.0421   1.7032   0.4782   0.1732   8.0708
2007   383.34  1734.04   323.53   0.8508    498.69    9.6420    306.20    6.59   32.00 1057.00  194.00   51.70   2.1061   1.9957  -1.0261   1.7343   0.4797   0.1762   8.0687
2008   385.52  1739.78   324.44   0.8732    508.08    9.3960    309.80    6.64   31.30 1067.00  196.00   50.50   2.1569   2.0498  -1.0099   1.7646   0.4819   0.1790   8.0666
2009   387.61  1747.10   325.35   0.8957    517.42    9.3340    313.30    6.71   30.60 1077.00  197.00   49.30   2.2069   2.1032  -0.9935   1.7935   0.4846   0.1819   8.0647
2010   389.78  1755.80   326.27   0.9185    527.27    9.8550    316.80    6.71   29.90 1087.00  198.00   48.10   2.2586   2.1582  -0.9770   1.8233   0.4879   0.1848   8.0627
2011   392.11  1766.29   327.17   0.9418    537.44   10.1630    323.20    6.65   29.60 1107.00  201.00   47.00   2.3133   2.2162  -0.9627   1.8550   0.4918   0.1876   8.0605
2012   394.51  1778.97   328.06   0.9654    547.79   10.3510    329.50    6.74   29.20 1128.00  205.00   46.00   2.3674   2.2737  -0.9498   1.8877   0.4965   0.1904   8.0583
2013   396.97  1793.69   328.97   0.9894    558.36   10.5720    335.90    6.85   28.80 1147.00  208.00   45.00   2.4225   2.3322  -0.9367   1.9209   0.5020   0.1932   8.0560
2014   399.50  1810.17   329.88   1.0139    569.17   10.8080    342.30    6.92   28.60 1168.00  210.00   44.00   2.4795   2.3926  -0.9237   1.9548   0.5081   0.1961   8.0537
2015   402.02  1828.25   330.80   1.0386    579.85   10.6780    348.60    6.94   28.20 1188.00  213.00   43.00   2.5356   2.4521  -0.9104   1.9883   0.5147   0.1989   8.0515
2016   404.49  1847.93   331.71   1.0635    590.55   10.7080    355.00    6.91   27.80 1209.00  216.00   42.00   2.5912   2.5110  -0.8972   2.0211   0.5219   0.2018   8.0492
2017   406.96  1868.99   332.61   1.0885    601.29   10.7370    361.30    6.89   27.50 1228.00  218.00   41.10   2.6456   2.5688  -0.8851   2.0534   0.5296   0.2045   8.0470
2018   409.41  1891.35   333.49   1.1137    612.06   10.7670    367.70    6.86   27.10 1249.00  221.00   40.00   2.7026   2.6291  -0.8701   2.0856   0.5376   0.2073   8.0448
2019   411.86  1915.00   334.36   1.1391    622.85   10.7960    374.10    6.84   26.80 1269.00  225.00   39.00   2.7587   2.6885  -0.8564   2.1174   0.5461   0.2100   8.0427
2020   414.31  1939.81   335.21   1.1646    633.68   10.8260    380.40    6.81   26.40 1289.00  228.00   38.00   2.8140   2.7473  -0.8426   2.1491   0.5550   0.2126   8.0405
2021   416.66  1965.05   336.04   1.1897    644.05   10.3660    383.53    6.67   26.00 1305.00  229.00   37.20   2.8645   2.8011  -0.8314   2.1792   0.5639   0.2152   8.0385
2022   418.79  1989.38   336.84   1.2142    653.95    9.9070    382.57    6.52   25.50 1321.00  230.00   36.30   2.9124   2.8524  -0.8186   2.2065   0.5725   0.2176   8.0366
2023   420.73  2012.49   337.59   1.2378    663.40    9.4470    383.31    6.37   25.10 1337.00  232.00   35.60   2.9543   2.8977  -0.8089   2.2311   0.5806   0.2200   8.0349
2024   422.48  2035.48   338.31   1.2607    672.39    8.9880    387.93    6.22   24.70 1354.00  234.00   34.70   2.9966   2.9433  -0.7960   2.2533   0.5886   0.2222   8.0334
2025   424.05  2059.15   338.99   1.2828    680.92    8.5280    393.17    6.08   24.30 1370.00  236.00   33.90   3.0350   2.9850  -0.7845   2.2731   0.5968   0.2242   8.0320
2026   425.45  2083.51   339.63   1.3041    688.98    8.0690    398.25    5.93   23.90 1386.00  237.00   33.10   3.0709   3.0244  -0.7729   2.2907   0.6051   0.2262   8.0308
2027   426.69  2108.47   340.24   1.3245    696.59    7.6090    402.98    5.78   23.40 1402.00  239.00   32.30   3.1043   3.0611  -0.7613   2.3062   0.6137   0.2281   8.0298
2028   427.76  2133.95   340.81   1.3440    703.74    7.1500    407.65    5.64   23.00 1418.00  241.00   31.50   3.1361   3.0963  -0.7495   2.3196   0.6223   0.2298   8.0289
2029   428.67  2159.90   341.35   1.3630    710.43    6.6910    412.17    5.49   22.50 1434.00  243.00   30.60   3.1670   3.1305  -0.7360   2.3310   0.6311   0.2315   8.0281
2030   429.43  2186.15   341.85   1.3811    716.67    6.2310    416.42    5.34   22.20 1450.00  244.00   29.80   3.1950   3.1619  -0.7241   2.3404   0.6399   0.2330   8.0274
2031   430.07  2212.58   342.33   1.3984    722.56    5.8940    420.77    5.34   21.90 1470.00  245.00   29.20   3.2213   3.1881  -0.7157   2.3483   0.6487   0.2345   8.0269
2032   430.61  2239.16   342.80   1.4150    728.12    5.5560    424.75    5.34   21.70 1490.00  246.00   28.60   3.2470   3.2139  -0.7074   2.3550   0.6575   0.2359   8.0264
2033   431.05  2265.81   343.27   1.4311    733.33    5.2190    428.74    5.34   21.40 1509.00  247.00   28.00   3.2713   3.2381  -0.6988   2.3605   0.6662   0.2374   8.0261
2034   431.40  2292.48   343.74   1.4467    738.22    4.8810    432.35    5.34   21.20 1529.00  248.00   27.30   3.2966   3.2635  -0.6886   2.3648   0.6750   0.2388   8.0258
2035   431.66  2319.10   344.20   1.4617    742.76    4.5440    435.86    5.34   20.90 1549.00  249.00   26.70   3.3186   3.2855  -0.6801   2.3680   0.6836   0.2402   8.0256
2036   431.82  2345.59   344.66   1.4764    746.97    4.2070    439.17    5.33   20.80 1568.00  250.00   26.00   3.3423   3.3092  -0.6696   2.3700   0.6922   0.2416   8.0254
2037   431.89  2371.91   345.11   1.4905    750.84    3.8690    442.28    5.33   20.50 1588.00  251.00   25.40   3.3620   3.3289  -0.6609   2.3708   0.7007   0.2430   8.0254
2038   431.86  2398.06   345.56   1.5040    754.37    3.5320    445.19    5.33   20.30 1608.00  252.00   24.80   3.3811   3.3480  -0.6522   2.3706   0.7090   0.2443   8.0254
2039   431.75  2423.96   346.00   1.5168    757.56    3.1940    447.90    5.33   20.00 1628.00  252.00   24.20   3.3984   3.3653  -0.6434   2.3692   0.7172   0.2457   8.0255
2040   431.55  2449.59   346.45   1.5293    760.42    2.8570    450.32    5.33   19.80 1647.00  254.00   23.50   3.4171   3.3840  -0.6326   2.3666   0.7253   0.2470   8.0256
2041   431.28  2474.81   346.88   1.5408    763.05    2.6270    452.71    5.31   19.60 1661.00  254.00   23.20   3.4276   3.3945  -0.6285   2.3633   0.7333   0.2484   8.0259
2042   430.96  2499.52   347.31   1.5517    765.44    2.3970    454.98    5.29   19.40 1676.00  254.00   22.70   3.4407   3.4076  -0.6209   2.3594   0.7410   0.2497   8.0261
2043   430.60  2523.60   347.72   1.5618    767.61    2.1680    456.95    5.27   19.40 1690.00  254.00   22.40   3.4504   3.4173  -0.6167   2.3549   0.7485   0.2509   8.0264
2044   430.19  2547.02   348.13   1.5713    769.55    1.9380    458.71    5.25   19.20 1705.00  254.00   22.00   3.4599   3.4267  -0.6108   2.3499   0.7557   0.2522   8.0268
2045   429.73  2569.82   348.54   1.5802    771.26    1.7080    460.26    5.23   19.10 1719.00  254.00   21.70   3.4671   3.4340  -0.6066   2.3442   0.7628   0.2534   8.0272
2046   429.22  2591.96   348.93   1.5883    772.73    1.4780    461.62    5.21   18.90 1734.00  254.00   21.40   3.4728   3.4397  -0.6025   2.3378   0.7696   0.2546   8.0276
2047   428.66  2613.45   349.32   1.5960    773.98    1.2480    462.85    5.20   18.80 1748.00  254.00   21.00   3.4799   3.4468  -0.5964   2.3308   0.7761   0.2558   8.0281
2048   428.05  2634.27   349.70   1.6033    775.00    1.0190    463.79    5.18   18.60 1763.00  254.00   20.60   3.4855   3.4524  -0.5904   2.3232   0.7825   0.2569   8.0286
2049   427.39  2654.45   350.07   1.6101    775.79    0.7890    464.61    5.16   18.40 1777.00  254.00   20.20   3.4902   3.4571  -0.5843   2.3150   0.7886   0.2580   8.0292
2050   426.68  2673.96   350.44   1.6163    776.35    0.5590    465.16    5.14   18.30 1792.00  255.00   19.90   3.4927   3.4595  -0.5801   2.3060   0.7945   0.2591   8.0298
2051   425.94  2692.52   350.80   1.6218    776.81    0.4620    465.27    5.13   18.20 1798.00  253.00   19.70   3.4926   3.4594  -0.5769   2.2968   0.8000   0.2602   8.0304
2052   425.21  2709.99   351.15   1.6266    777.18    0.3640    465.34    5.12   18.00 1805.00  252.00   19.50   3.4917   3.4585  -0.5738   2.2877   0.8053   0.2613   8.0311
2053   424.48  2726.47   351.50   1.6310    777.44    0.2670    465.15    5.11   17.90 1812.00  251.00   19.30   3.4909   3.4578  -0.5707   2.2785   0.8102   0.2623   8.0317
2054   423.74  2741.87   351.84   1.6351    777.61    0.1690    464.76    5.10   17.80 1818.00  250.00   19.00   3.4917   3.4586  -0.5656   2.2692   0.8148   0.2634   8.0323
2055   423.01  2756.22   352.18   1.6388    777.68    0.0720    464.19    5.10   17.70 1826.00  249.00   18.80   3.4901   3.4570  -0.5626   2.2599   0.8191   0.2644   8.0329
2056   422.26  2769.50   352.51   1.6421    777.66   -0.0260    463.43    5.09   17.60 1833.00  247.00   18.60   3.4880   3.4549  -0.5594   2.2505   0.8230   0.2654   8.0336
2057   421.51  2781.68   352.84   1.6451    777.53   -0.1240    462.56    5.08   17.60 1839.00  246.00   18.40   3.4861   3.4529  -0.5562   2.2411   0.8266   0.2664   8.0342
2058   420.76  2792.79   353.17   1.6478    777.31   -0.2210    461.44    5.07   17.50 1846.00  245.00   18.20   3.4831   3.4499  -0.5530   2.2315   0.8299   0.2674   8.0349
2059   419.99  2802.90   353.49   1.6500    776.99   -0.3190    460.14    5.06   17.40 1853.00  244.00   18.00   3.4796   3.4465  -0.5499   2.2217   0.8328   0.2683   8.0356
2060   419.21  2812.05   353.80   1.6519    776.58   -0.4160    458.66    5.05   17.20 1859.00  243.00   17.80   3.4752   3.4421  -0.5466   2.2118   0.8355   0.2693   8.0362
2061   418.43  2819.92   354.12   1.6534    776.08   -0.4970    455.24    5.05   17.10 1864.00  242.00   17.70   3.4689   3.4357  -0.5452   2.2019   0.8378   0.2702   8.0369
2062   417.64  2826.13   354.42   1.6543    775.50   -0.5770    451.64    5.06   17.00 1868.00  241.00   17.60   3.4619   3.4287  -0.5436   2.1918   0.8397   0.2712   8.0376
2063   416.84  2830.66   354.73   1.6549    774.85   -0.6580    447.98    5.06   17.00 1873.00  238.00   17.50   3.4544   3.4212  -0.5422   2.1816   0.8410   0.2721   8.0383
2064   416.04  2833.57   355.04   1.6551    774.11   -0.7380    444.14    5.06   16.90 1877.00  237.00   17.40   3.4460   3.4128  -0.5406   2.1713   0.8418   0.2730   8.0390
2065   415.23  2835.04   355.34   1.6547    773.29   -0.8190    440.26    5.06   16.80 1881.00  236.00   17.40   3.4350   3.4019  -0.5410   2.1609   0.8423   0.2739   8.0397
2066   414.41  2835.09   355.64   1.6540    772.39   -0.8990    436.21    5.06   16.80 1885.00  235.00   17.30   3.4259   3.3927  -0.5394   2.1503   0.8423   0.2748   8.0404
2067   413.58  2833.74   355.93   1.6529    771.41   -0.9800    432.12    5.06   16.70 1889.00  233.00   17.20   3.4154   3.3823  -0.5379   2.1396   0.8419   0.2757   8.0412
2068   412.74  2831.12   356.23   1.6516    770.35   -1.0600    427.92    5.06   16.60 1894.00  232.00   17.10   3.4044   3.3713  -0.5364   2.1288   0.8411   0.2766   8.0419
2069   411.89  2827.31   356.52   1.6499    769.21   -1.1410    423.58    5.06   16.50 1898.00  231.00   17.00   3.3929   3.3597  -0.5348   2.1178   0.8400   0.2774   8.0427
2070   411.03  2822.31   356.81   1.6479    767.99   -1.2210    419.20    5.06   16.50 1903.00  230.00   16.90   3.3813   3.3481  -0.5334   2.1066   0.8385   0.2783   8.0434
2071   410.15  2816.04   357.09   1.6455    766.69   -1.2980    414.73    5.07   16.30 1898.00  227.00   16.80   3.3681   3.3350  -0.5310   2.0952   0.8367   0.2791   8.0442
2072   409.27  2808.45   357.38   1.6431    765.31   -1.3750    410.17    5.07   16.20 1892.00  225.00   16.60   3.3569   3.3238  -0.5266   2.0838   0.8345   0.2800   8.0450
2073   408.38  2799.54   357.66   1.6400    763.86   -1.4530    405.54    5.07   16.10 1888.00  221.00   16.60   3.3409   3.3078  -0.5263   2.0721   0.8318   0.2808   8.0458
2074   407.48  2789.36   357.94   1.6367    762.33   -1.5300    400.83    5.07   16.00 1883.00  219.00   16.50   3.3265   3.2934  -0.5239   2.0603   0.8289   0.2817   8.0466
2075   406.57  2778.02   358.21   1.6331    760.72   -1.6070    396.04    5.07   15.90 1878.00  216.00   16.40   3.3114   3.2782  -0.5215   2.0484   0.8255   0.2825   8.0474
2076   405.64  2765.56   358.49   1.6290    759.04   -1.6840    391.15    5.07   15.80 1873.00  214.00   16.40   3.2939   3.2607  -0.5211   2.0362   0.8218   0.2833   8.0482
2077   404.71  2752.12   358.76   1.6245    757.28   -1.7620    386.26    5.07   15.60 1868.00  212.00   16.30   3.2772   3.2441  -0.5187   2.0239   0.8178   0.2841   8.0490
2078   403.76  2737.75   359.03   1.6199    755.44   -1.8390    381.34    5.08   15.50 1864.00  209.00   16.20   3.2604   3.2272  -0.5164   2.0113   0.8136   0.2850   8.0499
2079   402.80  2722.44   359.30   1.6148    753.52   -1.9160    376.39    5.08   15.40 1858.00  207.00   16.20   3.2413   3.2081  -0.5159   1.9986   0.8090   0.2858   8.0508
2080   401.82  2706.26   359.57   1.6096    751.53   -1.9930    371.44    5.08   15.30 1854.00  204.00   16.00   3.2252   3.1921  -0.5117   1.9857   0.8042   0.2865   8.0516
2081   400.83  2689.20   359.83   1.6040    749.45   -2.0820    366.17    5.09   15.20 1847.00  202.00   16.00   3.2050   3.1719  -0.5110   1.9725   0.7991   0.2873   8.0525
2082   399.83  2671.28   360.10   1.5979    747.28   -2.1710    360.90    5.11   15.00 1840.00  199.00   16.00   3.1835   3.1504  -0.5104   1.9591   0.7937   0.2881   8.0534
2083   398.81  2652.47   360.37   1.5916    745.02   -2.2600    355.71    5.12   15.00 1833.00  195.00   15.90   3.1643   3.1311  -0.5079   1.9455   0.7880   0.2889   8.0544
2084   397.77  2632.81   360.63   1.5849    742.67   -2.3490    350.62    5.13   14.90 1826.00  192.00   15.90   3.1421   3.1089  -0.5072   1.9315   0.7820   0.2897   8.0553
2085   396.71  2612.51   360.90   1.5781    740.23   -2.4370    345.76    5.15   14.90 1820.00  190.00   15.80   3.1219   3.0888  -0.5048   1.9173   0.7758   0.2905   8.0563
2086   395.64  2591.68   361.17   1.5711    737.71   -2.5260    341.20    5.16   14.80 1812.00  186.00   15.70   3.1005   3.0674  -0.5021   1.9029   0.7695   0.2913   8.0573
2087   394.55  2570.51   361.44   1.5635    735.09   -2.6150    336.96    5.18   14.60 1806.00  183.00   15.70   3.0764   3.0432  -0.5016   1.8882   0.7630   0.2921   8.0583
2088   393.44  2549.19   361.71   1.5558    732.39   -2.7040    333.25    5.19   14.60 1799.00  180.00   15.60   3.0549   3.0217  -0.4990   1.8732   0.7564   0.2929   8.0593
2089   392.32  2526.90   361.98   1.5478    729.59   -2.7930    324.60    5.21   14.50 1792.00  177.00   15.60   3.0302   2.9971  -0.4984   1.8580   0.7495   0.2937   8.0603
2090   391.19  2503.94   362.25   1.5395    726.71   -2.8810    321.85    5.22   14.40 1785.00  174.00   15.50   3.0069   2.9738  -0.4958   1.8425   0.7424   0.2945   8.0614
2091   390.04  2482.78   362.52   1.5310    723.74   -2.9720    326.77    5.23   14.50 1784.00  173.00   15.50   2.9832   2.9501  -0.4957   1.8268   0.7358   0.2953   8.0624
2092   388.87  2466.11   362.79   1.5227    720.68   -3.0630    339.60    5.24   14.50 1782.00  172.00   15.40   2.9625   2.9294  -0.4936   1.8108   0.7305   0.2961   8.0635
2093   387.69  2456.45   363.05   1.5145    717.52   -3.1530    360.42    5.25   14.50 1781.00  171.00   15.40   2.9425   2.9094  -0.4935   1.7946   0.7275   0.2969   8.0646
2094   386.50  2456.14   363.32   1.5069    714.28   -3.2440    389.42    5.25   14.50 1780.00  170.00   15.30   2.9281   2.8950  -0.4915   1.7781   0.7274   0.2977   8.0657
2095   385.30  2467.41   363.59   1.5000    710.95   -3.3350    426.63    5.26   14.50 1778.00  170.00   15.30   2.9165   2.8834  -0.4913   1.7616   0.7309   0.2985   8.0668
2096   384.10  2492.24   363.86   1.4944    707.52   -3.4250    472.15    5.27   14.60 1777.00  168.00   15.20   2.9125   2.8794  -0.4892   1.7449   0.7387   0.2993   8.0680
2097   382.90  2532.16   364.12   1.4900    704.00   -3.5160    523.67    5.28   14.60 1776.00  167.00   15.20   2.9122   2.8790  -0.4892   1.7281   0.7511   0.3001   8.0691
2098   381.70  2585.84   364.39   1.4873    700.40   -3.6070    567.50    5.29   14.70 1774.00  167.00   15.10   2.9198   2.8866  -0.4870   1.7114   0.7677   0.3009   8.0702
2099   380.50  2649.60   364.65   1.4859    696.70   -3.6970    603.50    5.30   14.60 1772.00  165.00   15.10   2.9278   2.8946  -0.4868   1.6947   0.7871   0.3017   8.0714
2100   379.32  2719.99   364.92   1.4861    692.91   -3.7880    631.51    5.31   14.60 1772.00  164.00   14.90   2.9425   2.9094  -0.4829   1.6780   0.8083   0.3024   8.0725
2101   378.16  2793.44   365.18   1.4872    689.12   -3.7880    649.28    5.31   14.60 1772.00  164.00   14.90   2.9544   2.9213  -0.4829   1.6617   0.8301   0.3032   8.0736
2102   377.05  2866.54   365.44   1.4889    685.34   -3.7880    658.90    5.31   14.60 1772.00  164.00   14.90   2.9663   2.9331  -0.4829   1.6460   0.8514   0.3040   8.0747
2103   375.98  2936.51   365.70   1.4911    681.55   -3.7880    660.35    5.31   14.60 1772.00  164.00   14.90   2.9770   2.9438  -0.4829   1.6308   0.8716   0.3047   8.0757
2104   374.94  3000.70   365.95   1.4934    677.76   -3.7880    653.65    5.31   14.60 1772.00  164.00   14.90   2.9857   2.9525  -0.4829   1.6161   0.8900   0.3055   8.0767
2105   373.94  3056.69   366.21   1.4956    673.97   -3.7880    638.79    5.31   14.60 1772.00  164.00   14.90   2.9914   2.9583  -0.4829   1.6018   0.9058   0.3063   8.0776
2106   372.96  3102.86   366.46   1.4975    670.18   -3.7880    619.61    5.31   14.60 1772.00  164.00   14.90   2.9938   2.9607  -0.4829   1.5878   0.9187   0.3070   8.0786
2107   372.01  3140.55   366.70   1.4988    666.40   -3.7880    608.58    5.31   14.60 1772.00  164.00   14.90   2.9934   2.9603  -0.4829   1.5741   0.9292   0.3077   8.0795
2108   371.07  3173.24   366.95   1.4995    662.61   -3.7880    605.71    5.31   14.60 1772.00  164.00   14.90   2.9914   2.9582  -0.4829   1.5607   0.9382   0.3085   8.0804
2109   370.15  3203.91   367.20   1.4999    658.82   -3.7880    609.70    5.31   14.60 1772.00  164.00   14.90   2.9888   2.9557  -0.4829   1.5474   0.9467   0.3092   8.0813
2110   369.24  3234.55   367.44   1.5000    655.03   -3.7880    617.40    5.31   14.60 1772.00  164.00   14.90   2.9865   2.9533  -0.4829   1.5343   0.9550   0.3099   8.0822
2111   368.35  3266.82   367.68   1.5000    651.24   -3.7880    630.71    5.31   14.60 1772.00  164.00   14.90   2.9849   2.9517  -0.4829   1.5215   0.9638   0.3106   8.0831
2112   367.48  3300.82   367.91   1.5000    647.46   -3.7880    639.58    5.31   14.60 1772.00  164.00   14.90   2.9840   2.9508  -0.4829   1.5088   0.9730   0.3113   8.0839
2113   366.62  3334.77   368.15   1.5000    643.67   -3.7880    643.45    5.31   14.60 1772.00  164.00   14.90   2.9832   2.9501  -0.4829   1.4962   0.9822   0.3120   8.0848
2114   365.77  3368.29   368.38   1.5000    639.88   -3.7880    650.03    5.31   14.60 1772.00  164.00   14.90   2.9824   2.9493  -0.4829   1.4839   0.9912   0.3127   8.0856
2115   364.94  3401.72   368.61   1.5000    636.09   -3.7880    655.74    5.31   14.60 1772.00  164.00   14.90   2.9817   2.9486  -0.4829   1.4717   1.0001   0.3134   8.0864
2116   364.12  3434.90   368.84   1.5000    632.30   -3.7880    661.26    5.31   14.60 1772.00  164.00   14.90   2.9810   2.9479  -0.4829   1.4597   1.0089   0.3140   8.0872
2117   363.31  3467.83   369.07   1.5000    628.52   -3.7880    666.86    5.31   14.60 1772.00  164.00   14.90   2.9803   2.9472  -0.4829   1.4478   1.0176   0.3147   8.0880
2118   362.51  3500.50   369.29   1.5000    624.73   -3.7880    672.19    5.31   14.60 1772.00  164.00   14.90   2.9796   2.9465  -0.4829   1.4361   1.0261   0.3154   8.0888
2119   361.73  3532.90   369.52   1.5000    620.94   -3.7880    677.68    5.31   14.60 1772.00  164.00   14.90   2.9789   2.9458  -0.4829   1.4246   1.0346   0.3160   8.0896
2120   360.96  3565.05   369.74   1.5000    617.15   -3.7880    682.91    5.31   14.60 1772.00  164.00   14.90   2.9783   2.9451  -0.4829   1.4132   1.0430   0.3167   8.0903
2121   360.19  3596.95   369.96   1.5000    613.36   -3.7880    688.31    5.31   14.60 1772.00  164.00   14.90   2.9776   2.9444  -0.4829   1.4019   1.0512   0.3173   8.0911
2122   359.44  3628.60   370.17   1.5000    609.58   -3.7880    693.46    5.31   14.60 1772.00  164.00   14.90   2.9769   2.9437  -0.4829   1.3908   1.0594   0.3179   8.0918
2123   358.70  3660.03   370.39   1.5000    605.79   -3.7880    698.80    5.31   14.60 1772.00  164.00   14.90   2.9762   2.9431  -0.4829   1.3797   1.0675   0.3186   8.0926
2124   357.97  3691.22   370.60   1.5000    602.00   -3.7880    703.89    5.31   14.60 1772.00  164.00   14.90   2.9755   2.9424  -0.4829   1.3688   1.0754   0.3192   8.0933
2125   357.25  3722.21   370.81   1.5000    598.21   -3.7880    709.17    5.31   14.60 1772.00  164.00   14.90   2.9748   2.9417  -0.4829   1.3581   1.0833   0.3198   8.0940
2126   356.54  3752.99   371.02   1.5000    594.42   -3.7880    714.21    5.31   14.60 1772.00  164.00   14.90   2.9741   2.9410  -0.4829   1.3474   1.0911   0.3204   8.0948
2127   355.83  3783.57   371.23   1.5000    590.64   -3.7880    719.44    5.31   14.60 1772.00  164.00   14.90   2.9735   2.9403  -0.4829   1.3369   1.0988   0.3210   8.0955
2128   355.14  3813.96   371.43   1.5000    586.85   -3.7880    724.42    5.31   14.60 1772.00  164.00   14.90   2.9728   2.9396  -0.4829   1.3264   1.1064   0.3216   8.0962
2129   354.45  3844.17   371.63   1.5000    583.06   -3.7880    729.61    5.31   14.60 1772.00  164.00   14.90   2.9721   2.9390  -0.4829   1.3161   1.1140   0.3222   8.0969
2130   353.77  3874.20   371.83   1.5000    579.27   -3.7880    734.55    5.31   14.60 1772.00  164.00   14.90   2.9714   2.9383  -0.4829   1.3058   1.1215   0.3228   8.0975
2131   353.10  3903.97   372.03   1.5000    575.48   -3.7880    739.09    5.31   14.60 1772.00  164.00   14.90   2.9707   2.9376  -0.4829   1.2957   1.1288   0.3234   8.0982
2132   352.43  3933.87   372.23   1.5000    571.70   -3.7880    746.23    5.31   14.60 1772.00  164.00   14.90   2.9701   2.9370  -0.4829   1.2856   1.1362   0.3240   8.0989
2133   351.78  3963.32   372.43   1.5000    567.91   -3.7880    747.50    5.31   14.60 1772.00  164.00   14.90   2.9694   2.9362  -0.4829   1.2756   1.1435   0.3246   8.0996
2134   351.12  3992.72   372.62   1.5000    564.12   -3.7880    756.65    5.31   14.60 1772.00  164.00   14.90   2.9687   2.9356  -0.4829   1.2658   1.1507   0.3251   8.1002
2135   350.48  4022.02   372.81   1.5000    560.33   -3.7880    757.64    5.31   14.60 1772.00  164.00   14.90   2.9680   2.9349  -0.4829   1.2560   1.1578   0.3257   8.1009
2136   349.84  4051.16   373.00   1.5000    556.54   -3.7880    766.46    5.31   14.60 1772.00  164.00   14.90   2.9674   2.9342  -0.4829   1.2463   1.1649   0.3262   8.1015
2137   349.21  4080.15   373.19   1.5000    552.76   -3.7880    767.30    5.31   14.60 1772.00  164.00   14.90   2.9667   2.9336  -0.4829   1.2366   1.1719   0.3268   8.1022
2138   348.59  4109.02   373.38   1.5000    548.97   -3.7880    776.31    5.31   14.60 1772.00  164.00   14.90   2.9660   2.9329  -0.4829   1.2271   1.1789   0.3273   8.1028
2139   347.97  4137.79   373.56   1.5000    545.18   -3.7880    777.16    5.31   14.60 1772.00  164.00   14.90   2.9654   2.9323  -0.4829   1.2176   1.1858   0.3279   8.1034
2140   347.36  4166.44   373.75   1.5000    541.39   -3.7880    786.03    5.31   14.60 1772.00  164.00   14.90   2.9647   2.9316  -0.4829   1.2082   1.1927   0.3284   8.1041
2141   346.75  4194.97   373.93   1.5000    537.60   -3.7880    786.79    5.31   14.60 1772.00  164.00   14.90   2.9641   2.9309  -0.4829   1.1989   1.1995   0.3290   8.1047
2142   346.15  4223.39   374.11   1.5000    533.82   -3.7880    795.71    5.31   14.60 1772.00  164.00   14.90   2.9634   2.9303  -0.4829   1.1896   1.2063   0.3295   8.1053
2143   345.55  4251.72   374.29   1.5000    530.03   -3.7880    796.47    5.31   14.60 1772.00  164.00   14.90   2.9628   2.9297  -0.4829   1.1804   1.2130   0.3300   8.1059
2144   344.96  4279.95   374.47   1.5000    526.24   -3.7880    805.32    5.31   14.60 1772.00  164.00   14.90   2.9621   2.9290  -0.4829   1.1713   1.2196   0.3305   8.1065
2145   344.38  4308.09   374.64   1.5000    522.45   -3.7880    806.01    5.31   14.60 1772.00  164.00   14.90   2.9615   2.9284  -0.4829   1.1622   1.2263   0.3310   8.1072
2146   343.80  4336.13   374.82   1.5000    518.66   -3.7880    814.86    5.31   14.60 1772.00  164.00   14.90   2.9609   2.9277  -0.4829   1.1532   1.2328   0.3315   8.1078
2147   343.22  4364.09   374.99   1.5000    514.88   -3.7880    815.55    5.31   14.60 1772.00  164.00   14.90   2.9602   2.9271  -0.4829   1.1443   1.2394   0.3320   8.1084
2148   342.65  4390.46   375.16   1.5000    511.09   -3.7880    815.80    5.31   14.60 1772.00  164.00   14.90   2.9592   2.9260  -0.4829   1.1354   1.2455   0.3325   8.1089
2149   342.09  4415.21   375.33   1.4998    507.30   -3.7880    815.80    5.31   14.60 1772.00  164.00   14.90   2.9577   2.9245  -0.4829   1.1265   1.2513   0.3330   8.1095
2150   341.52  4438.42   375.49   1.4996    503.51   -3.7880    815.80    5.31   14.60 1772.00  164.00   14.90   2.9557   2.9226  -0.4829   1.1178   1.2566   0.3335   8.1101
2151   340.96  4460.17   375.66   1.4993    499.72   -3.7880    815.80    5.31   14.60 1772.00  164.00   14.90   2.9534   2.9203  -0.4829   1.1090   1.2617   0.3340   8.1107
2152   340.41  4480.57   375.82   1.4989    495.94   -3.7880    815.80    5.31   14.60 1772.00  164.00   14.90   2.9507   2.9176  -0.4829   1.1003   1.2664   0.3345   8.1113
2153   339.86  4499.69   375.99   1.4983    492.15   -3.7880    815.80    5.31   14.60 1772.00  164.00   14.90   2.9477   2.9146  -0.4829   1.0916   1.2708   0.3350   8.1119
2154   339.31  4517.61   376.15   1.4976    488.36   -3.7880    815.80    5.31   14.60 1772.00  164.00   14.90   2.9443   2.9112  -0.4829   1.0830   1.2749   0.3354   8.1124
2155   338.76  4534.42   376.31   1.4968    484.57   -3.7880    815.80    5.31   14.60 1772.00  164.00   14.90   2.9407   2.9076  -0.4829   1.0744   1.2787   0.3359   8.1130
2156   338.21  4550.18   376.47   1.4959    480.78   -3.7880    815.80    5.31   14.60 1772.00  164.00   14.90   2.9368   2.9036  -0.4829   1.0658   1.2823   0.3364   8.1136
2157   337.67  4564.97   376.62   1.4949    477.00   -3.7880    815.80    5.31   14.60 1772.00  164.00   14.90   2.9326   2.8994  -0.4829   1.0572   1.2857   0.3368   8.1142
2158   337.13  4578.83   376.78   1.4937    473.21   -3.7880    815.80    5.31   14.60 1772.00  164.00   14.90   2.9281   2.8950  -0.4829   1.0487   1.2889   0.3373   8.1147
2159   336.59  4591.83   376.93   1.4925    469.42   -3.7880    815.80    5.31   14.60 1772.00  164.00   14.90   2.9235   2.8903  -0.4829   1.0402   1.2918   0.3377   8.1153
2160   336.06  4604.02   377.09   1.4911    465.63   -3.7880    815.80    5.31   14.60 1772.00  164.00   14.90   2.9186   2.8855  -0.4829   1.0316   1.2946   0.3382   8.1159
2161   335.52  4615.46   377.24   1.4896    461.84   -3.7880    815.80    5.31   14.60 1772.00  164.00   14.90   2.9135   2.8804  -0.4829   1.0232   1.2972   0.3386   8.1164
2162   334.99  4626.19   377.39   1.4881    458.06   -3.7880    815.80    5.31   14.60 1772.00  164.00   14.90   2.9082   2.8751  -0.4829   1.0147   1.2996   0.3390   8.1170
2163   334.46  4636.25   377.54   1.4864    454.27   -3.7880    815.80    5.31   14.60 1772.00  164.00   14.90   2.9028   2.8697  -0.4829   1.0062   1.3019   0.3395   8.1176
2164   333.93  4645.69   377.68   1.4847    450.48   -3.7880    815.80    5.31   14.60 1772.00  164.00   14.90   2.8972   2.8641  -0.4829   0.9978   1.3040   0.3399   8.1181
2165   333.40  4654.55   377.83   1.4828    446.69   -3.7880    815.80    5.31   14.60 1772.00  164.00   14.90   2.8914   2.8583  -0.4829   0.9893   1.3060   0.3403   8.1187
2166   332.88  4662.86   377.97   1.4809    442.90   -3.7880    815.80    5.31   14.60 1772.00  164.00   14.90   2.8855   2.8524  -0.4829   0.9809   1.3079   0.3408   8.1192
2167   332.35  4670.65   378.12   1.4789    439.12   -3.7880    815.80    5.31   14.60 1772.00  164.00   14.90   2.8795   2.8464  -0.4829   0.9725   1.3096   0.3412   8.1198
2168   331.83  4677.96   378.26   1.4768    435.33   -3.7880    815.80    5.31   14.60 1772.00  164.00   14.90   2.8733   2.8402  -0.4829   0.9641   1.3113   0.3416   8.1204
2169   331.31  4684.82   378.40   1.4747    431.54   -3.7880    815.80    5.31   14.60 1772.00  164.00   14.90   2.8671   2.8339  -0.4829   0.9557   1.3128   0.3420   8.1209
2170   330.79  4691.26   378.54   1.4724    427.75   -3.7880    815.80    5.31   14.60 1772.00  164.00   14.90   2.8607   2.8275  -0.4829   0.9473   1.3143   0.3424   8.1215
2171   330.27  4697.30   378.68   1.4701    423.96   -3.7880    815.80    5.31   14.60 1772.00  164.00   14.90   2.8542   2.8210  -0.4829   0.9389   1.3156   0.3428   8.1220
2172   329.75  4702.96   378.81   1.4678    420.18   -3.7880    815.80    5.31   14.60 1772.00  164.00   14.90   2.8476   2.8145  -0.4829   0.9306   1.3169   0.3432   8.1226
2173   329.24  4708.28   378.95   1.4654    416.39   -3.7880    815.80    5.31   14.60 1772.00  164.00   14.90   2.8409   2.8078  -0.4829   0.9222   1.3181   0.3436   8.1231
2174   328.73  4713.27   379.08   1.4629    412.60   -3.7880    815.80    5.31   14.60 1772.00  164.00   14.90   2.8342   2.8010  -0.4829   0.9139   1.3192   0.3440   8.1237
2175   328.21  4717.95   379.22   1.4604    408.81   -3.7880    815.80    5.31   14.60 1772.00  164.00   14.90   2.8273   2.7942  -0.4829   0.9056   1.3203   0.3444   8.1243
2176   327.70  4722.34   379.35   1.4578    405.02   -3.7880    815.80    5.31   14.60 1772.00  164.00   14.90   2.8204   2.7873  -0.4829   0.8972   1.3213   0.3447   8.1248
2177   327.19  4726.46   379.48   1.4552    401.24   -3.7880    815.80    5.31   14.60 1772.00  164.00   14.90   2.8135   2.7803  -0.4829   0.8889   1.3222   0.3451   8.1254
2178   326.68  4730.33   379.61   1.4525    397.45   -3.7880    815.80    5.31   14.60 1772.00  164.00   14.90   2.8064   2.7733  -0.4829   0.8806   1.3230   0.3455   8.1259
2179   326.18  4733.95   379.74   1.4498    393.66   -3.7880    815.80    5.31   14.60 1772.00  164.00   14.90   2.7993   2.7662  -0.4829   0.8724   1.3239   0.3459   8.1265
2180   325.67  4737.36   379.86   1.4470    389.87   -3.7880    815.80    5.31   14.60 1772.00  164.00   14.90   2.7922   2.7590  -0.4829   0.8641   1.3246   0.3462   8.1270
2181   325.17  4740.55   379.99   1.4442    386.08   -3.7880    815.80    5.31   14.60 1772.00  164.00   14.90   2.7850   2.7519  -0.4829   0.8558   1.3253   0.3466   8.1276
2182   324.67  4743.55   380.12   1.4414    382.30   -3.7880    815.80    5.31   14.60 1772.00  164.00   14.90   2.7778   2.7446  -0.4829   0.8476   1.3260   0.3470   8.1281
2183   324.17  4746.36   380.24   1.4385    378.51   -3.7880    815.80    5.31   14.60 1772.00  164.00   14.90   2.7705   2.7373  -0.4829   0.8393   1.3266   0.3473   8.1286
2184   323.67  4749.00   380.36   1.4356    374.72   -3.7880    815.80    5.31   14.60 1772.00  164.00   14.90   2.7632   2.7300  -0.4829   0.8311   1.3272   0.3477   8.1292
2185   323.17  4751.48   380.48   1.4327    370.93   -3.7880    815.80    5.31   14.60 1772.00  164.00   14.90   2.7558   2.7227  -0.4829   0.8229   1.3278   0.3480   8.1297
2186   322.67  4753.81   380.60   1.4297    367.14   -3.7880    815.80    5.31   14.60 1772.00  164.00   14.90   2.7484   2.7153  -0.4829   0.8147   1.3283   0.3484   8.1303
2187   322.18  4755.99   380.72   1.4267    363.36   -3.7880    815.80    5.31   14.60 1772.00  164.00   14.90   2.7410   2.7079  -0.4829   0.8065   1.3288   0.3487   8.1308
2188   321.68  4758.03   380.84   1.4236    359.57   -3.7880    815.80    5.31   14.60 1772.00  164.00   14.90   2.7335   2.7004  -0.4829   0.7983   1.3292   0.3491   8.1314
2189   321.19  4759.96   380.96   1.4206    355.78   -3.7880    815.80    5.31   14.60 1772.00  164.00   14.90   2.7261   2.6929  -0.4829   0.7901   1.3297   0.3494   8.1319
2190   320.70  4761.76   381.07   1.4175    351.99   -3.7880    815.80    5.31   14.60 1772.00  164.00   14.90   2.7186   2.6854  -0.4829   0.7820   1.3301   0.3497   8.1325
2191   320.21  4763.45   381.19   1.4144    348.20   -3.7880    815.80    5.31   14.60 1772.00  164.00   14.90   2.7111   2.6779  -0.4829   0.7738   1.3304   0.3501   8.1330
2192   319.72  4765.04   381.30   1.4113    344.42   -3.7880    815.80    5.31   14.60 1772.00  164.00   14.90   2.7035   2.6704  -0.4829   0.7657   1.3308   0.3504   8.1335
2193   319.24  4766.53   381.42   1.4081    340.63   -3.7880    815.80    5.31   14.60 1772.00  164.00   14.90   2.6960   2.6628  -0.4829   0.7576   1.3311   0.3507   8.1341
2194   318.75  4767.93   381.53   1.4049    336.84   -3.7880    815.80    5.31   14.60 1772.00  164.00   14.90   2.6884   2.6553  -0.4829   0.7495   1.3314   0.3511   8.1346
2195   318.27  4769.24   381.64   1.4017    333.05   -3.7880    815.80    5.31   14.60 1772.00  164.00   14.90   2.6808   2.6477  -0.4829   0.7414   1.3317   0.3514   8.1351
2196   317.79  4770.47   381.75   1.3985    329.26   -3.7880    815.80    5.31   14.60 1772.00  164.00   14.90   2.6733   2.6401  -0.4829   0.7333   1.3320   0.3517   8.1357
2197   317.31  4771.63   381.86   1.3953    325.48   -3.7880    815.80    5.31   14.60 1772.00  164.00   14.90   2.6657   2.6325  -0.4829   0.7252   1.3323   0.3520   8.1362
2198   316.83  4772.71   381.96   1.3921    321.69   -3.7880    815.80    5.31   14.60 1772.00  164.00   14.90   2.6580   2.6249  -0.4829   0.7171   1.3325   0.3523   8.1367
2199   316.35  4773.73   382.07   1.3888    317.90   -3.7880    815.80    5.31   14.60 1772.00  164.00   14.90   2.6504   2.6173  -0.4829   0.7091   1.3327   0.3526   8.1373
2200   316.67  4774.69   382.18   1.3867    317.90    0.0000    815.80    5.31   14.60 1772.00  164.00   14.90   2.6562   2.6231  -0.4829   0.7144   1.3329   0.3529   8.1369
2201   317.72  4775.58   382.28   1.3868    317.90    0.0000    815.80    5.31   14.60 1772.00  164.00   14.90   2.6743   2.6412  -0.4829   0.7321   1.3331   0.3532   8.1358
2202   318.66  4775.04   382.38   1.3884    317.90    0.0000    807.96    5.31   14.60 1772.00  164.00   14.90   2.6901   2.6569  -0.4829   0.7479   1.3330   0.3535   8.1347
2203   319.51  4772.28   382.49   1.3906    317.90    0.0000    803.02    5.31   14.60 1772.00  164.00   14.90   2.7037   2.6705  -0.4829   0.7621   1.3324   0.3538   8.1338
2204   320.29  4766.65   382.59   1.3932    317.90    0.0000    790.79    5.31   14.60 1772.00  164.00   14.90   2.7152   2.6821  -0.4829   0.7751   1.3311   0.3541   8.1329
2205   321.00  4755.71   382.69   1.3959    317.90    0.0000    770.96    5.31   14.60 1772.00  164.00   14.90   2.7242   2.6911  -0.4829   0.7870   1.3287   0.3544   8.1321
2206   321.66  4737.01   382.79   1.3984    317.90    0.0000    742.97    5.31   14.60 1772.00  164.00   14.90   2.7302   2.6971  -0.4829   0.7980   1.3245   0.3547   8.1314
2207   322.28  4708.14   382.89   1.4003    317.90    0.0000    706.82    5.31   14.60 1772.00  164.00   14.90   2.7326   2.6995  -0.4829   0.8082   1.3181   0.3550   8.1307
2208   322.86  4666.86   382.99   1.4016    317.90    0.0000    662.52    5.31   14.60 1772.00  164.00   14.90   2.7308   2.6977  -0.4829   0.8178   1.3088   0.3553   8.1301
2209   323.40  4613.79   383.09   1.4019    317.90    0.0000    625.54    5.31   14.60 1772.00  164.00   14.90   2.7250   2.6918  -0.4829   0.8266   1.2968   0.3556   8.1295
2210   323.90  4552.26   383.18   1.4013    317.90    0.0000    595.90    5.31   14.60 1772.00  164.00   14.90   2.7160   2.6829  -0.4829   0.8349   1.2828   0.3558   8.1289
2211   324.36  4485.40   383.28   1.3998    317.90    0.0000    573.63    5.31   14.60 1772.00  164.00   14.90   2.7049   2.6717  -0.4829   0.8426   1.2675   0.3561   8.1284
2212   324.80  4416.15   383.37   1.3975    317.90    0.0000    558.74    5.31   14.60 1772.00  164.00   14.90   2.6923   2.6592  -0.4829   0.8497   1.2515   0.3564   8.1280
2213   325.20  4347.31   383.47   1.3946    317.90    0.0000    551.26    5.31   14.60 1772.00  164.00   14.90   2.6793   2.6461  -0.4829   0.8563   1.2355   0.3567   8.1275
2214   325.57  4281.46   383.56   1.3913    317.90    0.0000    551.20    5.31   14.60 1772.00  164.00   14.90   2.6664   2.6333  -0.4829   0.8624   1.2200   0.3569   8.1271
2215   325.92  4221.06   383.65   1.3876    317.90    0.0000    558.59    5.31   14.60 1772.00  164.00   14.90   2.6546   2.6215  -0.4829   0.8681   1.2057   0.3572   8.1267
2216   326.24  4165.66   383.74   1.3839    317.90    0.0000    557.82    5.31   14.60 1772.00  164.00   14.90   2.6437   2.6106  -0.4829   0.8734   1.1925   0.3575   8.1264
2217   326.54  4112.06   383.83   1.3801    317.90    0.0000    548.89    5.31   14.60 1772.00  164.00   14.90   2.6329   2.5998  -0.4829   0.8783   1.1796   0.3577   8.1261
2218   326.82  4060.06   383.92   1.3762    317.90    0.0000    547.47    5.31   14.60 1772.00  164.00   14.90   2.6221   2.5890  -0.4829   0.8829   1.1671   0.3580   8.1258
2219   327.09  4012.21   384.01   1.3723    317.90    0.0000    553.58    5.31   14.60 1772.00  164.00   14.90   2.6122   2.5790  -0.4829   0.8872   1.1554   0.3582   8.1255
2220   327.33  3968.15   384.10   1.3684    317.90    0.0000    551.53    5.31   14.60 1772.00  164.00   14.90   2.6030   2.5698  -0.4829   0.8912   1.1447   0.3585   8.1252
2221   327.56  3927.53   384.19   1.3647    317.90    0.0000    557.06    5.31   14.60 1772.00  164.00   14.90   2.5945   2.5613  -0.4829   0.8950   1.1347   0.3587   8.1250
2222   327.78  3890.03   384.27   1.3610    317.90    0.0000    554.43    5.31   14.60 1772.00  164.00   14.90   2.5867   2.5535  -0.4829   0.8986   1.1254   0.3590   8.1247
2223   327.99  3855.38   384.36   1.3575    317.90    0.0000    559.41    5.31   14.60 1772.00  164.00   14.90   2.5794   2.5463  -0.4829   0.9020   1.1168   0.3592   8.1245
2224   328.19  3823.29   384.44   1.3541    317.90    0.0000    556.24    5.31   14.60 1772.00  164.00   14.90   2.5728   2.5396  -0.4829   0.9051   1.1088   0.3595   8.1243
2225   328.37  3793.51   384.53   1.3509    317.90    0.0000    560.73    5.31   14.60 1772.00  164.00   14.90   2.5666   2.5335  -0.4829   0.9082   1.1013   0.3597   8.1241
2226   328.55  3765.81   384.61   1.3478    317.90    0.0000    557.06    5.31   14.60 1772.00  164.00   14.90   2.5609   2.5277  -0.4829   0.9111   1.0943   0.3600   8.1239
2227   328.72  3739.98   384.69   1.3449    317.90    0.0000    561.09    5.31   14.60 1772.00  164.00   14.90   2.5556   2.5224  -0.4829   0.9138   1.0878   0.3602   8.1237
2228   328.88  3715.82   384.77   1.3421    317.90    0.0000    556.97    5.31   14.60 1772.00  164.00   14.90   2.5506   2.5175  -0.4829   0.9164   1.0817   0.3604   8.1235
2229   329.04  3693.15   384.86   1.3395    317.90    0.0000    560.60    5.31   14.60 1772.00  164.00   14.90   2.5460   2.5128  -0.4829   0.9190   1.0759   0.3607   8.1234
2230   329.19  3671.81   384.94   1.3370    317.90    0.0000    556.07    5.31   14.60 1772.00  164.00   14.90   2.5416   2.5085  -0.4829   0.9214   1.0705   0.3609   8.1232
2231   329.33  3651.64   385.02   1.3346    317.90    0.0000    559.34    5.31   14.60 1772.00  164.00   14.90   2.5375   2.5044  -0.4829   0.9237   1.0653   0.3611   8.1230
2232   329.47  3632.51   385.09   1.3323    317.90    0.0000    554.45    5.31   14.60 1772.00  164.00   14.90   2.5337   2.5005  -0.4829   0.9259   1.0604   0.3614   8.1229
2233   329.60  3614.29   385.17   1.3301    317.90    0.0000    557.40    5.31   14.60 1772.00  164.00   14.90   2.5300   2.4968  -0.4829   0.9281   1.0557   0.3616   8.1228
2234   329.73  3596.88   385.25   1.3279    317.90    0.0000    552.20    5.31   14.60 1772.00  164.00   14.90   2.5264   2.4933  -0.4829   0.9301   1.0512   0.3618   8.1226
2235   329.85  3580.17   385.33   1.3259    317.90    0.0000    554.88    5.31   14.60 1772.00  164.00   14.90   2.5230   2.4899  -0.4829   0.9321   1.0469   0.3620   8.1225
2236   329.97  3564.07   385.40   1.3240    317.90    0.0000    549.41    5.31   14.60 1772.00  164.00   14.90   2.5197   2.4866  -0.4829   0.9340   1.0427   0.3622   8.1224
2237   330.08  3548.50   385.48   1.3221    317.90    0.0000    551.87    5.31   14.60 1772.00  164.00   14.90   2.5165   2.4834  -0.4829   0.9359   1.0387   0.3625   8.1222
2238   330.19  3533.39   385.55   1.3203    317.90    0.0000    546.17    5.31   14.60 1772.00  164.00   14.90   2.5134   2.4802  -0.4829   0.9376   1.0347   0.3627   8.1221
2239   330.30  3515.83   385.63   1.3184    317.90    0.0000    532.32    5.31   14.60 1772.00  164.00   14.90   2.5093   2.4762  -0.4829   0.9394   1.0302   0.3629   8.1220
2240   330.40  3495.84   385.70   1.3164    317.90    0.0000    525.72    5.31   14.60 1772.00  164.00   14.90   2.5044   2.4713  -0.4829   0.9410   1.0249   0.3631   8.1219
2241   330.50  3476.29   385.77   1.3144    317.90    0.0000    527.28    5.31   14.60 1772.00  164.00   14.90   2.4995   2.4664  -0.4829   0.9426   1.0198   0.3633   8.1218
2242   330.59  3460.03   385.84   1.3124    317.90    0.0000    537.00    5.31   14.60 1772.00  164.00   14.90   2.4957   2.4625  -0.4829   0.9441   1.0155   0.3635   8.1217
2243   330.68  3446.83   385.91   1.3105    317.90    0.0000    538.57    5.31   14.60 1772.00  164.00   14.90   2.4928   2.4596  -0.4829   0.9456   1.0120   0.3637   8.1216
2244   330.77  3436.49   385.99   1.3088    317.90    0.0000    548.29    5.31   14.60 1772.00  164.00   14.90   2.4908   2.4576  -0.4829   0.9470   1.0093   0.3639   8.1215
2245   330.85  3431.70   386.06   1.3074    317.90    0.0000    566.16    5.31   14.60 1772.00  164.00   14.90   2.4906   2.4575  -0.4829   0.9483   1.0080   0.3641   8.1214
2246   330.94  3432.09   386.12   1.3064    317.90    0.0000    575.89    5.31   14.60 1772.00  164.00   14.90   2.4922   2.4590  -0.4829   0.9497   1.0081   0.3643   8.1213
2247   331.02  3434.44   386.19   1.3058    317.90    0.0000    577.45    5.31   14.60 1772.00  164.00   14.90   2.4944   2.4613  -0.4829   0.9511   1.0088   0.3645   8.1212
2248   331.11  3435.74   386.26   1.3054    317.90    0.0000    570.85    5.31   14.60 1772.00  164.00   14.90   2.4963   2.4631  -0.4829   0.9524   1.0091   0.3647   8.1211
2249   331.19  3433.22   386.33   1.3051    317.90    0.0000    556.19    5.31   14.60 1772.00  164.00   14.90   2.4968   2.4637  -0.4829   0.9538   1.0084   0.3649   8.1210
2250   331.28  3427.14   386.40   1.3047    317.90    0.0000    549.69    5.31   14.60 1772.00  164.00   14.90   2.4961   2.4630  -0.4829   0.9551   1.0068   0.3651   8.1210
2251   331.36  3417.76   386.46   1.3041    317.90    0.0000    535.15    5.31   14.60 1772.00  164.00   14.90   2.4943   2.4611  -0.4829   0.9565   1.0043   0.3653   8.1209
2252   331.44  3402.47   386.53   1.3032    317.90    0.0000    512.57    5.31   14.60 1772.00  164.00   14.90   2.4904   2.4572  -0.4829   0.9577   1.0003   0.3655   8.1208
2253   331.51  3381.69   386.59   1.3019    317.90    0.0000    498.15    5.31   14.60 1772.00  164.00   14.90   2.4846   2.4514  -0.4829   0.9590   0.9947   0.3657   8.1207
2254   331.58  3358.66   386.66   1.3002    317.90    0.0000    491.88    5.31   14.60 1772.00  164.00   14.90   2.4779   2.4447  -0.4829   0.9601   0.9886   0.3659   8.1206
2255   331.65  3333.56   386.72   1.2982    317.90    0.0000    477.61    5.31   14.60 1772.00  164.00   14.90   2.4704   2.4373  -0.4829   0.9611   0.9819   0.3660   8.1206
2256   331.71  3306.55   386.78   1.2958    317.90    0.0000    471.49    5.31   14.60 1772.00  164.00   14.90   2.4622   2.4290  -0.4829   0.9621   0.9746   0.3662   8.1205
2257   331.76  3277.80   386.85   1.2931    317.90    0.0000    457.37    5.31   14.60 1772.00  164.00   14.90   2.4532   2.4201  -0.4829   0.9630   0.9668   0.3664   8.1204
2258   331.81  3247.44   386.91   1.2902    317.90    0.0000    451.40    5.31   14.60 1772.00  164.00   14.90   2.4436   2.4104  -0.4829   0.9638   0.9586   0.3666   8.1204
2259   331.85  3215.64   386.97   1.2869    317.90    0.0000    437.45    5.31   14.60 1772.00  164.00   14.90   2.4333   2.4001  -0.4829   0.9644   0.9499   0.3668   8.1203
2260   331.89  3182.51   387.03   1.2833    317.90    0.0000    431.65    5.31   14.60 1772.00  164.00   14.90   2.4223   2.3892  -0.4829   0.9650   0.9408   0.3669   8.1203
2261   331.92  3151.03   387.09   1.2796    317.90    0.0000    434.02    5.31   14.60 1772.00  164.00   14.90   2.4119   2.3787  -0.4829   0.9655   0.9321   0.3671   8.1203
2262   331.95  3123.95   387.15   1.2759    317.90    0.0000    444.54    5.31   14.60 1772.00  164.00   14.90   2.4028   2.3697  -0.4829   0.9659   0.9246   0.3673   8.1202
2263   331.97  3101.01   387.21   1.2723    317.90    0.0000    447.07    5.31   14.60 1772.00  164.00   14.90   2.3951   2.3620  -0.4829   0.9663   0.9182   0.3674   8.1202
2264   331.99  3079.13   387.27   1.2688    317.90    0.0000    441.63    5.31   14.60 1772.00  164.00   14.90   2.3878   2.3546  -0.4829   0.9666   0.9121   0.3676   8.1202
2265   332.00  3055.42   387.33   1.2653    317.90    0.0000    428.19    5.31   14.60 1772.00  164.00   14.90   2.3796   2.3465  -0.4829   0.9669   0.9054   0.3678   8.1202
2266   332.02  3030.05   387.38   1.2617    317.90    0.0000    422.92    5.31   14.60 1772.00  164.00   14.90   2.3708   2.3377  -0.4829   0.9671   0.8983   0.3679   8.1202
2267   332.03  3005.92   387.44   1.2581    317.90    0.0000    425.36    5.31   14.60 1772.00  164.00   14.90   2.3623   2.3292  -0.4829   0.9673   0.8914   0.3681   8.1202
2268   332.04  2985.65   387.50   1.2546    317.90    0.0000    435.40    5.31   14.60 1772.00  164.00   14.90   2.3551   2.3220  -0.4829   0.9674   0.8857   0.3683   8.1201
2269   332.04  2968.90   387.55   1.2513    317.90    0.0000    437.44    5.31   14.60 1772.00  164.00   14.90   2.3492   2.3161  -0.4829   0.9675   0.8809   0.3684   8.1201
2270   332.05  2952.61   387.61   1.2481    317.90    0.0000    431.46    5.31   14.60 1772.00  164.00   14.90   2.3434   2.3103  -0.4829   0.9676   0.8763   0.3686   8.1201
2271   332.05  2936.64   387.66   1.2450    317.90    0.0000    432.89    5.31   14.60 1772.00  164.00   14.90   2.3377   2.3046  -0.4829   0.9676   0.8717   0.3688   8.1201
2272   332.06  2923.59   387.72   1.2421    317.90    0.0000    441.75    5.31   14.60 1772.00  164.00   14.90   2.3330   2.2999  -0.4829   0.9677   0.8679   0.3689   8.1201
2273   332.06  2913.15   387.77   1.2395    317.90    0.0000    442.56    5.31   14.60 1772.00  164.00   14.90   2.3293   2.2961  -0.4829   0.9678   0.8649   0.3691   8.1201
2274   332.06  2905.04   387.83   1.2371    317.90    0.0000    450.91    5.31   14.60 1772.00  164.00   14.90   2.3264   2.2933  -0.4829   0.9678   0.8626   0.3692   8.1201
2275   332.07  2898.99   387.88   1.2349    317.90    0.0000    451.10    5.31   14.60 1772.00  164.00   14.90   2.3243   2.2912  -0.4829   0.9679   0.8608   0.3694   8.1201
2276   332.08  2894.86   387.93   1.2330    317.90    0.0000    459.46    5.31   14.60 1772.00  164.00   14.90   2.3229   2.2898  -0.4829   0.9680   0.8597   0.3695   8.1201
2277   332.08  2892.52   387.98   1.2314    317.90    0.0000    459.65    5.31   14.60 1772.00  164.00   14.90   2.3222   2.2891  -0.4829   0.9681   0.8590   0.3697   8.1201
2278   332.09  2889.44   388.04   1.2299    317.90    0.0000    454.26    5.31   14.60 1772.00  164.00   14.90   2.3212   2.2881  -0.4829   0.9683   0.8581   0.3698   8.1201
2279   332.10  2886.10   388.09   1.2286    317.90    0.0000    457.02    5.31   14.60 1772.00  164.00   14.90   2.3202   2.2870  -0.4829   0.9684   0.8571   0.3700   8.1201
2280   332.11  2885.40   388.14   1.2274    317.90    0.0000    467.94    5.31   14.60 1772.00  164.00   14.90   2.3201   2.2870  -0.4829   0.9686   0.8569   0.3701   8.1201
2281   332.13  2887.27   388.19   1.2265    317.90    0.0000    471.35    5.31   14.60 1772.00  164.00   14.90   2.3210   2.2879  -0.4829   0.9688   0.8575   0.3703   8.1200
2282   332.14  2888.92   388.24   1.2258    317.90    0.0000    467.44    5.31   14.60 1772.00  164.00   14.90   2.3219   2.2888  -0.4829   0.9691   0.8579   0.3704   8.1200
2283   332.16  2887.81   388.29   1.2251    317.90    0.0000    456.32    5.31   14.60 1772.00  164.00   14.90   2.3218   2.2886  -0.4829   0.9693   0.8576   0.3705   8.1200
2284   332.18  2884.30   388.34   1.2244    317.90    0.0000    453.35    5.31   14.60 1772.00  164.00   14.90   2.3207   2.2876  -0.4829   0.9696   0.8566   0.3707   8.1200
2285   332.19  2881.43   388.38   1.2236    317.90    0.0000    458.54    5.31   14.60 1772.00  164.00   14.90   2.3199   2.2868  -0.4829   0.9699   0.8558   0.3708   8.1200
2286   332.21  2879.34   388.43   1.2229    317.90    0.0000    456.66    5.31   14.60 1772.00  164.00   14.90   2.3195   2.2863  -0.4829   0.9702   0.8552   0.3710   8.1200
2287   332.23  2878.17   388.48   1.2223    317.90    0.0000    462.93    5.31   14.60 1772.00  164.00   14.90   2.3193   2.2862  -0.4829   0.9705   0.8548   0.3711   8.1199
2288   332.25  2878.06   388.53   1.2218    317.90    0.0000    462.27    5.31   14.60 1772.00  164.00   14.90   2.3196   2.2865  -0.4829   0.9708   0.8548   0.3712   8.1199
2289   332.27  2876.45   388.57   1.2212    317.90    0.0000    454.33    5.31   14.60 1772.00  164.00   14.90   2.3194   2.2862  -0.4829   0.9711   0.8543   0.3714   8.1199
2290   332.29  2870.83   388.62   1.2206    317.90    0.0000    438.84    5.31   14.60 1772.00  164.00   14.90   2.3176   2.2844  -0.4829   0.9714   0.8527   0.3715   8.1199
2291   332.30  2858.73   388.66   1.2197    317.90    0.0000    415.19    5.31   14.60 1772.00  164.00   14.90   2.3134   2.2802  -0.4829   0.9717   0.8492   0.3716   8.1199
2292   332.32  2840.59   388.71   1.2182    317.90    0.0000    399.70    5.31   14.60 1772.00  164.00   14.90   2.3068   2.2736  -0.4829   0.9719   0.8439   0.3718   8.1198
2293   332.33  2819.71   388.76   1.2163    317.90    0.0000    392.37    5.31   14.60 1772.00  164.00   14.90   2.2991   2.2660  -0.4829   0.9721   0.8378   0.3719   8.1198
2294   332.34  2799.14   388.80   1.2141    317.90    0.0000    393.20    5.31   14.60 1772.00  164.00   14.90   2.2915   2.2583  -0.4829   0.9723   0.8317   0.3720   8.1198
2295   332.35  2781.74   388.84   1.2118    317.90    0.0000    402.18    5.31   14.60 1772.00  164.00   14.90   2.2850   2.2518  -0.4829   0.9723   0.8266   0.3721   8.1198
2296   332.35  2767.34   388.89   1.2095    317.90    0.0000    403.36    5.31   14.60 1772.00  164.00   14.90   2.2796   2.2465  -0.4829   0.9724   0.8224   0.3723   8.1198
2297   332.35  2754.62   388.93   1.2073    317.90    0.0000    405.94    5.31   14.60 1772.00  164.00   14.90   2.2748   2.2417  -0.4829   0.9724   0.8186   0.3724   8.1198
2298   332.34  2743.01   388.97   1.2051    317.90    0.0000    404.64    5.31   14.60 1772.00  164.00   14.90   2.2705   2.2373  -0.4829   0.9723   0.8151   0.3725   8.1198
2299   332.34  2733.20   389.02   1.2031    317.90    0.0000    411.50    5.31   14.60 1772.00  164.00   14.90   2.2668   2.2336  -0.4829   0.9723   0.8122   0.3726   8.1198
2300   332.34  2726.22   389.06   1.2012    317.90    0.0000    416.84    5.31   14.60 1772.00  164.00   14.90   2.2641   2.2310  -0.4829   0.9722   0.8101   0.3728   8.1198
