YEAR CONCO2 CONCH4 CONN2O T2M CUMCO2 ANTCO2 ANTCH4 ANTN2O ANTNOx ANTCO ANTVOC ANTSO2 RADTTL RADANT RADAER RADCO2 RADCH4 RADN2O pH
1750   277.00   710.20   272.60   0.0000   -0.05   -0.0468      2.11    0.03    3.96   45.60   10.50    0.38  -0.0021   0.0019  -0.0165   0.0000   0.0061   0.0089   8.1838
1751   277.13   710.97   272.61  -0.0030   -0.14   -0.0926      2.34    0.06    3.97   46.00   10.60    0.38  -0.0312   0.0048  -0.0166   0.0025   0.0066   0.0090   8.1837
1752   277.23   711.71   272.62  -0.0070   -0.23   -0.0892      2.43    0.07    3.98   46.30   10.70    0.38  -0.0488   0.0072  -0.0167   0.0044   0.0070   0.0090   8.1835
1753   277.32   712.47   272.64  -0.0096   -0.31   -0.0825      2.96    0.08    3.98   46.70   10.70    0.38  -0.0438   0.0092  -0.0168   0.0061   0.0075   0.0091   8.1834
1754   277.40   713.20   272.65  -0.0122   -0.38   -0.0735      2.64    0.08    3.99   47.00   10.80    0.39  -0.0549   0.0111  -0.0169   0.0076   0.0079   0.0091   8.1833
1755   277.47   713.99   272.67  -0.0152   -0.45   -0.0626      3.80    0.09    4.00   47.30   10.80    0.39  -0.0650   0.0130  -0.0170   0.0090   0.0084   0.0092   8.1832
1756   277.54   714.78   272.69  -0.0174   -0.50   -0.0502      3.17    0.09    4.01   47.70   10.90    0.39  -0.0622   0.0148  -0.0172   0.0103   0.0089   0.0093   8.1832
1757   277.61   715.51   272.71  -0.0174   -0.54   -0.0406      3.87    0.10    4.02   48.10   11.00    0.39  -0.0445   0.0165  -0.0173   0.0117   0.0093   0.0093   8.1831
1758   277.69   716.28   272.73  -0.0164   -0.57   -0.0294      3.91    0.10    4.03   48.40   11.10    0.40  -0.0345   0.0185  -0.0174   0.0133   0.0097   0.0094   8.1830
1759   277.78   717.01   272.75  -0.0148   -0.58   -0.0159      4.08    0.10    4.04   48.80   11.10    0.40  -0.0244   0.0206  -0.0175   0.0149   0.0102   0.0095   8.1829
1760   277.87   717.79   272.77  -0.0117   -0.59   -0.0031      4.66    0.11    4.05   49.10   11.20    0.40  -0.0022   0.0228  -0.0176   0.0167   0.0106   0.0095   8.1827
1761   277.97   718.50   272.79  -0.0121   -0.58    0.0093      4.19    0.11    4.06   49.50   11.20    0.40  -0.0349   0.0251  -0.0177   0.0186   0.0111   0.0096   8.1826
1762   278.06   719.20   272.81  -0.0113   -0.56    0.0215      5.04    0.11    4.07   49.80   11.30    0.40  -0.0156   0.0274  -0.0178   0.0205   0.0115   0.0097   8.1825
1763   278.16   719.99   272.83  -0.0114   -0.52    0.0374      5.13    0.11    4.07   50.10   11.40    0.41  -0.0273   0.0297  -0.0179   0.0224   0.0119   0.0097   8.1824
1764   278.26   720.70   272.85  -0.0133   -0.46    0.0576      5.04    0.12    4.08   50.50   11.40    0.41  -0.0461   0.0319  -0.0181   0.0242   0.0124   0.0098   8.1822
1765   278.35   721.40   272.88  -0.0148   -0.38    0.0784      5.54    0.12    4.09   50.80   11.50    0.41  -0.0448   0.0342  -0.0182   0.0260   0.0128   0.0099   8.1821
1766   278.43   722.09   272.90  -0.0259   -0.28    0.0991      5.44    0.12    4.10   51.20   11.60    0.41  -0.1549   0.0361  -0.0183   0.0275   0.0132   0.0100   8.1820
1767   278.51   722.81   272.92  -0.0262   -0.16    0.1187      6.07    0.12    4.11   51.50   11.60    0.41  -0.0561   0.0379  -0.0184   0.0289   0.0136   0.0100   8.1819
1768   278.61   723.59   272.94  -0.0181   -0.03    0.1347      6.29    0.12    4.12   51.90   11.70    0.42   0.0193   0.0403  -0.0185   0.0309   0.0141   0.0101   8.1818
1769   278.74   724.30   272.97  -0.0098    0.12    0.1470      6.16    0.12    4.13   52.20   11.80    0.42   0.0412   0.0432  -0.0186   0.0334   0.0145   0.0102   8.1816
1770   278.89   725.00   272.99  -0.0019    0.28    0.1621      6.62    0.13    4.14   52.60   11.80    0.42   0.0645   0.0465  -0.0187   0.0363   0.0149   0.0103   8.1815
1771   279.05   725.60   273.01   0.0027    0.46    0.1822      6.05    0.13    4.16   53.20   12.00    0.44   0.0504   0.0494  -0.0192   0.0393   0.0153   0.0104   8.1813
1772   279.20   726.11   273.03   0.0039    0.66    0.2025      6.46    0.13    4.17   53.90   12.10    0.44   0.0296   0.0526  -0.0194   0.0423   0.0156   0.0104   8.1811
1773   279.35   726.70   273.06   0.0023    0.89    0.2241      6.76    0.13    4.18   54.50   12.20    0.45   0.0017   0.0557  -0.0196   0.0451   0.0159   0.0105   8.1809
1774   279.49   727.31   273.08  -0.0018    1.13    0.2466      6.97    0.13    4.20   55.10   12.40    0.45  -0.0305   0.0585  -0.0198   0.0477   0.0163   0.0106   8.1807
1775   279.61   727.90   273.10  -0.0054    1.40    0.2696      6.98    0.13    4.21   55.80   12.50    0.45  -0.0348   0.0612  -0.0200   0.0501   0.0166   0.0107   8.1806
1776   279.70   728.41   273.13  -0.0283    1.70    0.2909      6.85    0.13    4.23   56.50   12.70    0.46  -0.2570   0.0630  -0.0202   0.0517   0.0169   0.0108   8.1805
1777   279.78   729.00   273.15  -0.0236    2.00    0.3077      7.75    0.14    4.24   57.20   12.80    0.46   0.0017   0.0647  -0.0204   0.0532   0.0173   0.0108   8.1804
1778   279.91   729.59   273.17  -0.0091    2.32    0.3212      7.18    0.14    4.26   57.80   13.00    0.46   0.0836   0.0676  -0.0206   0.0558   0.0176   0.0109   8.1802
1779   280.08   730.11   273.20   0.0003    2.66    0.3347      7.68    0.14    4.27   58.50   13.10    0.47   0.0700   0.0710  -0.0208   0.0590   0.0179   0.0110   8.1800
1780   280.26   730.69   273.22   0.0066    3.01    0.3505      7.78    0.14    4.29   59.20   13.30    0.47   0.0746   0.0746  -0.0210   0.0625   0.0183   0.0111   8.1798
1781   280.44   731.11   273.24   0.0076    3.38    0.3706      7.11    0.14    4.30   59.70   13.40    0.49   0.0339   0.0779  -0.0215   0.0659   0.0185   0.0111   8.1795
1782   280.62   731.51   273.26   0.0108    3.77    0.3941      7.92    0.14    4.31   60.10   13.50    0.49   0.0675   0.0815  -0.0216   0.0693   0.0188   0.0112   8.1793
1783   280.72   732.00   273.29  -0.0295    4.19    0.4200      7.92    0.14    4.33   60.50   13.60    0.49  -0.4093   0.0837  -0.0217   0.0712   0.0190   0.0113   8.1792
1784   280.73   732.41   273.31  -0.0596    4.63    0.4408      7.69    0.14    4.34   60.90   13.60    0.50  -0.3620   0.0840  -0.0219   0.0713   0.0193   0.0114   8.1792
1785   280.77   732.82   273.34  -0.0470    5.09    0.4520      8.19    0.14    4.35   61.40   13.70    0.50  -0.0129   0.0851  -0.0220   0.0722   0.0195   0.0115   8.1791
1786   280.90   733.21   273.36  -0.0281    5.54    0.4579      7.84    0.15    4.36   61.80   13.80    0.50   0.0538   0.0878  -0.0222   0.0747   0.0198   0.0115   8.1790
1787   281.08   733.63   273.38  -0.0136    6.01    0.4650      8.60    0.15    4.37   62.30   13.90    0.51   0.0753   0.0913  -0.0223   0.0781   0.0200   0.0116   8.1787
1788   281.19   734.18   273.41  -0.0514    6.49    0.4772      8.82    0.15    4.38   62.70   14.00    0.51  -0.4444   0.0936  -0.0225   0.0801   0.0203   0.0117   8.1786
1789   281.23   734.52   273.43  -0.0622    6.97    0.4841      7.70    0.15    4.39   63.10   14.10    0.51  -0.2004   0.0946  -0.0226   0.0809   0.0205   0.0118   8.1786
1790   281.32   734.93   273.45  -0.0464    7.45    0.4795      9.44    0.15    4.40   63.60   14.20    0.51   0.0045   0.0965  -0.0227   0.0827   0.0208   0.0119   8.1784
1791   281.49   735.60   273.48  -0.0243    7.92    0.4725      9.46    0.16    4.42   63.90   14.20    0.53   0.1087   0.0997  -0.0231   0.0858   0.0212   0.0120   8.1782
1792   281.68   736.23   273.50  -0.0108    8.39    0.4653      9.61    0.16    4.42   64.20   14.30    0.53   0.0808   0.1038  -0.0232   0.0895   0.0215   0.0120   8.1780
1793   281.88   736.90   273.53  -0.0014    8.85    0.4609     10.11    0.16    4.43   64.50   14.30    0.53   0.0890   0.1080  -0.0233   0.0933   0.0219   0.0121   8.1777
1794   282.08   737.62   273.55   0.0038    9.31    0.4592     10.29    0.16    4.44   64.80   14.40    0.54   0.0692   0.1122  -0.0234   0.0970   0.0223   0.0122   8.1775
1795   282.27   738.30   273.58   0.0080    9.77    0.4599     10.33    0.17    4.45   65.00   14.40    0.54   0.0751   0.1161  -0.0235   0.1005   0.0227   0.0123   8.1773
1796   282.44   738.92   273.60   0.0100   10.23    0.4662     10.38    0.17    4.46   65.40   14.50    0.54   0.0578   0.1198  -0.0236   0.1039   0.0231   0.0124   8.1771
1797   282.61   739.61   273.63   0.0117   10.71    0.4785     11.11    0.17    4.47   65.70   14.50    0.56   0.0611   0.1231  -0.0240   0.1071   0.0235   0.0125   8.1768
1798   282.78   740.31   273.66   0.0126   11.20    0.4905     10.92    0.18    4.48   66.00   14.60    0.56   0.0516   0.1266  -0.0241   0.1101   0.0239   0.0126   8.1766
1799   282.93   740.91   273.68   0.0134   11.71    0.5030     10.89    0.18    4.49   66.40   14.60    0.56   0.0539   0.1299  -0.0242   0.1131   0.0243   0.0127   8.1764
1800   283.09   741.62   273.71   0.0142   12.23    0.5206     11.97    0.18    4.51   66.90   14.80    0.58   0.0519   0.1329  -0.0247   0.1161   0.0247   0.0128   8.1763
1801   283.25   742.50   273.74   0.0157   12.77    0.5413     12.30    0.19    4.52   67.30   14.80    0.58   0.0614   0.1364  -0.0249   0.1191   0.0252   0.0129   8.1761
1802   283.42   743.43   273.77   0.0189   13.34    0.5686     12.81    0.19    4.54   67.90   14.90    0.61   0.0825   0.1395  -0.0256   0.1223   0.0257   0.0130   8.1759
1803   283.59   744.40   273.80   0.0202   13.94    0.5984     13.11    0.20    4.55   68.50   15.10    0.60   0.0656   0.1436  -0.0255   0.1256   0.0263   0.0131   8.1756
1804   283.77   745.33   273.83   0.0200   14.57    0.6366     13.15    0.20    4.56   69.10   15.20    0.61   0.0555   0.1475  -0.0257   0.1290   0.0269   0.0132   8.1754
1805   283.96   746.22   273.86   0.0207   15.25    0.6814     13.40    0.21    4.58   69.70   15.30    0.61   0.0645   0.1515  -0.0259   0.1325   0.0274   0.0133   8.1752
1806   284.17   747.15   273.89   0.0216   15.99    0.7364     13.99    0.21    4.60   70.30   15.40    0.63   0.0655   0.1555  -0.0264   0.1363   0.0279   0.0134   8.1749
1807   284.38   748.03   273.93   0.0208   16.79    0.8048     13.63    0.21    4.61   70.90   15.50    0.63   0.0480   0.1600  -0.0266   0.1404   0.0284   0.0135   8.1747
1808   284.62   749.10   273.96   0.0199   17.70    0.9022     15.66    0.22    4.63   71.50   15.70    0.64   0.0460   0.1650  -0.0268   0.1448   0.0291   0.0136   8.1744
1809   284.17   750.73   273.99  -0.3551   18.69    0.9902     17.48    0.22    4.64   72.10   15.80    0.64  -4.0464   0.1576  -0.0270   0.1365   0.0300   0.0137   8.1749
1810   283.14   752.17   274.03  -0.5083   19.73    1.0464     15.60    0.22    4.66   72.80   15.90    0.64  -2.2761   0.1389  -0.0272   0.1171   0.0308   0.0138   8.1762
1811   282.56   752.56   274.06  -0.4222   20.83    1.0985     12.23    0.22    4.67   73.20   16.00    0.66  -0.5092   0.1278  -0.0276   0.1061   0.0311   0.0139   8.1769
1812   282.46   752.85   274.09  -0.3432   21.93    1.0938     15.29    0.22    4.69   73.60   16.00    0.66  -0.4548   0.1262  -0.0277   0.1043   0.0312   0.0141   8.1770
1813   282.57   753.72   274.12  -0.2933   22.97    1.0397     15.77    0.22    4.70   74.00   16.10    0.67  -0.4042   0.1288  -0.0279   0.1064   0.0317   0.0142   8.1769
1814   282.84   754.76   274.16  -0.2315   23.97    1.0011     16.81    0.23    4.71   74.50   16.20    0.67  -0.0746   0.1344  -0.0280   0.1114   0.0323   0.0143   8.1766
1815   282.54   756.51   274.19  -0.5513   24.99    1.0246     20.55    0.23    4.72   74.90   16.30    0.69  -4.0706   0.1294  -0.0285   0.1057   0.0333   0.0144   8.1769
1816   281.43   758.17   274.22  -0.8247   26.09    1.0979     17.31    0.22    4.74   75.40   16.40    0.70  -4.0380   0.1090  -0.0289   0.0846   0.0343   0.0145   8.1783
1817   280.63   758.46   274.25  -0.7245   27.26    1.1691     13.67    0.22    4.75   75.80   16.40    0.72  -0.9554   0.0936  -0.0294   0.0694   0.0345   0.0146   8.1793
1818   280.61   758.55   274.28  -0.5399   28.37    1.1077     16.36    0.22    4.77   76.20   16.50    0.72  -0.0916   0.0934  -0.0295   0.0691   0.0345   0.0147   8.1793
1819   281.00   759.41   274.32  -0.4081   29.29    0.9202     18.18    0.23    4.78   76.70   16.60    0.73  -0.0268   0.1012  -0.0296   0.0765   0.0350   0.0148   8.1788
1820   281.51   760.39   274.35  -0.3198   30.03    0.7485     17.51    0.23    4.79   77.10   16.70    0.73  -0.0055   0.1115  -0.0298   0.0863   0.0356   0.0149   8.1782
1821   282.04   761.30   274.38  -0.2574   30.64    0.6054     18.45    0.23    4.81   77.70   16.80    0.73   0.0061   0.1221  -0.0300   0.0963   0.0361   0.0150   8.1775
1822   282.52   762.26   274.41  -0.2227   31.13    0.4943     18.31    0.24    4.82   78.30   16.90    0.75  -0.1098   0.1312  -0.0305   0.1053   0.0367   0.0152   8.1770
1823   282.73   763.19   274.45  -0.2935   31.59    0.4595     18.89    0.24    4.84   78.90   17.00    0.77  -1.1566   0.1354  -0.0310   0.1093   0.0372   0.0153   8.1767
1824   282.79   764.15   274.48  -0.2846   32.02    0.4288     19.01    0.25    4.86   79.50   17.10    0.78  -0.3990   0.1370  -0.0311   0.1104   0.0378   0.0154   8.1766
1825   282.96   765.09   274.52  -0.2270   32.37    0.3459     19.40    0.25    4.88   80.00   17.20    0.79   0.0074   0.1404  -0.0316   0.1136   0.0383   0.0155   8.1764
1826   283.22   766.03   274.55  -0.1765   32.64    0.2708     19.54    0.26    4.89   80.60   17.40    0.80   0.0738   0.1458  -0.0318   0.1184   0.0388   0.0156   8.1761
1827   283.49   766.98   274.59  -0.1387   32.85    0.2110     20.02    0.27    4.91   81.30   17.50    0.82   0.0981   0.1511  -0.0323   0.1236   0.0394   0.0158   8.1758
1828   283.76   767.91   274.63  -0.1102   33.01    0.1628     20.06    0.28    4.93   81.90   17.60    0.82   0.1067   0.1567  -0.0325   0.1287   0.0399   0.0159   8.1754
1829   284.00   768.88   274.67  -0.0878   33.14    0.1291     20.76    0.28    4.94   82.50   17.70    0.82   0.1138   0.1618  -0.0327   0.1333   0.0405   0.0160   8.1751
1830   284.10   769.81   274.71  -0.1390   33.27    0.1279     20.41    0.29    4.97   83.20   17.90    0.92  -0.6368   0.1622  -0.0347   0.1350   0.0410   0.0162   8.1750
1831   283.87   770.71   274.75  -0.2518   33.41    0.1366     21.18    0.29    4.98   83.60   18.00    0.90  -1.3902   0.1588  -0.0346   0.1308   0.0415   0.0163   8.1753
1832   283.58   771.70   274.79  -0.2476   33.52    0.1179     21.46    0.30    5.00   84.10   18.00    0.91  -0.4121   0.1539  -0.0348   0.1253   0.0421   0.0165   8.1757
1833   283.51   772.69   274.83  -0.1903   33.60    0.0738     21.84    0.31    5.02   84.70   18.10    0.93   0.0208   0.1528  -0.0352   0.1239   0.0427   0.0166   8.1757
1834   283.59   773.58   274.88  -0.1415   33.64    0.0383     21.51    0.31    5.03   85.20   18.20    0.93   0.0928   0.1548  -0.0354   0.1255   0.0432   0.0168   8.1756
1835   283.46   774.38   274.92  -0.2550   33.66    0.0265     21.81    0.32    5.05   85.70   18.30    0.95  -1.5084   0.1526  -0.0359   0.1231   0.0436   0.0169   8.1758
1836   283.12   775.35   274.97  -0.2880   33.69    0.0311     22.99    0.32    5.07   86.30   18.50    1.01  -0.7754   0.1456  -0.0373   0.1167   0.0442   0.0171   8.1762
1837   282.99   776.47   275.02  -0.2295   33.70    0.0081     23.22    0.33    5.09   86.90   18.60    1.01  -0.0354   0.1436  -0.0375   0.1142   0.0448   0.0172   8.1764
1838   283.08   777.47   275.06  -0.1618   33.67   -0.0315     23.03    0.34    5.11   87.50   18.70    1.03   0.1785   0.1455  -0.0380   0.1158   0.0454   0.0174   8.1763
1839   283.27   778.36   275.11  -0.1146   33.61   -0.0624     23.20    0.35    5.13   88.10   18.80    1.05   0.1775   0.1495  -0.0384   0.1196   0.0459   0.0176   8.1760
1840   283.51   779.37   275.16  -0.0833   33.53   -0.0790     24.26    0.36    5.15   88.70   18.90    1.08   0.1648   0.1538  -0.0393   0.1239   0.0465   0.0177   8.1757
1841   283.74   780.55   275.22  -0.0620   33.45   -0.0823     24.80    0.37    5.17   89.30   19.10    1.10   0.1486   0.1586  -0.0397   0.1283   0.0471   0.0179   8.1755
1842   283.95   781.77   275.27  -0.0484   33.37   -0.0725     25.18    0.38    5.19   89.90   19.20    1.14   0.1187   0.1627  -0.0406   0.1323   0.0478   0.0181   8.1752
1843   284.14   783.05   275.32  -0.0385   33.32   -0.0558     25.95    0.39    5.21   90.50   19.30    1.16   0.1097   0.1667  -0.0411   0.1359   0.0486   0.0183   8.1750
1844   284.32   784.25   275.38  -0.0300   33.29   -0.0310     25.49    0.40    5.23   91.20   19.40    1.19   0.1131   0.1701  -0.0419   0.1392   0.0492   0.0185   8.1747
1845   284.48   785.47   275.44  -0.0213   33.29   -0.0019     26.79    0.40    5.25   91.80   19.60    1.25   0.1287   0.1727  -0.0433   0.1423   0.0499   0.0187   8.1745
1846   284.64   786.64   275.50  -0.0161   33.31    0.0212     25.92    0.41    5.27   92.30   19.70    1.26   0.1044   0.1764  -0.0434   0.1453   0.0506   0.0189   8.1743
1847   284.76   787.91   275.56  -0.0270   33.35    0.0475     28.07    0.42    5.29   92.90   19.80    1.30  -0.0625   0.1785  -0.0445   0.1475   0.0513   0.0191   8.1742
1848   284.87   789.10   275.62  -0.0165   33.42    0.0699     26.28    0.43    5.31   93.40   19.90    1.32   0.1490   0.1810  -0.0450   0.1495   0.0520   0.0193   8.1741
1849   285.02   790.46   275.68  -0.0022   33.51    0.0889     29.77    0.44    5.33   94.00   20.00    1.37   0.1817   0.1837  -0.0461   0.1523   0.0528   0.0195   8.1739
1850   285.19   791.43   275.75   0.0096   33.62    0.1088     24.82    0.45    5.42   97.30   20.60    1.46   0.1963   0.1853  -0.0485   0.1554   0.0533   0.0197   8.1737
1851   285.36   792.16   275.82   0.0171   33.75    0.1265     28.93    0.46    5.44   97.70   20.60    1.46   0.1790   0.1900  -0.0486   0.1587   0.0537   0.0200   8.1735
1852   285.52   793.80   275.88   0.0223   33.85    0.1012     30.56    0.47    5.50   99.70   21.00    1.52   0.1736   0.1936  -0.0502   0.1617   0.0546   0.0202   8.1733
1853   285.67   795.11   275.95   0.0261   33.98    0.1316     27.98    0.48    5.52  100.20   21.10    1.55   0.1666   0.1986  -0.0509   0.1644   0.0554   0.0204   8.1731
1854   285.78   796.88   276.02   0.0100   34.14    0.1620     34.06    0.49    5.56  100.90   21.20    1.71  -0.0443   0.1997  -0.0542   0.1665   0.0564   0.0207   8.1730
1855   285.87   797.96   276.09   0.0109   34.33    0.1880     25.12    0.50    5.58  101.40   21.30    1.74   0.1096   0.2026  -0.0550   0.1682   0.0570   0.0209   8.1728
1856   285.98   799.06   276.17   0.0148   34.54    0.2091     34.80    0.51    5.62  102.20   21.50    1.82   0.1128   0.2048  -0.0567   0.1704   0.0576   0.0212   8.1727
1857   286.09   800.82   276.24   0.0117   34.77    0.2250     29.63    0.52    5.64  103.00   21.60    1.84   0.0496   0.2086  -0.0573   0.1724   0.0586   0.0214   8.1726
1858   286.21   802.15   276.32   0.0198   35.00    0.2308     33.41    0.53    5.66  103.80   21.70    1.86   0.1683   0.2123  -0.0579   0.1746   0.0593   0.0217   8.1724
1859   286.36   803.77   276.40   0.0296   35.24    0.2393     32.09    0.54    5.70  104.60   21.90    1.94   0.1924   0.2164  -0.0596   0.1773   0.0603   0.0219   8.1723
1860   286.52   805.17   276.48   0.0384   35.49    0.2503     33.14    0.55    5.74  105.50   22.10    2.06   0.2097   0.2187  -0.0623   0.1803   0.0610   0.0222   8.1721
1861   286.68   806.76   276.56   0.0464   35.74    0.2537     34.07    0.57    5.78  106.50   22.30    2.13   0.2255   0.2225  -0.0639   0.1834   0.0619   0.0225   8.1719
1862   286.86   808.15   276.64   0.0527   36.02    0.2792     32.97    0.58    5.77  105.70   22.20    2.14   0.2248   0.2278  -0.0639   0.1866   0.0627   0.0228   8.1716
1863   287.03   809.81   276.73   0.0564   36.31    0.2960     36.55    0.59    5.81  106.50   22.40    2.25   0.2130   0.2310  -0.0662   0.1899   0.0636   0.0231   8.1714
1864   287.20   811.07   276.81   0.0585   36.62    0.3100     31.67    0.60    5.85  107.30   22.50    2.39   0.2021   0.2341  -0.0692   0.1930   0.0643   0.0233   8.1712
1865   287.36   812.96   276.90   0.0600   36.95    0.3210     40.95    0.61    5.89  108.10   22.70    2.50   0.1981   0.2371  -0.0716   0.1959   0.0654   0.0236   8.1710
1866   287.51   814.92   276.99   0.0613   37.28    0.3389     33.28    0.62    5.92  108.80   22.90    2.55   0.1962   0.2412  -0.0727   0.1988   0.0665   0.0240   8.1709
1867   287.66   816.07   277.08   0.0627   37.66    0.3771     37.50    0.63    5.96  109.60   23.10    2.68   0.1975   0.2435  -0.0754   0.2017   0.0671   0.0243   8.1707
1868   287.83   817.87   277.17   0.0653   38.07    0.4092     37.74    0.65    5.99  110.30   23.20    2.74   0.2114   0.2474  -0.0768   0.2047   0.0681   0.0246   8.1705
1869   288.00   819.04   277.27   0.0693   38.52    0.4459     34.95    0.66    6.03  111.10   23.40    2.87   0.2300   0.2500  -0.0794   0.2080   0.0688   0.0249   8.1702
1870   288.19   820.98   277.36   0.0741   39.00    0.4798     42.89    0.67    6.06  111.80   23.50    2.95   0.2463   0.2553  -0.0812   0.2115   0.0698   0.0252   8.1700
1871   288.40   822.90   277.46   0.0809   39.53    0.5331     36.11    0.69    6.12  113.20   23.90    3.11   0.2791   0.2581  -0.0846   0.2154   0.0709   0.0256   8.1698
1872   288.64   824.08   277.56   0.0863   40.17    0.6365     39.73    0.70    6.24  116.40   24.50    3.39   0.2774   0.2584  -0.0908   0.2198   0.0716   0.0259   8.1695
1873   288.91   825.88   277.66   0.0908   40.88    0.7124     40.38    0.71    6.30  117.60   24.80    3.55   0.2834   0.2624  -0.0942   0.2248   0.0726   0.0262   8.1691
1874   289.20   827.05   277.77   0.0937   41.66    0.7777     37.23    0.73    6.29  118.20   24.80    3.40   0.2724   0.2724  -0.0914   0.2300   0.0732   0.0266   8.1688
1875   289.49   829.00   277.87   0.0946   42.53    0.8727     45.53    0.74    6.36  119.40   25.10    3.63   0.2588   0.2768  -0.0960   0.2355   0.0743   0.0269   8.1684
1876   289.81   830.92   277.98   0.0942   43.49    0.9627     38.32    0.75    6.39  120.30   25.30    3.68   0.2428   0.2838  -0.0972   0.2412   0.0753   0.0273   8.1681
1877   290.13   832.14   278.09   0.0932   44.55    1.0546     42.58    0.76    6.42  121.30   25.50    3.73   0.2336   0.2906  -0.0984   0.2472   0.0760   0.0277   8.1677
1878   290.47   833.89   278.20   0.0928   45.69    1.1407     42.16    0.78    6.45  122.20   25.70    3.77   0.2343   0.2983  -0.0993   0.2534   0.0770   0.0281   8.1673
1879   290.82   835.13   278.31   0.0931   46.93    1.2389     40.65    0.79    6.52  123.30   26.00    3.99   0.2374   0.3024  -0.1038   0.2599   0.0777   0.0284   8.1668
1880   291.20   836.96   278.42   0.0931   48.28    1.3504     46.48    0.80    6.62  124.70   26.30    4.40   0.2325   0.3035  -0.1121   0.2669   0.0787   0.0288   8.1664
1881   291.62   839.05   278.54   0.0955   49.78    1.5029     43.27    0.81    6.68  126.50   26.70    4.52   0.2581   0.3121  -0.1148   0.2745   0.0798   0.0292   8.1659
1882   292.04   841.05   278.65   0.0979   51.23    1.4537     47.24    0.82    6.71  126.20   26.80    4.72   0.2605   0.3185  -0.1185   0.2822   0.0809   0.0296   8.1654
1883   292.31   843.64   278.77   0.0325   52.76    1.5304     47.96    0.83    6.78  127.40   27.10    4.98  -0.4747   0.3213  -0.1237   0.2873   0.0823   0.0300   8.1651
1884   292.19   845.71   278.88  -0.1468   54.34    1.5805     45.85    0.83    6.81  128.30   27.20    5.03  -1.8317   0.3203  -0.1249   0.2849   0.0834   0.0304   8.1652
1885   291.95   846.88   279.00  -0.1598   55.99    1.6417     44.02    0.84    6.84  129.10   27.40    5.08  -0.4311   0.3169  -0.1260   0.2806   0.0841   0.0308   8.1655
1886   292.04   848.09   279.12  -0.0962   57.59    1.6086     46.72    0.84    6.87  130.00   27.60    5.15   0.1421   0.3191  -0.1275   0.2822   0.0847   0.0312   8.1654
1887   292.34   850.03   279.23  -0.0398   59.09    1.4939     49.04    0.85    6.93  131.00   27.90    5.36   0.2588   0.3238  -0.1317   0.2876   0.0858   0.0316   8.1650
1888   292.71   852.04   279.35  -0.0025   60.48    1.3962     48.35    0.86    7.05  132.30   28.30    5.87   0.2642   0.3232  -0.1417   0.2944   0.0869   0.0320   8.1646
1889   293.09   854.05   279.47   0.0234   61.77    1.2887     50.34    0.87    7.07  133.00   28.40    5.88   0.2754   0.3324  -0.1419   0.3013   0.0880   0.0324   8.1641
1890   293.35   855.88   279.59  -0.0148   63.05    1.2760     49.11    0.88    6.90  120.50   24.80    6.44  -0.3435   0.3315  -0.1500   0.3061   0.0890   0.0328   8.1638
1891   293.50   858.10   279.71  -0.0274   64.31    1.2637     54.32    0.89    6.98  122.40   25.30    6.73  -0.1079   0.3311  -0.1558   0.3089   0.0902   0.0332   8.1636
1892   293.70   860.92   279.83  -0.0033   65.53    1.2184     53.82    0.91    7.05  124.20   25.80    7.02   0.1960   0.3330  -0.1616   0.3125   0.0917   0.0336   8.1634
1893   293.97   863.07   279.96   0.0285   66.67    1.1405     52.16    0.92    7.12  126.10   26.30    7.31   0.3217   0.3347  -0.1673   0.3173   0.0929   0.0340   8.1631
1894   294.27   864.93   280.08   0.0550   67.78    1.1104     53.40    0.94    7.19  128.00   26.80    7.60   0.3620   0.3370  -0.1731   0.3228   0.0939   0.0345   8.1627
1895   294.59   867.08   280.21   0.0748   68.88    1.0953     54.86    0.96    7.26  129.80   27.30    7.89   0.3697   0.3397  -0.1787   0.3286   0.0950   0.0349   8.1623
1896   294.91   869.96   280.34   0.0887   69.96    1.0876     58.99    0.97    7.33  131.70   27.70    8.18   0.3628   0.3428  -0.1844   0.3344   0.0966   0.0353   8.1620
1897   295.21   871.99   280.48   0.0966   71.08    1.1110     51.59    0.99    7.41  133.60   28.20    8.47   0.3343   0.3453  -0.1901   0.3399   0.0977   0.0358   8.1616
1898   295.52   874.08   280.61   0.1018   72.24    1.1615     60.58    1.00    7.48  135.40   28.70    8.77   0.3238   0.3488  -0.1957   0.3454   0.0988   0.0362   8.1612
1899   295.83   876.89   280.75   0.1060   73.49    1.2495     56.94    1.02    7.55  137.30   29.20    9.06   0.3228   0.3518  -0.2013   0.3510   0.1003   0.0367   8.1609
1900   296.15   879.14   280.89   0.1088   74.81    1.3277     59.00    1.03    7.62  139.20   29.70    9.35   0.3108   0.3548  -0.2069   0.3568   0.1015   0.0372   8.1605
1901   296.50   882.93   281.03   0.1104   76.32    1.5096     67.24    1.05    7.72  140.80   30.10    9.80   0.3014   0.3564  -0.2152   0.3632   0.1035   0.0377   8.1601
1902   296.84   887.06   281.17   0.0810   77.96    1.6331     63.32    1.06    7.83  142.40   30.50   10.25  -0.0371   0.3579  -0.2235   0.3692   0.1057   0.0381   8.1597
1903   296.88   891.32   281.31  -0.0687   79.78    1.8261     70.62    1.07    7.93  144.00   30.90   10.70  -1.4057   0.3553  -0.2318   0.3700   0.1080   0.0386   8.1596
1904   296.83   895.62   281.46  -0.0874   81.73    1.9428     66.16    1.09    8.04  145.60   31.30   11.14  -0.2841   0.3499  -0.2399   0.3690   0.1103   0.0391   8.1597
1905   297.04   900.08   281.61  -0.0382   83.74    2.0146     74.26    1.11    8.14  147.20   31.70   11.60   0.2037   0.3497  -0.2481   0.3729   0.1127   0.0396   8.1594
1906   297.46   904.87   281.76   0.0083   85.76    2.0243     70.81    1.12    8.25  148.80   32.20   12.04   0.3213   0.3533  -0.2562   0.3805   0.1152   0.0401   8.1589
1907   297.95   909.09   281.91   0.0273   87.80    2.0320     73.87    1.14    8.35  150.40   32.60   12.49   0.1888   0.3578  -0.2642   0.3892   0.1174   0.0406   8.1584
1908   298.44   913.85   282.06   0.0474   89.75    1.9495     76.58    1.15    8.45  152.10   33.00   12.94   0.2946   0.3626  -0.2722   0.3979   0.1199   0.0411   8.1578
1909   298.93   919.09   282.22   0.0657   91.69    1.9434     79.56    1.17    8.56  153.70   33.40   13.39   0.3178   0.3688  -0.2802   0.4067   0.1226   0.0417   8.1572
1910   299.42   923.82   282.38   0.0798   93.64    1.9490     76.86    1.18    8.66  155.30   33.80   13.84   0.3278   0.3738  -0.2881   0.4155   0.1251   0.0422   8.1566
1911   299.89   928.12   282.53   0.0906   95.51    1.8668     79.97    1.20    8.75  156.90   34.30   14.07   0.3298   0.3818  -0.2923   0.4238   0.1274   0.0427   8.1561
1912   300.27   932.82   282.70   0.0752   97.35    1.8406     81.70    1.23    8.83  158.60   34.80   14.30   0.0715   0.3885  -0.2965   0.4306   0.1298   0.0433   8.1556
1913   300.58   938.16   282.86   0.0668   99.19    1.8392     86.46    1.25    8.92  160.20   35.20   14.53   0.1262   0.3942  -0.3006   0.4360   0.1326   0.0438   8.1553
1914   300.88   943.81   283.03   0.0836  100.89    1.7044     86.75    1.27    9.00  161.90   35.70   14.76   0.3530   0.4010  -0.3048   0.4414   0.1355   0.0444   8.1549
1915   301.20   949.15   283.20   0.1033  102.54    1.6516     87.98    1.28    9.09  163.50   36.20   14.99   0.4059   0.4069  -0.3089   0.4470   0.1382   0.0450   8.1546
1916   301.55   954.78   283.37   0.1233  104.24    1.6981     91.59    1.30    9.17  165.10   36.60   15.22   0.4737   0.4137  -0.3131   0.4533   0.1411   0.0456   8.1542
1917   301.94   960.09   283.55   0.1385  105.97    1.7262     89.53    1.33    9.26  166.80   37.10   15.46   0.4709   0.4209  -0.3172   0.4602   0.1438   0.0462   8.1537
1918   302.33   965.84   283.73   0.1529  107.65    1.6869     97.23    1.35    9.35  168.40   37.60   15.69   0.5104   0.4284  -0.3213   0.4672   0.1468   0.0468   8.1532
1919   302.69   972.09   283.91   0.1614  109.23    1.5774     95.84    1.37    9.43  170.10   38.00   15.92   0.4746   0.4356  -0.3254   0.4735   0.1500   0.0474   8.1528
1920   303.04   977.88   284.10   0.1661  110.96    1.7313     98.28    1.39    9.52  171.70   38.50   16.15   0.4594   0.4434  -0.3295   0.4797   0.1529   0.0480   8.1524
1921   303.40   983.08   284.28   0.1675  112.66    1.6938     95.85    1.40    9.63  173.90   39.20   16.41   0.4295   0.4495  -0.3341   0.4859   0.1555   0.0486   8.1520
1922   303.71   988.93   284.47   0.1560  114.42    1.7634    105.06    1.42    9.74  176.00   39.80   16.66   0.2881   0.4551  -0.3387   0.4914   0.1585   0.0492   8.1516
1923   304.05   995.03   284.66   0.1577  116.37    1.9469    100.76    1.43    9.85  178.10   40.40   16.92   0.4073   0.4613  -0.3433   0.4973   0.1615   0.0499   8.1513
1924   304.43  1000.99   284.85   0.1626  118.35    1.9886    107.79    1.45    9.96  180.30   41.10   17.18   0.4213   0.4683  -0.3479   0.5041   0.1645   0.0505   8.1508
1925   304.83  1007.01   285.04   0.1677  120.38    2.0266    104.67    1.46   10.07  182.40   41.70   17.44   0.4387   0.4767  -0.3525   0.5111   0.1675   0.0512   8.1503
1926   305.25  1013.06   285.23   0.1740  122.43    2.0530    111.44    1.46   10.19  184.50   42.30   17.69   0.4632   0.4842  -0.3570   0.5183   0.1705   0.0518   8.1499
1927   305.70  1018.98   285.42   0.1836  124.65    2.2155    107.48    1.47   10.30  186.60   43.00   17.95   0.5144   0.4924  -0.3616   0.5263   0.1735   0.0524   8.1493
1928   306.17  1025.10   285.61   0.1817  126.89    2.2397    116.08    1.48   10.41  188.80   43.60   18.21   0.4070   0.5010  -0.3661   0.5345   0.1765   0.0531   8.1488
1929   306.59  1030.94   285.80   0.1595  129.22    2.3352    109.39    1.48   10.52  190.90   44.30   18.47   0.1915   0.5085  -0.3706   0.5418   0.1794   0.0537   8.1483
1930   306.97  1036.20   285.99   0.1370  131.47    2.2485    116.13    1.49   10.63  193.00   44.90   18.73   0.3920   0.5150  -0.3751   0.5484   0.1820   0.0543   8.1479
1931   307.32  1041.94   286.17   0.1225  133.61    2.1407    115.22    1.48   10.73  195.00   45.50   18.92   0.3693   0.5233  -0.3786   0.5545   0.1848   0.0550   8.1475
1932   307.63  1047.18   286.36   0.2253  135.60    1.9845    116.51    1.47   10.83  197.00   46.20   19.12   0.4607   0.5297  -0.3821   0.5599   0.1874   0.0556   8.1471
1933   307.93  1052.94   286.54   0.2028  137.54    1.9388    121.24    1.47   10.92  199.00   46.80   19.32   0.4991   0.5361  -0.3856   0.5651   0.1902   0.0562   8.1468
1934   308.24  1058.19   286.71   0.1845  139.44    1.9034    116.87    1.46   11.02  200.90   47.40   19.51   0.5284   0.5424  -0.3891   0.5705   0.1927   0.0568   8.1464
1935   308.56  1063.01   286.89   0.1923  141.30    1.8560    121.78    1.44   11.12  202.90   48.10   19.71   0.5585   0.5485  -0.3926   0.5759   0.1951   0.0574   8.1461
1936   308.88  1068.19   287.06   0.1932  143.14    1.8477    121.70    1.42   11.22  204.90   48.70   19.91   0.6150   0.5560  -0.3961   0.5814   0.1976   0.0579   8.1457
1937   309.19  1073.03   287.22   0.2292  144.91    1.7662    122.81    1.39   11.31  206.90   49.30   20.11   0.6082   0.5622  -0.3995   0.5869   0.1999   0.0585   8.1454
1938   309.45  1078.20   287.37   0.1772  146.47    1.5579    126.30    1.37   11.41  208.80   50.00   20.30   0.6276   0.5676  -0.4030   0.5914   0.2024   0.0590   8.1451
1939   309.67  1082.94   287.52   0.1734  147.95    1.4839    123.35    1.35   11.51  210.80   50.60   20.50   0.6359   0.5719  -0.4064   0.5950   0.2047   0.0595   8.1448
1940   309.87  1088.13   287.66   0.3764  149.45    1.4969    131.56    1.34   11.60  212.80   51.20   20.70   0.6283   0.5763  -0.4099   0.5985   0.2072   0.0600   8.1446
1941   310.06  1093.91   287.81   0.4192  150.89    1.4396    129.84    1.42   11.84  215.10   52.20   21.20   0.5949   0.5759  -0.4181   0.6018   0.2100   0.0605   8.1444
1942   310.20  1099.22   287.98   0.3115  152.23    1.3452    132.50    1.49   12.07  217.50   53.10   21.71   0.5666   0.5756  -0.4264   0.6043   0.2125   0.0610   8.1442
1943   310.32  1103.95   288.16   0.1959  153.57    1.3360    129.85    1.54   12.31  219.80   54.10   22.22   0.5476   0.5736  -0.4346   0.6062   0.2147   0.0616   8.1441
1944   310.42  1109.25   288.34   0.2607  154.86    1.2887    138.80    1.56   12.54  222.10   55.10   22.73   0.5687   0.5717  -0.4428   0.6080   0.2173   0.0622   8.1440
1945   310.48  1114.81   288.52   0.2304  155.93    1.0763    134.66    1.59   12.77  224.50   56.00   23.23   0.6053   0.5693  -0.4509   0.6090   0.2199   0.0628   8.1439
1946   310.51  1120.14   288.71   0.2920  157.03    1.0926    140.98    1.64   13.01  226.80   57.00   23.74   0.5985   0.5665  -0.4589   0.6096   0.2224   0.0635   8.1439
1947   310.61  1126.75   288.91   0.2936  158.30    1.2740    145.41    1.69   13.24  229.20   57.90   24.25   0.6284   0.5664  -0.4670   0.6113   0.2255   0.0641   8.1437
1948   310.80  1133.14   289.12   0.2716  159.70    1.3958    143.79    1.73   13.47  231.50   58.90   24.75   0.7048   0.5668  -0.4750   0.6145   0.2285   0.0648   8.1435
1949   311.02  1139.78   289.33   0.3091  161.11    1.4126    150.79    1.76   13.71  233.80   59.80   25.26   0.6641   0.5681  -0.4829   0.6184   0.2316   0.0655   8.1433
1950   311.30  1147.15   289.55   0.1697  162.81    1.6980    152.12    1.78   13.94  236.20   60.80   25.77   0.6567   0.5707  -0.4909   0.6232   0.2351   0.0662   8.1430
1951   311.63  1154.82   289.76   0.2601  164.57    1.7611    157.04    1.78   14.38  241.50   63.20   26.94   0.5842   0.5702  -0.5090   0.6288   0.2387   0.0669   8.1426
1952   311.96  1163.16   289.98   0.3181  166.44    1.8752    160.74    1.79   14.82  246.80   65.60   28.11   0.5902   0.5702  -0.5270   0.6345   0.2425   0.0677   8.1422
1953   312.33  1172.82   290.19   0.3380  168.51    2.0674    169.73    1.80   15.25  252.20   68.00   29.28   0.5435   0.5705  -0.5448   0.6407   0.2470   0.0684   8.1418
1954   312.73  1182.08   290.41   0.2754  170.74    2.2285    164.26    1.83   15.69  257.50   70.30   30.45   0.5527   0.5727  -0.5623   0.6477   0.2512   0.0691   8.1413
1955   313.23  1191.87   290.63   0.2067  173.27    2.5263    178.42    1.86   16.13  262.90   72.70   31.63   0.6349   0.5769  -0.5798   0.6561   0.2557   0.0698   8.1408
1956   313.82  1202.10   290.86   0.1539  176.00    2.7377    172.66    1.87   16.56  268.20   75.10   32.80   0.6464   0.5834  -0.5970   0.6662   0.2604   0.0706   8.1401
1957   314.49  1213.00   291.08   0.2815  178.89    2.8897    188.43    1.86   17.00  273.60   77.50   33.97   0.7115   0.5915  -0.6141   0.6775   0.2653   0.0713   8.1394
1958   315.21  1224.07   291.30   0.3516  181.93    3.0329    180.13    1.84   17.44  278.90   79.90   35.14   0.7621   0.6001  -0.6310   0.6898   0.2703   0.0720   8.1386
1959   315.97  1235.01   291.51   0.3537  185.09    3.1681    194.27    1.84   17.88  284.20   82.30   36.31   0.7516   0.6106  -0.6477   0.7027   0.2753   0.0728   8.1377
1960   316.92  1247.00   291.72   0.2828  188.37    3.2781    192.73    1.85   18.31  289.60   84.60   37.49   0.7851   0.6251  -0.6643   0.7186   0.2806   0.0735   8.1368
1961   317.72  1259.01   291.94   0.3200  191.70    3.3268    201.61    1.90   18.92  293.90   88.00   38.97   0.7698   0.6338  -0.6846   0.7321   0.2860   0.0742   8.1359
1962   318.48  1271.96   292.17   0.2843  195.22    3.5195    205.67    2.00   19.52  298.30   91.40   40.45   0.7119   0.6429  -0.7047   0.7448   0.2917   0.0749   8.1351
1963   319.13  1284.27   292.42   0.2157  198.86    3.6441    205.91    2.15   20.12  302.60   94.80   41.93  -0.2334   0.6496  -0.7246   0.7557   0.2972   0.0758   8.1344
1964   319.67  1297.11   292.70   0.1760  202.75    3.8824    216.37    2.31   20.73  307.00   98.10   43.42  -0.0606   0.6564  -0.7443   0.7647   0.3028   0.0767   8.1338
1965   320.19  1311.94   293.02   0.2353  207.02    4.2722    225.35    2.49   21.33  311.30  101.50   44.90   0.5018   0.6648  -0.7637   0.7735   0.3093   0.0778   8.1331
1966   321.27  1325.94   293.37   0.3075  211.44    4.4191    220.56    2.66   21.93  315.70  104.90   46.38   0.6778   0.6828  -0.7830   0.7914   0.3153   0.0789   8.1322
1967   322.12  1340.03   293.75   0.2300  216.03    4.5906    234.46    2.81   22.54  320.00  108.30   47.86   0.7130   0.6980  -0.8020   0.8056   0.3214   0.0802   8.1310
1968   323.16  1354.93   294.16   0.2354  220.89    4.8652    233.78    2.94   23.14  324.40  111.60   49.34   0.5465   0.7165  -0.8209   0.8227   0.3278   0.0815   8.1298
1969   324.40  1370.06   294.58   0.3038  225.77    4.8793    244.86    3.07   23.74  328.70  115.00   50.83   0.4793   0.7403  -0.8396   0.8432   0.3343   0.0829   8.1287
1970   325.45  1385.87   295.04   0.3041  230.61    4.8416    246.80    3.23   24.35  333.10  118.40   52.31   0.7302   0.7622  -0.8581   0.8605   0.3410   0.0844   8.1275
1971   326.36  1401.01   295.52   0.1711  235.64    5.0300    250.67    3.38   25.02  337.70  121.70   53.39   0.8519   0.7869  -0.8718   0.8753   0.3473   0.0860   8.1263
1972   327.70  1416.89   296.03   0.3275  240.99    5.3424    260.43    3.53   25.69  342.30  125.00   54.47   0.8608   0.8198  -0.8853   0.8971   0.3540   0.0877   8.1250
1973   329.20  1432.99   296.57   0.3616  246.34    5.3567    261.75    3.70   26.36  346.90  128.30   55.55   0.8884   0.8554  -0.8988   0.9216   0.3607   0.0895   8.1236
1974   330.11  1448.86   297.14   0.2007  251.50    5.1624    268.98    3.87   27.03  351.60  131.60   56.63   0.8658   0.8828  -0.9123   0.9363   0.3673   0.0913   8.1223
1975   331.26  1464.92   297.75   0.2449  256.62    5.1151    272.59    4.14   27.70  356.20  134.90   57.71   0.6338   0.9148  -0.9256   0.9549   0.3739   0.0933   8.1211
1976   332.34  1480.84   298.41   0.2667  262.37    5.7552    278.11    4.40   28.38  360.80  138.20   58.79   0.8623   0.9463  -0.9388   0.9722   0.3804   0.0955   8.1199
1977   333.93  1496.94   299.11   0.4456  268.48    6.1034    283.36    4.66   29.05  365.40  141.50   59.87   1.0337   0.9867  -0.9520   0.9977   0.3870   0.0978   8.1184
1978   335.35  1513.88   299.86   0.4566  274.73    6.2558    292.92    4.82   29.72  370.00  144.80   60.95   1.1073   1.0243  -0.9651   1.0204   0.3939   0.1002   8.1168
1979   336.92  1529.95   300.60   0.4450  281.27    6.5353    288.55    4.72   30.39  374.60  148.20   62.03   1.2027   1.0647  -0.9781   1.0454   0.4003   0.1027   8.1151
1980   338.60  1547.01   301.33   0.4956  287.69    6.4249    308.55    4.75   31.06  379.30  151.50   63.11   1.2538   1.0998  -0.9911   1.0719   0.4072   0.1051   8.1134
1981   340.13  1566.95   302.06   0.4819  294.18    6.4820    315.00    4.86   31.50  383.60  154.40   63.82   1.2852   1.1332  -0.9998   1.0960   0.4151   0.1075   8.1118
1982   341.61  1586.12   302.80   0.4832  300.98    6.7996    315.16    4.85   31.94  388.00  157.40   64.53   0.5438   1.1688  -1.0085   1.1192   0.4227   0.1099   8.1102
1983   343.19  1605.83   303.55   0.5607  307.97    6.9925    328.72    4.95   32.38  392.30  160.30   65.24   0.4516   1.2036  -1.0172   1.1437   0.4304   0.1123   8.1089
1984   344.30  1624.55   304.29   0.3935  315.17    7.1970    320.29    4.94   32.82  396.70  163.30   65.95   1.0439   1.2319  -1.0258   1.1610   0.4378   0.1147   8.1075
1985   345.68  1637.87   305.04   0.4302  322.28    7.1135    307.93    4.99   33.26  401.10  166.30   66.67   1.2328   1.2638  -1.0344   1.1824   0.4429   0.1171   8.1059
1986   347.31  1650.20   305.78   0.4790  329.55    7.2666    322.09    4.97   33.70  405.40  169.20   67.38   1.2853   1.2993  -1.0430   1.2075   0.4477   0.1195   8.1042
1987   349.25  1662.87   306.53   0.6488  337.40    7.8533    316.81    5.18   34.14  409.80  172.20   68.09   1.3457   1.3407  -1.0516   1.2372   0.4526   0.1219   8.1024
1988   351.16  1673.61   307.36   0.5239  345.34    7.9412    318.08    5.78   34.58  414.20  175.10   68.80   1.4409   1.3809  -1.0601   1.2663   0.4567   0.1246   8.1005
1989   352.67  1683.99   308.23   0.4440  352.61    7.2672    320.85    5.68   35.02  418.50  178.10   69.51   1.5626   1.4146  -1.0686   1.2893   0.4607   0.1274   8.0987
1990   354.38  1693.57   309.03   0.6025  359.41    6.8008    319.38    5.10   35.46  422.90  181.00   70.22   1.5898   1.4508  -1.0771   1.3150   0.4644   0.1300   8.0971
1991   355.67  1703.93   309.73   0.5988  366.26    6.8564    330.99    4.88   35.77  426.70  181.60   70.72   0.7165   1.4805  -1.0832   1.3344   0.4683   0.1323   8.0958
1992   356.67  1711.84   310.41   0.5801  372.93    6.6700    311.46    4.92   36.08  430.60  182.10   71.22   0.2290   1.5020  -1.0893   1.3494   0.4713   0.1345   8.0950
1993   357.50  1715.48   311.09   0.5737  380.25    7.3166    311.26    4.90   36.38  434.50  182.60   71.73   1.1682   1.5192  -1.0954   1.3617   0.4727   0.1366   8.0940
1994   359.00  1721.47   311.78   0.6210  388.47    8.2157    327.71    5.10   36.69  438.30  183.20   72.23   1.5172   1.5432  -1.1014   1.3841   0.4750   0.1389   8.0925
1995   360.84  1728.16   312.51   0.6295  396.62    8.1530    319.14    5.41   37.00  442.20  183.70   72.73   1.5600   1.5730  -1.1075   1.4114   0.4775   0.1412   8.0907
1996   362.51  1730.50   313.30   0.5503  404.47    7.8469    307.02    5.62   37.30  446.00  184.20   73.23   1.5742   1.5982  -1.1135   1.4361   0.4784   0.1437   8.0889
1997   364.35  1734.06   314.12   0.6874  412.71    8.2480    328.11    5.92   37.61  449.90  184.70   73.73   1.6288   1.6248  -1.1195   1.4631   0.4797   0.1464   8.0871
1998   366.63  1743.38   315.02   0.7543  421.04    8.3219    342.85    6.31   37.92  453.70  185.30   74.24   1.7218   1.6608  -1.1255   1.4964   0.4832   0.1492   8.0853
1999   368.06  1750.67   315.99   0.5888  429.15    8.1172    322.07    6.82   38.23  457.60  185.80   74.74   1.7794   1.6834  -1.1316   1.5172   0.4859   0.1523   8.0834
2000   369.84  1752.23   317.08   0.6409  437.29    8.1325    314.46    7.46   38.53  461.50  186.30   75.24   1.8428   1.7088  -1.1376   1.5429   0.4865   0.1558   8.0817
