0.00
0.00
-0.01
-0.01
-0.01
-0.02
-0.02
-0.02
-0.02
-0.01
-0.01
-0.01
-0.01
-0.01
-0.01
-0.01
-0.03
-0.03
-0.02
-0.01
0.00
0.00
0.00
0.00
0.00
-0.01
-0.03
-0.02
-0.01
0.00
0.01
0.01
0.01
-0.03
-0.06
-0.05
-0.03
-0.01
-0.05
-0.06
-0.05
-0.02
-0.01
0.00
0.00
0.01
0.01
0.01
0.01
0.01
0.01
0.01
0.02
0.02
0.02
0.02
0.02
0.01
0.01
-0.36
-0.51
-0.42
-0.34
-0.29
-0.23
-0.55
-0.82
-0.71
-0.53
-0.39
-0.30
-0.24
-0.21
-0.28
-0.27
-0.22
-0.17
-0.13
-0.10
-0.08
-0.13
-0.25
-0.24
-0.18
-0.14
-0.25
-0.28
-0.22
-0.15
-0.11
-0.08
-0.06
-0.04
-0.03
-0.03
-0.02
-0.01
-0.02
-0.01
0.00
0.01
0.02
0.02
0.03
0.01
0.01
0.02
0.01
0.02
0.03
0.04
0.05
0.05
0.06
0.06
0.06
0.06
0.06
0.07
0.07
0.07
0.08
0.09
0.09
0.09
0.09
0.09
0.09
0.09
0.09
0.09
0.09
0.10
0.03
-0.15
-0.16
-0.10
-0.04
0.00
0.03
-0.01
-0.03
0.00
0.03
0.06
0.08
0.09
0.10
0.10
0.11
0.11
0.11
0.08
-0.07
-0.09
-0.04
0.01
0.03
0.05
0.07
0.08
0.09
0.08
0.07
0.09
0.10
0.12
0.14
0.15
0.16
0.17
0.17
0.16
0.16
0.16
0.17
0.17
0.18
0.18
0.16
0.14
0.12
0.23
0.20
0.18
0.19
0.19
0.23
0.18
0.17
0.38
0.42
0.31
0.20
0.26
0.23
0.29
0.29
0.27
0.31
0.17
0.26
0.32
0.34
0.27
0.21
0.15
0.28
0.35
0.35
0.28
0.32
0.28
0.22
0.18
0.24
0.31
0.23
0.24
0.30
0.30
0.17
0.33
0.36
0.20
0.25
0.27
0.45
0.46
0.45
0.50
0.48
0.48
0.56
0.39
0.43
0.48
0.65
0.52
0.44
0.60
0.60
0.58
0.57
0.62
0.63
0.55
0.69
0.76
0.59
0.64
