YEAR CONCO2 CONCH4 CONN2O T2M CUMCO2 ANTCO2 ANTCH4 ANTN2O ANTNOx ANTCO ANTVOC ANTSO2 RADTTL RADANT RADAER RADCO2 RADCH4 RADN2O pH
2000   370.13  1752.10   317.04   0.7556    386.66    8.3000    310.19    6.11   36.70  986.00  183.00   60.20   1.4588   1.3248  -1.4791   1.5471   0.4865   0.1556   8.0812
2001   372.66  1751.56   317.91   0.7863    395.04    8.3800    312.90    6.19   36.00  996.00  185.00   59.00   1.5181   1.3875  -1.4591   1.5835   0.4863   0.1584   8.0789
2002   375.12  1754.08   318.80   0.8193    403.50    8.4600    322.28    6.36   35.30 1006.00  187.00   57.80   1.5775   1.4502  -1.4390   1.6186   0.4872   0.1612   8.0765
2003   377.58  1759.81   319.71   0.8538    412.03    8.5300    328.12    6.43   34.80 1016.00  188.00   56.60   1.6391   1.5152  -1.4187   1.6534   0.4894   0.1641   8.0742
2004   380.04  1768.69   320.63   0.8892    420.64    8.6100    338.94    6.59   34.10 1026.00  189.00   55.40   1.7002   1.5796  -1.3982   1.6882   0.4927   0.1670   8.0718
2005   382.51  1780.83   321.57   0.9257    429.33    8.6900    346.40    6.69   33.40 1037.00  191.00   54.10   1.7651   1.6479  -1.3759   1.7228   0.4972   0.1700   8.0695
2006   385.00  1795.85   322.53   0.9630    438.10    8.7700    356.47    6.87   32.70 1046.00  193.00   52.90   1.8299   1.7161  -1.3550   1.7574   0.5028   0.1730   8.0671
2007   387.49  1811.93   323.48   1.0010    446.94    8.8400    355.02    6.59   32.00 1057.00  194.00   51.70   1.8947   1.7843  -1.3342   1.7919   0.5087   0.1760   8.0648
2008   390.00  1828.18   324.39   1.0397    455.86    8.9200    360.49    6.64   31.30 1067.00  196.00   50.50   1.9597   1.8526  -1.3131   1.8263   0.5147   0.1789   8.0625
2009   392.53  1845.50   325.30   1.0790    464.85    8.9900    364.20    6.71   30.60 1077.00  197.00   49.30   2.0250   1.9212  -1.2918   1.8608   0.5210   0.1817   8.0601
2010   395.07  1863.98   326.21   1.1189    473.92    9.0700    370.90    6.71   29.90 1087.00  198.00   48.10   2.0908   1.9904  -1.2703   1.8952   0.5277   0.1846   8.0578
2011   397.66  1883.20   327.11   1.1593    483.24    9.3200    372.66    6.65   29.60 1107.00  201.00   47.00   2.1570   2.0600  -1.2517   1.9302   0.5347   0.1874   8.0554
2012   400.35  1903.44   328.01   1.2001    492.82    9.5800    380.81    6.74   29.20 1128.00  205.00   46.00   2.2217   2.1280  -1.2350   1.9661   0.5420   0.1902   8.0530
2013   403.14  1924.49   328.91   1.2412    502.66    9.8400    381.59    6.85   28.80 1147.00  208.00   45.00   2.2872   2.1969  -1.2180   2.0031   0.5495   0.1930   8.0505
2014   406.01  1945.83   329.83   1.2829    512.76   10.1000    387.87    6.92   28.60 1168.00  210.00   44.00   2.3542   2.2673  -1.2010   2.0411   0.5571   0.1959   8.0479
2015   408.98  1967.35   330.74   1.3251    523.12   10.3600    388.07    6.94   28.20 1188.00  213.00   43.00   2.4209   2.3373  -1.1838   2.0800   0.5647   0.1988   8.0452
2016   412.04  1987.06   331.65   1.3676    533.73   10.6100    382.24    6.91   27.80 1209.00  216.00   42.00   2.4870   2.4068  -1.1665   2.1197   0.5717   0.2016   8.0425
2017   415.18  2003.97   332.55   1.4102    544.59   10.8600    376.41    6.89   27.50 1228.00  218.00   41.10   2.5509   2.4740  -1.1509   2.1603   0.5776   0.2044   8.0398
2018   418.41  2018.33   333.43   1.4532    555.71   11.1200    370.57    6.86   27.10 1249.00  221.00   40.00   2.6174   2.5439  -1.1314   2.2016   0.5826   0.2071   8.0369
2019   421.73  2030.43   334.30   1.4964    567.09   11.3800    364.74    6.84   26.80 1269.00  225.00   39.00   2.6821   2.6119  -1.1136   2.2438   0.5868   0.2098   8.0341
2020   425.13  2040.45   335.15   1.5397    578.73   11.6400    358.91    6.81   26.40 1289.00  228.00   38.00   2.7456   2.6788  -1.0956   2.2867   0.5903   0.2124   8.0311
2021   428.60  2047.45   335.98   1.5825    590.52   11.7903    347.32    6.67   26.00 1305.00  229.00   37.20   2.8039   2.7405  -1.0811   2.3300   0.5927   0.2150   8.0282
2022   432.07  2050.61   336.77   1.6249    602.35   11.8228    335.73    6.52   25.50 1321.00  230.00   36.30   2.8615   2.8015  -1.0644   2.3732   0.5938   0.2174   8.0252
2023   435.51  2050.27   337.53   1.6664    614.09   11.7388    324.14    6.37   25.10 1337.00  232.00   35.60   2.9132   2.8565  -1.0518   2.4155   0.5937   0.2197   8.0223
2024   438.86  2046.71   338.24   1.7073    625.61   11.5210    312.56    6.22   24.70 1354.00  234.00   34.70   2.9657   2.9124  -1.0350   2.4563   0.5925   0.2220   8.0195
2025   442.06  2040.18   338.92   1.7473    636.77   11.1595    300.97    6.08   24.30 1370.00  236.00   33.90   3.0126   2.9626  -1.0201   2.4951   0.5902   0.2240   8.0168
2026   445.04  2030.87   339.56   1.7860    647.40   10.6386    289.38    5.93   23.90 1386.00  237.00   33.10   3.0549   3.0083  -1.0050   2.5310   0.5870   0.2260   8.0144
2027   447.75  2019.02   340.17   1.8232    657.36    9.9592    277.79    5.78   23.40 1402.00  239.00   32.30   3.0920   3.0488  -0.9899   2.5634   0.5828   0.2279   8.0121
2028   450.15  2004.88   340.74   1.8587    666.62    9.2585    266.20    5.64   23.00 1418.00  241.00   31.50   3.1244   3.0845  -0.9746   2.5920   0.5779   0.2296   8.0102
2029   452.24  1988.60   341.27   1.8925    675.13    8.5028    254.62    5.49   22.50 1434.00  243.00   30.60   3.1534   3.1169  -0.9570   2.6166   0.5722   0.2313   8.0085
2030   453.99  1970.28   341.77   1.9244    682.84    7.7144    243.03    5.34   22.20 1450.00  244.00   29.80   3.1759   3.1427  -0.9415   2.6372   0.5658   0.2328   8.0071
2031   455.39  1951.28   342.25   1.9540    689.72    6.8824    238.79    5.34   21.90 1470.00  245.00   29.20   3.1927   3.1595  -0.9307   2.6537   0.5590   0.2343   8.0059
2032   456.44  1932.95   342.73   1.9815    695.73    6.0126    234.54    5.34   21.70 1490.00  246.00   28.60   3.2063   3.1731  -0.9198   2.6660   0.5525   0.2357   8.0051
2033   457.13  1915.20   343.20   2.0069    700.84    5.1050    230.30    5.34   21.40 1509.00  247.00   28.00   3.2156   3.1825  -0.9087   2.6741   0.5462   0.2371   8.0045
2034   457.44  1897.99   343.66   2.0304    705.00    4.1596    226.06    5.34   21.20 1529.00  248.00   27.30   3.2236   3.1905  -0.8954   2.6777   0.5400   0.2386   8.0043
2035   457.37  1881.28   344.12   2.0517    708.19    3.1864    221.82    5.34   20.90 1549.00  249.00   26.70   3.2248   3.1917  -0.8843   2.6769   0.5340   0.2400   8.0043
2036   456.91  1864.97   344.58   2.0710    710.35    2.1654    217.58    5.33   20.80 1568.00  250.00   26.00   3.2250   3.1919  -0.8707   2.6714   0.5281   0.2414   8.0047
2037   456.07  1849.03   345.03   2.0880    711.61    1.2599    213.34    5.33   20.50 1588.00  251.00   25.40   3.2178   3.1847  -0.8594   2.6616   0.5223   0.2427   8.0054
2038   454.91  1833.47   345.48   2.1028    712.09    0.4780    209.10    5.33   20.30 1608.00  252.00   24.80   3.2077   3.1746  -0.8480   2.6481   0.5166   0.2441   8.0063
2039   453.50  1818.23   345.92   2.1153    711.92   -0.1722    204.85    5.33   20.00 1628.00  252.00   24.20   3.1942   3.1610  -0.8366   2.6315   0.5110   0.2454   8.0074
2040   451.90  1803.29   346.36   2.1260    711.23   -0.6826    200.61    5.33   19.80 1647.00  254.00   23.50   3.1817   3.1486  -0.8226   2.6127   0.5055   0.2468   8.0087
2041   450.17  1788.74   346.79   2.1343    710.19   -1.0451    197.57    5.31   19.60 1661.00  254.00   23.20   3.1587   3.1256  -0.8172   2.5922   0.5001   0.2481   8.0102
2042   448.38  1774.67   347.22   2.1408    708.94   -1.2504    194.53    5.29   19.40 1676.00  254.00   22.70   3.1396   3.1065  -0.8073   2.5709   0.4949   0.2494   8.0116
2043   446.60  1760.97   347.63   2.1455    707.65   -1.2928    191.49    5.27   19.40 1690.00  254.00   22.40   3.1170   3.0839  -0.8019   2.5496   0.4898   0.2507   8.0131
2044   444.85  1747.60   348.04   2.1488    706.31   -1.3340    188.45    5.25   19.20 1705.00  254.00   22.00   3.0962   3.0630  -0.7942   2.5287   0.4848   0.2519   8.0145
2045   443.14  1734.58   348.45   2.1508    704.94   -1.3764    185.41    5.23   19.10 1719.00  254.00   21.70   3.0740   3.0408  -0.7888   2.5081   0.4799   0.2531   8.0159
2046   441.46  1721.88   348.84   2.1516    703.52   -1.4176    182.36    5.21   18.90 1734.00  254.00   21.40   3.0516   3.0185  -0.7834   2.4878   0.4751   0.2543   8.0173
2047   439.80  1709.46   349.23   2.1518    702.07   -1.4500    179.32    5.20   18.80 1748.00  254.00   21.00   3.0326   2.9994  -0.7755   2.4678   0.4704   0.2555   8.0187
2048   438.17  1697.31   349.60   2.1512    700.58   -1.4912    176.28    5.18   18.60 1763.00  254.00   20.60   3.0132   2.9801  -0.7677   2.4480   0.4658   0.2566   8.0201
2049   436.57  1685.42   349.98   2.1501    699.04   -1.5336    173.24    5.16   18.40 1777.00  254.00   20.20   2.9943   2.9612  -0.7597   2.4284   0.4612   0.2577   8.0214
2050   434.99  1673.78   350.34   2.1483    697.47   -1.5748    170.20    5.14   18.30 1792.00  255.00   19.90   2.9738   2.9407  -0.7542   2.4090   0.4568   0.2588   8.0227
2051   433.42  1662.52   350.70   2.1457    695.84   -1.6316    168.93    5.13   18.20 1798.00  253.00   19.70   2.9514   2.9183  -0.7501   2.3897   0.4525   0.2599   8.0241
2052   431.86  1651.84   351.05   2.1422    694.15   -1.6884    167.67    5.12   18.00 1805.00  252.00   19.50   2.9290   2.8958  -0.7461   2.3705   0.4483   0.2610   8.0254
2053   430.30  1641.72   351.40   2.1382    692.40   -1.7452    166.41    5.11   17.90 1812.00  251.00   19.30   2.9074   2.8743  -0.7420   2.3513   0.4444   0.2620   8.0267
2054   428.76  1632.08   351.74   2.1340    690.60   -1.8020    165.14    5.10   17.80 1818.00  250.00   19.00   2.8887   2.8556  -0.7354   2.3321   0.4407   0.2631   8.0280
2055   427.22  1622.89   352.08   2.1293    688.74   -1.8588    163.88    5.10   17.70 1826.00  249.00   18.80   2.8677   2.8346  -0.7315   2.3129   0.4371   0.2641   8.0293
2056   425.69  1614.10   352.41   2.1241    686.83   -1.9156    162.61    5.09   17.60 1833.00  247.00   18.60   2.8469   2.8138  -0.7274   2.2937   0.4337   0.2651   8.0306
2057   424.17  1605.62   352.74   2.1186    684.85   -1.9724    161.35    5.08   17.60 1839.00  246.00   18.40   2.8271   2.7939  -0.7232   2.2746   0.4304   0.2661   8.0319
2058   422.65  1597.47   353.06   2.1128    682.82   -2.0292    160.09    5.07   17.50 1846.00  245.00   18.20   2.8068   2.7736  -0.7191   2.2554   0.4272   0.2671   8.0333
2059   421.13  1589.64   353.38   2.1067    680.74   -2.0860    158.82    5.06   17.40 1853.00  244.00   18.00   2.7867   2.7535  -0.7150   2.2362   0.4241   0.2680   8.0346
2060   419.61  1582.15   353.70   2.1002    678.59   -2.1528    157.56    5.05   17.20 1859.00  243.00   17.80   2.7662   2.7331  -0.7108   2.2169   0.4211   0.2690   8.0359
2061   418.09  1574.97   354.01   2.0933    676.39   -2.1928    156.45    5.05   17.10 1864.00  242.00   17.70   2.7441   2.7110  -0.7089   2.1976   0.4183   0.2699   8.0372
2062   416.59  1568.06   354.31   2.0859    674.16   -2.2328    155.34    5.06   17.00 1868.00  241.00   17.60   2.7222   2.6891  -0.7069   2.1783   0.4156   0.2708   8.0385
2063   415.09  1561.32   354.62   2.0782    671.89   -2.2728    154.23    5.06   17.00 1873.00  238.00   17.50   2.7007   2.6675  -0.7050   2.1591   0.4129   0.2717   8.0398
2064   413.60  1554.74   354.92   2.0702    669.57   -2.3128    153.12    5.06   16.90 1877.00  237.00   17.40   2.6791   2.6459  -0.7029   2.1399   0.4103   0.2726   8.0411
2065   412.12  1548.37   355.22   2.0617    667.22   -2.3528    152.01    5.06   16.80 1881.00  236.00   17.40   2.6551   2.6220  -0.7034   2.1207   0.4077   0.2735   8.0425
2066   410.64  1542.16   355.52   2.0530    664.83   -2.3928    150.90    5.06   16.80 1885.00  235.00   17.30   2.6343   2.6012  -0.7014   2.1015   0.4052   0.2744   8.0438
2067   409.16  1536.09   355.82   2.0441    662.40   -2.4328    149.79    5.06   16.70 1889.00  233.00   17.20   2.6129   2.5798  -0.6994   2.0823   0.4028   0.2753   8.0451
2068   407.70  1530.17   356.11   2.0350    659.92   -2.4728    148.68    5.06   16.60 1894.00  232.00   17.10   2.5917   2.5586  -0.6975   2.0632   0.4004   0.2762   8.0464
2069   406.23  1524.42   356.40   2.0258    657.41   -2.5128    147.57    5.06   16.50 1898.00  231.00   17.00   2.5707   2.5375  -0.6954   2.0440   0.3981   0.2771   8.0477
2070   404.77  1518.80   356.69   2.0164    654.86   -2.5528    146.46    5.06   16.50 1903.00  230.00   16.90   2.5501   2.5170  -0.6935   2.0248   0.3958   0.2779   8.0490
2071   403.32  1513.16   356.97   2.0069    652.28   -2.5808    145.04    5.07   16.30 1898.00  227.00   16.80   2.5290   2.4958  -0.6904   2.0056   0.3936   0.2788   8.0503
2072   401.88  1507.36   357.25   1.9976    649.67   -2.6100    143.62    5.07   16.20 1892.00  225.00   16.60   2.5110   2.4778  -0.6847   1.9864   0.3912   0.2796   8.0516
2073   400.44  1501.37   357.54   1.9877    647.02   -2.6492    142.20    5.07   16.10 1888.00  221.00   16.60   2.4875   2.4544  -0.6843   1.9673   0.3888   0.2805   8.0529
2074   399.01  1495.23   357.81   1.9777    644.34   -2.6784    140.78    5.07   16.00 1883.00  219.00   16.50   2.4668   2.4337  -0.6812   1.9482   0.3863   0.2813   8.0542
2075   397.58  1488.95   358.09   1.9676    641.63   -2.7064    139.35    5.07   15.90 1878.00  216.00   16.40   2.4460   2.4128  -0.6781   1.9291   0.3837   0.2821   8.0555
2076   396.16  1482.55   358.36   1.9571    638.90   -2.7356    137.93    5.07   15.80 1873.00  214.00   16.40   2.4227   2.3896  -0.6775   1.9100   0.3811   0.2830   8.0568
2077   394.75  1476.09   358.64   1.9464    636.13   -2.7648    136.51    5.07   15.60 1868.00  212.00   16.30   2.4015   2.3683  -0.6745   1.8909   0.3785   0.2838   8.0581
2078   393.34  1469.57   358.91   1.9357    633.34   -2.7928    135.09    5.08   15.50 1864.00  209.00   16.20   2.3805   2.3474  -0.6715   1.8718   0.3758   0.2846   8.0594
2079   391.94  1462.95   359.17   1.9246    630.52   -2.8220    133.67    5.08   15.40 1858.00  207.00   16.20   2.3573   2.3241  -0.6708   1.8528   0.3731   0.2854   8.0607
2080   390.55  1456.24   359.44   1.9138    627.67   -2.8512    132.25    5.08   15.30 1854.00  204.00   16.00   2.3387   2.3056  -0.6653   1.8338   0.3703   0.2862   8.0620
2081   389.16  1449.49   359.70   1.9026    624.79   -2.8772    131.10    5.09   15.20 1847.00  202.00   16.00   2.3154   2.2823  -0.6645   1.8147   0.3676   0.2869   8.0632
2082   387.77  1442.77   359.97   1.8909    621.90   -2.8920    129.95    5.11   15.00 1840.00  199.00   16.00   2.2916   2.2585  -0.6637   1.7957   0.3648   0.2877   8.0645
2083   386.40  1435.98   360.23   1.8794    618.99   -2.9080    128.80    5.12   15.00 1833.00  195.00   15.90   2.2712   2.2381  -0.6603   1.7768   0.3620   0.2885   8.0658
2084   385.04  1429.12   360.50   1.8676    616.07   -2.9240    127.65    5.13   14.90 1826.00  192.00   15.90   2.2480   2.2148  -0.6595   1.7580   0.3591   0.2893   8.0671
2085   383.69  1422.24   360.76   1.8558    613.13   -2.9388    126.51    5.15   14.90 1820.00  190.00   15.80   2.2279   2.1948  -0.6563   1.7392   0.3562   0.2901   8.0684
2086   382.34  1415.32   361.03   1.8441    610.17   -2.9548    125.36    5.16   14.80 1812.00  186.00   15.70   2.2072   2.1741  -0.6529   1.7205   0.3533   0.2909   8.0696
2087   381.01  1408.39   361.30   1.8319    607.19   -2.9808    124.21    5.18   14.60 1806.00  183.00   15.70   2.1835   2.1504  -0.6522   1.7018   0.3504   0.2917   8.0709
2088   379.68  1401.46   361.57   1.8199    604.20   -2.9956    123.06    5.19   14.60 1799.00  180.00   15.60   2.1635   2.1304  -0.6488   1.6831   0.3475   0.2925   8.0722
2089   378.36  1394.50   361.84   1.8076    601.18   -3.0116    121.91    5.21   14.50 1792.00  177.00   15.60   2.1405   2.1073  -0.6480   1.6645   0.3446   0.2933   8.0734
2090   377.04  1387.54   362.11   1.7953    598.16   -3.0276    120.76    5.22   14.40 1785.00  174.00   15.50   2.1200   2.0869  -0.6447   1.6459   0.3417   0.2941   8.0747
2091   375.73  1380.65   362.37   1.7829    595.11   -3.0448    119.86    5.23   14.50 1784.00  173.00   15.50   2.0980   2.0648  -0.6446   1.6274   0.3387   0.2949   8.0759
2092   374.43  1373.92   362.64   1.7706    592.05   -3.0632    118.96    5.24   14.50 1782.00  172.00   15.40   2.0782   2.0450  -0.6418   1.6089   0.3359   0.2957   8.0772
2093   373.14  1367.37   362.91   1.7581    588.96   -3.0904    118.05    5.25   14.50 1781.00  171.00   15.40   2.0559   2.0227  -0.6417   1.5904   0.3331   0.2965   8.0784
2094   371.85  1360.99   363.18   1.7457    585.85   -3.1088    117.15    5.25   14.50 1780.00  170.00   15.30   2.0362   2.0031  -0.6390   1.5719   0.3304   0.2973   8.0797
2095   370.56  1354.79   363.44   1.5000    582.72   -3.1260    116.24    5.26   14.50 1778.00  170.00   15.30   2.0143   1.9812  -0.6388   1.5534   0.3277   0.2981   8.0809
2096   369.29  1348.70   363.71   1.5000    579.58   -3.1432    115.34    5.27   14.60 1777.00  168.00   15.20   1.9952   1.9621  -0.6361   1.5349   0.3251   0.2989   8.0821
2097   368.01  1342.69   363.97   1.5000    576.42   -3.1616    114.43    5.28   14.60 1776.00  167.00   15.20   1.9733   1.9401  -0.6360   1.5165   0.3225   0.2996   8.0834
2098   366.74  1336.80   364.24   1.5000    573.23   -3.1888    113.53    5.29   14.70 1774.00  167.00   15.10   1.9546   1.9215  -0.6332   1.4981   0.3200   0.3004   8.0846
2099   365.48  1331.02   364.50   1.5000    570.02   -3.2072    112.63    5.30   14.60 1772.00  165.00   15.10   1.9322   1.8991  -0.6330   1.4797   0.3175   0.3012   8.0859
2100   364.22  1325.36   364.77   1.5000    566.80   -3.2244    111.72    5.31   14.60 1772.00  164.00   14.90   1.9155   1.8824  -0.6279   1.4612   0.3151   0.3020   8.0871
2101   362.97  1320.00   365.03   1.5000    563.57   -3.2244    111.72    5.31   14.60 1772.00  164.00   14.90   1.8941   1.8610  -0.6279   1.4429   0.3128   0.3028   8.0883
2102   361.74  1315.10   365.29   1.5000    560.35   -3.2244    111.72    5.31   14.60 1772.00  164.00   14.90   1.8731   1.8399  -0.6279   1.4247   0.3106   0.3035   8.0896
2103   360.51  1310.60   365.54   1.5000    557.12   -3.2244    111.72    5.31   14.60 1772.00  164.00   14.90   1.8524   1.8193  -0.6279   1.4066   0.3087   0.3043   8.0908
2104   359.30  1306.49   365.80   1.5000    553.90   -3.2244    111.72    5.31   14.60 1772.00  164.00   14.90   1.8321   1.7990  -0.6279   1.3887   0.3069   0.3050   8.0920
2105   358.10  1302.73   366.05   1.5000    550.68   -3.2244    111.72    5.31   14.60 1772.00  164.00   14.90   1.8121   1.7790  -0.6279   1.3708   0.3052   0.3058   8.0932
2106   356.92  1299.29   366.30   1.5000    547.45   -3.2244    111.72    5.31   14.60 1772.00  164.00   14.90   1.7924   1.7593  -0.6279   1.3531   0.3037   0.3065   8.0944
2107   355.74  1296.14   366.55   1.5000    544.23   -3.2244    111.72    5.31   14.60 1772.00  164.00   14.90   1.7730   1.7399  -0.6279   1.3355   0.3024   0.3073   8.0956
2108   354.58  1293.25   366.79   1.5000    541.00   -3.2244    111.72    5.31   14.60 1772.00  164.00   14.90   1.7539   1.7207  -0.6279   1.3180   0.3011   0.3080   8.0967
2109   353.42  1290.62   367.04   1.5000    537.78   -3.2244    111.72    5.31   14.60 1772.00  164.00   14.90   1.7350   1.7018  -0.6279   1.3006   0.2999   0.3087   8.0979
2110   352.28  1288.20   367.28   1.5000    534.55   -3.2244    111.72    5.31   14.60 1772.00  164.00   14.90   1.7163   1.6832  -0.6279   1.2833   0.2989   0.3094   8.0990
2111   351.15  1285.99   367.51   1.5000    531.33   -3.2244    111.72    5.31   14.60 1772.00  164.00   14.90   1.6979   1.6648  -0.6279   1.2661   0.2979   0.3101   8.1002
2112   350.03  1283.97   367.75   1.5000    528.11   -3.2244    111.72    5.31   14.60 1772.00  164.00   14.90   1.6797   1.6466  -0.6279   1.2491   0.2970   0.3108   8.1013
2113   348.92  1282.13   367.99   1.5000    524.88   -3.2244    111.72    5.31   14.60 1772.00  164.00   14.90   1.6617   1.6286  -0.6279   1.2321   0.2962   0.3115   8.1025
2114   347.82  1280.43   368.22   1.4930    521.66   -3.2244    111.72    5.31   14.60 1772.00  164.00   14.90   1.6439   1.6108  -0.6279   1.2152   0.2955   0.3122   8.1036
2115   346.78  1278.89   368.45   1.4808    518.71   -2.9457    111.72    5.31   14.60 1772.00  164.00   14.90   1.6272   1.5941  -0.6279   1.1994   0.2948   0.3129   8.1047
2116   345.82  1277.47   368.68   1.4688    515.77   -2.9457    111.72    5.31   14.60 1772.00  164.00   14.90   1.6116   1.5785  -0.6279   1.1845   0.2942   0.3135   8.1057
2117   344.92  1276.18   368.90   1.4571    513.10   -2.6670    111.72    5.31   14.60 1772.00  164.00   14.90   1.5971   1.5639  -0.6279   1.1706   0.2936   0.3142   8.1066
2118   344.09  1275.00   369.13   1.4457    510.43   -2.6670    111.72    5.31   14.60 1772.00  164.00   14.90   1.5835   1.5504  -0.6279   1.1577   0.2931   0.3149   8.1075
2119   343.20  1273.91   369.35   1.4346    507.49   -2.9457    111.72    5.31   14.60 1772.00  164.00   14.90   1.5691   1.5360  -0.6279   1.1438   0.2926   0.3155   8.1084
2120   342.25  1272.92   369.57   1.4234    504.54   -2.9457    111.72    5.31   14.60 1772.00  164.00   14.90   1.5538   1.5207  -0.6279   1.1291   0.2921   0.3162   8.1094
2121   341.25  1272.02   369.78   1.4122    501.32   -3.2244    111.72    5.31   14.60 1772.00  164.00   14.90   1.5378   1.5046  -0.6279   1.1134   0.2917   0.3168   8.1104
2122   340.20  1271.19   370.00   1.4009    498.09   -3.2244    111.72    5.31   14.60 1772.00  164.00   14.90   1.5209   1.4878  -0.6279   1.0970   0.2914   0.3174   8.1115
2123   339.15  1270.43   370.21   1.3896    494.87   -3.2244    111.72    5.31   14.60 1772.00  164.00   14.90   1.5042   1.4711  -0.6279   1.0806   0.2910   0.3181   8.1126
2124   338.13  1269.74   370.42   1.3781    491.64   -3.2244    111.72    5.31   14.60 1772.00  164.00   14.90   1.4877   1.4545  -0.6279   1.0644   0.2907   0.3187   8.1137
2125   337.11  1269.10   370.63   1.3667    488.42   -3.2244    111.72    5.31   14.60 1772.00  164.00   14.90   1.4713   1.4381  -0.6279   1.0483   0.2905   0.3193   8.1148
2126   336.10  1268.52   370.84   1.3553    485.19   -3.2244    111.72    5.31   14.60 1772.00  164.00   14.90   1.4550   1.4219  -0.6279   1.0323   0.2902   0.3199   8.1158
2127   335.10  1267.99   371.05   1.3439    481.97   -3.2244    111.72    5.31   14.60 1772.00  164.00   14.90   1.4389   1.4058  -0.6279   1.0164   0.2900   0.3205   8.1169
2128   334.11  1267.51   371.25   1.3325    478.74   -3.2244    111.72    5.31   14.60 1772.00  164.00   14.90   1.4229   1.3898  -0.6279   1.0006   0.2898   0.3211   8.1179
2129   333.12  1267.07   371.45   1.3212    475.52   -3.2244    111.72    5.31   14.60 1772.00  164.00   14.90   1.4071   1.3739  -0.6279   0.9849   0.2896   0.3217   8.1190
2130   332.15  1266.66   371.65   1.3099    472.30   -3.2244    111.72    5.31   14.60 1772.00  164.00   14.90   1.3913   1.3582  -0.6279   0.9692   0.2894   0.3223   8.1200
2131   331.19  1266.29   371.85   1.2986    469.07   -3.2244    111.72    5.31   14.60 1772.00  164.00   14.90   1.3757   1.3426  -0.6279   0.9537   0.2892   0.3229   8.1211
2132   330.23  1265.95   372.05   1.2873    465.85   -3.2244    111.72    5.31   14.60 1772.00  164.00   14.90   1.3602   1.3270  -0.6279   0.9383   0.2891   0.3235   8.1221
2133   329.28  1265.64   372.24   1.2761    462.62   -3.2244    111.72    5.31   14.60 1772.00  164.00   14.90   1.3447   1.3116  -0.6279   0.9229   0.2889   0.3240   8.1231
2134   328.34  1265.36   372.44   1.2650    459.40   -3.2244    111.72    5.31   14.60 1772.00  164.00   14.90   1.3294   1.2963  -0.6279   0.9076   0.2888   0.3246   8.1241
2135   327.41  1265.10   372.63   1.2538    456.17   -3.2244    111.72    5.31   14.60 1772.00  164.00   14.90   1.3142   1.2811  -0.6279   0.8925   0.2887   0.3252   8.1251
2136   326.48  1264.86   372.82   1.2427    452.95   -3.2244    111.72    5.31   14.60 1772.00  164.00   14.90   1.2991   1.2659  -0.6279   0.8774   0.2886   0.3257   8.1261
2137   325.57  1264.64   373.01   1.2317    449.72   -3.2244    111.72    5.31   14.60 1772.00  164.00   14.90   1.2840   1.2509  -0.6279   0.8623   0.2885   0.3263   8.1271
2138   324.66  1264.44   373.19   1.2207    446.50   -3.2244    111.72    5.31   14.60 1772.00  164.00   14.90   1.2691   1.2360  -0.6279   0.8474   0.2884   0.3268   8.1281
2139   323.75  1264.26   373.38   1.2097    443.28   -3.2244    111.72    5.31   14.60 1772.00  164.00   14.90   1.2542   1.2211  -0.6279   0.8325   0.2883   0.3273   8.1291
2140   322.86  1264.10   373.56   1.1987    440.05   -3.2244    111.72    5.31   14.60 1772.00  164.00   14.90   1.2395   1.2063  -0.6279   0.8177   0.2882   0.3279   8.1301
2141   321.97  1263.94   373.74   1.1878    436.83   -3.2244    111.72    5.31   14.60 1772.00  164.00   14.90   1.2248   1.1916  -0.6279   0.8030   0.2882   0.3284   8.1311
2142   321.08  1263.81   373.92   1.1770    433.60   -3.2244    111.72    5.31   14.60 1772.00  164.00   14.90   1.2102   1.1770  -0.6279   0.7883   0.2881   0.3289   8.1320
2143   320.21  1263.68   374.10   1.1662    430.38   -3.2244    111.72    5.31   14.60 1772.00  164.00   14.90   1.1956   1.1625  -0.6279   0.7738   0.2881   0.3294   8.1330
2144   319.34  1263.56   374.27   1.1554    427.15   -3.2244    111.72    5.31   14.60 1772.00  164.00   14.90   1.1812   1.1481  -0.6279   0.7593   0.2880   0.3300   8.1340
2145   318.48  1263.46   374.45   1.1446    423.93   -3.2244    111.72    5.31   14.60 1772.00  164.00   14.90   1.1668   1.1337  -0.6279   0.7448   0.2880   0.3305   8.1349
2146   317.62  1263.36   374.62   1.1339    420.71   -3.2244    111.72    5.31   14.60 1772.00  164.00   14.90   1.1525   1.1194  -0.6279   0.7305   0.2879   0.3310   8.1359
2147   316.77  1263.27   374.79   1.1232    417.48   -3.2244    111.72    5.31   14.60 1772.00  164.00   14.90   1.1383   1.1052  -0.6279   0.7162   0.2879   0.3315   8.1368
2148   315.93  1263.19   374.96   1.1126    414.26   -3.2244    111.72    5.31   14.60 1772.00  164.00   14.90   1.1242   1.0910  -0.6279   0.7019   0.2878   0.3320   8.1378
2149   315.09  1263.12   375.13   1.1020    411.03   -3.2244    111.72    5.31   14.60 1772.00  164.00   14.90   1.1101   1.0769  -0.6279   0.6878   0.2878   0.3325   8.1387
2150   314.26  1263.05   375.30   1.0914    407.81   -3.2244    111.72    5.31   14.60 1772.00  164.00   14.90   1.0961   1.0629  -0.6279   0.6737   0.2878   0.3330   8.1396
2151   313.44  1262.99   375.46   1.0809    404.58   -3.2244    111.72    5.31   14.60 1772.00  164.00   14.90   1.0821   1.0490  -0.6279   0.6596   0.2877   0.3334   8.1405
2152   312.62  1262.93   375.63   1.0704    401.36   -3.2244    111.72    5.31   14.60 1772.00  164.00   14.90   1.0683   1.0351  -0.6279   0.6457   0.2877   0.3339   8.1415
2153   311.80  1262.88   375.79   1.0600    398.13   -3.2244    111.72    5.31   14.60 1772.00  164.00   14.90   1.0544   1.0213  -0.6279   0.6318   0.2877   0.3344   8.1424
2154   311.00  1262.83   375.95   1.0495    394.91   -3.2244    111.72    5.31   14.60 1772.00  164.00   14.90   1.0407   1.0076  -0.6279   0.6179   0.2877   0.3349   8.1433
2155   310.19  1262.79   376.11   1.0391    391.69   -3.2244    111.72    5.31   14.60 1772.00  164.00   14.90   1.0270   0.9939  -0.6279   0.6042   0.2877   0.3353   8.1442
2156   309.40  1262.75   376.26   1.0288    388.46   -3.2244    111.72    5.31   14.60 1772.00  164.00   14.90   1.0134   0.9803  -0.6279   0.5904   0.2876   0.3358   8.1451
2157   308.61  1262.71   376.42   1.0184    385.24   -3.2244    111.72    5.31   14.60 1772.00  164.00   14.90   0.9999   0.9667  -0.6279   0.5768   0.2876   0.3362   8.1460
2158   307.82  1262.68   376.58   1.0081    382.01   -3.2244    111.72    5.31   14.60 1772.00  164.00   14.90   0.9864   0.9532  -0.6279   0.5632   0.2876   0.3367   8.1469
2159   307.04  1262.65   376.73   0.9979    378.79   -3.2244    111.72    5.31   14.60 1772.00  164.00   14.90   0.9729   0.9398  -0.6279   0.5496   0.2876   0.3371   8.1478
2160   306.27  1262.62   376.88   0.9877    375.56   -3.2244    111.72    5.31   14.60 1772.00  164.00   14.90   0.9596   0.9264  -0.6279   0.5362   0.2876   0.3376   8.1487
2161   305.50  1262.59   377.03   0.9775    372.34   -3.2244    111.72    5.31   14.60 1772.00  164.00   14.90   0.9462   0.9131  -0.6279   0.5227   0.2876   0.3380   8.1496
2162   304.73  1262.57   377.18   0.9673    369.11   -3.2244    111.72    5.31   14.60 1772.00  164.00   14.90   0.9330   0.8999  -0.6279   0.5094   0.2876   0.3384   8.1505
2163   303.98  1262.55   377.33   0.9571    365.89   -3.2244    111.72    5.31   14.60 1772.00  164.00   14.90   0.9198   0.8867  -0.6279   0.4960   0.2876   0.3389   8.1513
2164   303.22  1262.53   377.48   0.9470    362.67   -3.2244    111.72    5.31   14.60 1772.00  164.00   14.90   0.9067   0.8735  -0.6279   0.4828   0.2875   0.3393   8.1522
2165   302.47  1262.51   377.62   0.9370    359.44   -3.2244    111.72    5.31   14.60 1772.00  164.00   14.90   0.8936   0.8604  -0.6279   0.4696   0.2875   0.3397   8.1531
2166   301.73  1262.50   377.76   0.9269    356.22   -3.2244    111.72    5.31   14.60 1772.00  164.00   14.90   0.8805   0.8474  -0.6279   0.4564   0.2875   0.3401   8.1539
2167   300.99  1262.48   377.91   0.9169    352.99   -3.2244    111.72    5.31   14.60 1772.00  164.00   14.90   0.8676   0.8344  -0.6279   0.4433   0.2875   0.3406   8.1548
2168   300.25  1262.47   378.05   0.9069    349.77   -3.2244    111.72    5.31   14.60 1772.00  164.00   14.90   0.8546   0.8215  -0.6279   0.4303   0.2875   0.3410   8.1557
2169   299.52  1262.46   378.19   0.8970    346.54   -3.2244    111.72    5.31   14.60 1772.00  164.00   14.90   0.8418   0.8086  -0.6279   0.4173   0.2875   0.3414   8.1565
2170   298.80  1262.44   378.33   0.8870    343.32   -3.2244    111.72    5.31   14.60 1772.00  164.00   14.90   0.8290   0.7958  -0.6279   0.4044   0.2875   0.3418   8.1574
2171   298.08  1262.43   378.46   0.8771    340.10   -3.2244    111.72    5.31   14.60 1772.00  164.00   14.90   0.8162   0.7830  -0.6279   0.3915   0.2875   0.3422   8.1582
2172   297.36  1262.42   378.60   0.8673    336.87   -3.2244    111.72    5.31   14.60 1772.00  164.00   14.90   0.8035   0.7703  -0.6279   0.3787   0.2875   0.3426   8.1591
2173   296.65  1262.42   378.73   0.8574    333.65   -3.2244    111.72    5.31   14.60 1772.00  164.00   14.90   0.7908   0.7577  -0.6279   0.3659   0.2875   0.3430   8.1599
2174   295.95  1262.41   378.87   0.8476    330.42   -3.2244    111.72    5.31   14.60 1772.00  164.00   14.90   0.7782   0.7451  -0.6279   0.3532   0.2875   0.3433   8.1607
2175   295.24  1262.40   379.00   0.8378    327.20   -3.2244    111.72    5.31   14.60 1772.00  164.00   14.90   0.7656   0.7325  -0.6279   0.3405   0.2875   0.3437   8.1616
2176   294.55  1262.39   379.13   0.8281    323.97   -3.2244    111.72    5.31   14.60 1772.00  164.00   14.90   0.7531   0.7200  -0.6279   0.3278   0.2875   0.3441   8.1624
2177   293.85  1262.39   379.26   0.8184    320.75   -3.2244    111.72    5.31   14.60 1772.00  164.00   14.90   0.7407   0.7075  -0.6279   0.3152   0.2875   0.3445   8.1632
2178   293.16  1262.38   379.39   0.8087    317.52   -3.2244    111.72    5.31   14.60 1772.00  164.00   14.90   0.7282   0.6951  -0.6279   0.3027   0.2875   0.3449   8.1640
2179   292.48  1262.38   379.52   0.7990    314.30   -3.2244    111.72    5.31   14.60 1772.00  164.00   14.90   0.7159   0.6827  -0.6279   0.2902   0.2875   0.3452   8.1649
2180   291.80  1262.37   379.64   0.7894    311.08   -3.2244    111.72    5.31   14.60 1772.00  164.00   14.90   0.7035   0.6704  -0.6279   0.2778   0.2875   0.3456   8.1657
2181   291.12  1262.37   379.77   0.7797    307.85   -3.2244    111.72    5.31   14.60 1772.00  164.00   14.90   0.6913   0.6581  -0.6279   0.2654   0.2875   0.3460   8.1665
2182   290.45  1262.36   379.89   0.7701    304.63   -3.2244    111.72    5.31   14.60 1772.00  164.00   14.90   0.6790   0.6459  -0.6279   0.2530   0.2875   0.3463   8.1673
2183   289.78  1262.36   380.02   0.7606    301.40   -3.2244    111.72    5.31   14.60 1772.00  164.00   14.90   0.6668   0.6337  -0.6279   0.2407   0.2875   0.3467   8.1681
2184   289.11  1262.36   380.14   0.7510    298.18   -3.2244    111.72    5.31   14.60 1772.00  164.00   14.90   0.6547   0.6216  -0.6279   0.2285   0.2875   0.3470   8.1689
2185   288.45  1262.35   380.26   0.7415    294.95   -3.2244    111.72    5.31   14.60 1772.00  164.00   14.90   0.6426   0.6095  -0.6279   0.2162   0.2875   0.3474   8.1697
2186   287.79  1262.35   380.38   0.7320    291.73   -3.2244    111.72    5.31   14.60 1772.00  164.00   14.90   0.6306   0.5974  -0.6279   0.2041   0.2875   0.3477   8.1705
2187   287.14  1262.35   380.50   0.7226    288.50   -3.2244    111.72    5.31   14.60 1772.00  164.00   14.90   0.6185   0.5854  -0.6279   0.1919   0.2875   0.3481   8.1713
2188   286.49  1262.35   380.61   0.7131    285.28   -3.2244    111.72    5.31   14.60 1772.00  164.00   14.90   0.6066   0.5734  -0.6279   0.1799   0.2875   0.3484   8.1721
2189   285.85  1262.34   380.73   0.7037    282.06   -3.2244    111.72    5.31   14.60 1772.00  164.00   14.90   0.5947   0.5615  -0.6279   0.1678   0.2875   0.3488   8.1729
2190   285.20  1262.34   380.84   0.6943    278.83   -3.2244    111.72    5.31   14.60 1772.00  164.00   14.90   0.5828   0.5496  -0.6279   0.1558   0.2875   0.3491   8.1737
2191   284.57  1262.34   380.96   0.6850    275.61   -3.2244    111.72    5.31   14.60 1772.00  164.00   14.90   0.5709   0.5378  -0.6279   0.1439   0.2875   0.3494   8.1744
2192   283.93  1262.34   381.07   0.6757    272.38   -3.2244    111.72    5.31   14.60 1772.00  164.00   14.90   0.5591   0.5260  -0.6279   0.1319   0.2875   0.3497   8.1752
2193   283.30  1262.34   381.18   0.6663    269.16   -3.2244    111.72    5.31   14.60 1772.00  164.00   14.90   0.5474   0.5142  -0.6279   0.1201   0.2875   0.3501   8.1760
2194   282.70  1262.34   381.30   0.6571    266.08   -3.0759    111.72    5.31   14.60 1772.00  164.00   14.90   0.5363   0.5031  -0.6279   0.1088   0.2875   0.3504   8.1767
2195   282.23  1262.34   381.41   0.6482    263.43   -2.6488    111.72    5.31   14.60 1772.00  164.00   14.90   0.5275   0.4943  -0.6279   0.0999   0.2875   0.3507   8.1773
2196   282.00  1262.33   381.51   0.6399    261.49   -1.9429    111.72    5.31   14.60 1772.00  164.00   14.90   0.5231   0.4900  -0.6279   0.0954   0.2875   0.3510   8.1776
2197   282.10  1262.33   381.62   0.6329    260.53   -0.9583    111.72    5.31   14.60 1772.00  164.00   14.90   0.5252   0.4921  -0.6279   0.0975   0.2875   0.3513   8.1775
2198   282.66  1262.33   381.73   0.6276    260.84    0.3049    111.72    5.31   14.60 1772.00  164.00   14.90   0.5359   0.5027  -0.6279   0.1079   0.2875   0.3516   8.1768
2199   283.76  1262.33   381.84   0.6249    262.68    1.8469    111.72    5.31   14.60 1772.00  164.00   14.90   0.5568   0.5236  -0.6279   0.1287   0.2875   0.3520   8.1754
2200   285.51  1262.33   381.94   0.6254    266.35    3.6676    111.72    5.31   14.60 1772.00  164.00   14.90   0.5897   0.5565  -0.6279   0.1615   0.2875   0.3523   8.1733
2201   287.88  1262.33   382.04   0.6296    271.56    5.2095    111.72    5.31   14.60 1772.00  164.00   14.90   0.6340   0.6009  -0.6279   0.2057   0.2875   0.3526   8.1704
2202   290.75  1262.33   382.15   0.6378    278.03    6.4728    111.72    5.31   14.60 1772.00  164.00   14.90   0.6869   0.6538  -0.6279   0.2586   0.2875   0.3529   8.1669
2203   293.97  1262.33   382.25   0.6497    285.49    7.4574    111.72    5.31   14.60 1772.00  164.00   14.90   0.7459   0.7128  -0.6279   0.3174   0.2875   0.3532   8.1631
2204   297.43  1262.33   382.35   0.6651    293.65    8.1632    111.72    5.31   14.60 1772.00  164.00   14.90   0.8085   0.7754  -0.6279   0.3799   0.2875   0.3534   8.1590
2205   301.01  1262.33   382.45   0.6834    302.25    8.5904    111.72    5.31   14.60 1772.00  164.00   14.90   0.8725   0.8394  -0.6279   0.4438   0.2875   0.3537   8.1548
2206   304.60  1262.33   382.55   0.7041    310.98    8.7389    111.72    5.31   14.60 1772.00  164.00   14.90   0.9359   0.9028  -0.6279   0.5071   0.2875   0.3540   8.1506
2207   308.09  1262.33   382.65   0.7266    319.59    8.6086    111.72    5.31   14.60 1772.00  164.00   14.90   0.9968   0.9637  -0.6279   0.5679   0.2875   0.3543   8.1466
2208   311.37  1262.33   382.75   0.7502    327.79    8.1997    111.72    5.31   14.60 1772.00  164.00   14.90   1.0535   1.0203  -0.6279   0.6244   0.2875   0.3546   8.1429
2209   314.34  1262.33   382.84   0.7742    335.30    7.5121    111.72    5.31   14.60 1772.00  164.00   14.90   1.1042   1.0711  -0.6279   0.6750   0.2875   0.3549   8.1395
2210   316.89  1262.33   382.94   0.7980    341.85    6.5457    111.72    5.31   14.60 1772.00  164.00   14.90   1.1475   1.1143  -0.6279   0.7182   0.2875   0.3551   8.1367
2211   319.03  1262.33   383.03   0.8208    347.64    5.7898    111.72    5.31   14.60 1772.00  164.00   14.90   1.1835   1.1504  -0.6279   0.7541   0.2875   0.3554   8.1343
2212   320.87  1262.33   383.13   0.8426    352.91    5.2712    111.72    5.31   14.60 1772.00  164.00   14.90   1.2143   1.1812  -0.6279   0.7848   0.2875   0.3557   8.1323
2213   322.53  1262.32   383.22   0.8633    357.91    4.9974    111.72    5.31   14.60 1772.00  164.00   14.90   1.2419   1.2088  -0.6279   0.8123   0.2875   0.3560   8.1304
2214   324.11  1262.32   383.31   0.8830    362.88    4.9755    111.72    5.31   14.60 1772.00  164.00   14.90   1.2682   1.2350  -0.6279   0.8384   0.2875   0.3562   8.1287
2215   325.73  1262.32   383.41   0.9021    368.10    5.2120    111.72    5.31   14.60 1772.00  164.00   14.90   1.2949   1.2617  -0.6279   0.8650   0.2875   0.3565   8.1269
2216   327.38  1262.32   383.50   0.9208    373.27    5.1698    111.72    5.31   14.60 1772.00  164.00   14.90   1.3219   1.2888  -0.6279   0.8920   0.2875   0.3568   8.1252
2217   329.05  1262.32   383.59   0.9393    378.67    5.4062    111.72    5.31   14.60 1772.00  164.00   14.90   1.3493   1.3161  -0.6279   0.9192   0.2875   0.3570   8.1233
2218   330.75  1262.32   383.68   0.9576    384.04    5.3640    111.72    5.31   14.60 1772.00  164.00   14.90   1.3769   1.3438  -0.6279   0.9467   0.2875   0.3573   8.1215
2219   332.36  1262.32   383.76   0.9756    389.08    5.0431    111.72    5.31   14.60 1772.00  164.00   14.90   1.4028   1.3697  -0.6279   0.9725   0.2875   0.3575   8.1198
2220   333.87  1262.32   383.85   0.9933    394.08    5.0009    111.72    5.31   14.60 1772.00  164.00   14.90   1.4271   1.3940  -0.6279   0.9967   0.2875   0.3578   8.1182
2221   335.29  1262.32   383.94   1.0105    398.76    4.6800    111.72    5.31   14.60 1772.00  164.00   14.90   1.4499   1.4168  -0.6279   1.0194   0.2875   0.3580   8.1167
2222   336.62  1262.32   384.02   1.0272    403.40    4.6377    111.72    5.31   14.60 1772.00  164.00   14.90   1.4712   1.4381  -0.6279   1.0406   0.2875   0.3583   8.1153
2223   337.87  1262.32   384.11   1.0434    407.71    4.3168    111.72    5.31   14.60 1772.00  164.00   14.90   1.4911   1.4580  -0.6279   1.0604   0.2875   0.3585   8.1139
2224   339.04  1262.32   384.19   1.0591    411.99    4.2746    111.72    5.31   14.60 1772.00  164.00   14.90   1.5096   1.4765  -0.6279   1.0788   0.2875   0.3588   8.1127
2225   340.24  1262.32   384.28   1.0744    416.50    4.5111    111.72    5.31   14.60 1772.00  164.00   14.90   1.5287   1.4955  -0.6279   1.0977   0.2875   0.3590   8.1115
2226   341.61  1262.32   384.36   1.0896    421.53    5.0263    111.72    5.31   14.60 1772.00  164.00   14.90   1.5501   1.5170  -0.6279   1.1191   0.2875   0.3592   8.1100
2227   343.12  1262.32   384.44   1.1050    426.79    5.2627    111.72    5.31   14.60 1772.00  164.00   14.90   1.5738   1.5407  -0.6279   1.1427   0.2875   0.3595   8.1085
2228   344.78  1262.32   384.52   1.1208    432.57    5.7779    111.72    5.31   14.60 1772.00  164.00   14.90   1.5997   1.5666  -0.6279   1.1685   0.2875   0.3597   8.1067
2229   346.59  1262.32   384.60   1.1372    438.58    6.0144    111.72    5.31   14.60 1772.00  164.00   14.90   1.6277   1.5945  -0.6279   1.1963   0.2875   0.3599   8.1049
2230   348.41  1262.32   384.68   1.1539    444.55    5.9722    111.72    5.31   14.60 1772.00  164.00   14.90   1.6557   1.6226  -0.6279   1.2243   0.2875   0.3602   8.1030
2231   350.12  1262.32   384.76   1.1708    450.21    5.6513    111.72    5.31   14.60 1772.00  164.00   14.90   1.6821   1.6490  -0.6279   1.2505   0.2875   0.3604   8.1012
2232   351.74  1262.32   384.84   1.1877    455.81    5.6090    111.72    5.31   14.60 1772.00  164.00   14.90   1.7068   1.6737  -0.6279   1.2751   0.2875   0.3606   8.0996
2233   353.27  1262.32   384.92   1.2043    461.10    5.2881    111.72    5.31   14.60 1772.00  164.00   14.90   1.7301   1.6969  -0.6279   1.2982   0.2875   0.3608   8.0980
2234   354.70  1262.32   384.99   1.2208    466.35    5.2459    111.72    5.31   14.60 1772.00  164.00   14.90   1.7518   1.7187  -0.6279   1.3199   0.2875   0.3611   8.0966
2235   356.05  1262.32   385.07   1.2368    471.27    4.9250    111.72    5.31   14.60 1772.00  164.00   14.90   1.7722   1.7391  -0.6279   1.3402   0.2875   0.3613   8.0952
2236   357.20  1262.32   385.14   1.2523    475.60    4.3254    111.72    5.31   14.60 1772.00  164.00   14.90   1.7894   1.7563  -0.6279   1.3573   0.2875   0.3615   8.0941
2237   358.15  1262.32   385.22   1.2671    479.60    4.0045    111.72    5.31   14.60 1772.00  164.00   14.90   1.8037   1.7705  -0.6279   1.3714   0.2875   0.3617   8.0931
2238   358.90  1262.32   385.29   1.2809    483.01    3.4048    111.72    5.31   14.60 1772.00  164.00   14.90   1.8150   1.7818  -0.6279   1.3827   0.2875   0.3619   8.0924
2239   359.47  1262.32   385.37   1.2938    486.09    3.0839    111.72    5.31   14.60 1772.00  164.00   14.90   1.8235   1.7904  -0.6279   1.3911   0.2875   0.3621   8.0918
2240   359.85  1262.32   385.44   1.3056    488.58    2.4843    111.72    5.31   14.60 1772.00  164.00   14.90   1.8293   1.7962  -0.6279   1.3968   0.2875   0.3624   8.0914
2241   359.93  1262.32   385.51   1.3161    490.18    1.6060    111.72    5.31   14.60 1772.00  164.00   14.90   1.8306   1.7975  -0.6279   1.3980   0.2875   0.3626   8.0914
2242   359.72  1262.32   385.58   1.3251    491.19    1.0064    111.72    5.31   14.60 1772.00  164.00   14.90   1.8276   1.7945  -0.6279   1.3949   0.2875   0.3628   8.0916
2243   359.35  1262.32   385.65   1.3326    491.87    0.6854    111.72    5.31   14.60 1772.00  164.00   14.90   1.8222   1.7891  -0.6279   1.3894   0.2875   0.3630   8.0919
2244   358.94  1262.32   385.72   1.3389    492.52    0.6432    111.72    5.31   14.60 1772.00  164.00   14.90   1.8161   1.7830  -0.6279   1.3832   0.2875   0.3632   8.0924
2245   358.48  1262.32   385.79   1.3441    492.84    0.3223    111.72    5.31   14.60 1772.00  164.00   14.90   1.8095   1.7763  -0.6279   1.3764   0.2875   0.3634   8.0928
2246   357.98  1262.32   385.86   1.3483    493.12    0.2801    111.72    5.31   14.60 1772.00  164.00   14.90   1.8021   1.7689  -0.6279   1.3689   0.2875   0.3636   8.0933
2247   357.55  1262.32   385.93   1.3519    493.64    0.5166    111.72    5.31   14.60 1772.00  164.00   14.90   1.7958   1.7627  -0.6279   1.3626   0.2875   0.3638   8.0937
2248   357.19  1262.32   386.00   1.3549    494.11    0.4743    111.72    5.31   14.60 1772.00  164.00   14.90   1.7906   1.7575  -0.6279   1.3572   0.2875   0.3640   8.0941
2249   356.90  1262.32   386.06   1.3576    494.82    0.7108    111.72    5.31   14.60 1772.00  164.00   14.90   1.7863   1.7532  -0.6279   1.3529   0.2875   0.3642   8.0944
2250   356.67  1262.32   386.13   1.3601    495.49    0.6686    111.72    5.31   14.60 1772.00  164.00   14.90   1.7830   1.7499  -0.6279   1.3494   0.2875   0.3643   8.0946
2251   356.50  1262.32   386.20   1.3624    496.39    0.9051    111.72    5.31   14.60 1772.00  164.00   14.90   1.7805   1.7474  -0.6279   1.3469   0.2875   0.3645   8.0948
2252   356.39  1262.32   386.26   1.3647    497.26    0.8629    111.72    5.31   14.60 1772.00  164.00   14.90   1.7789   1.7458  -0.6279   1.3451   0.2875   0.3647   8.0949
2253   356.32  1262.32   386.32   1.3670    498.36    1.0993    111.72    5.31   14.60 1772.00  164.00   14.90   1.7781   1.7449  -0.6279   1.3442   0.2875   0.3649   8.0950
2254   356.31  1262.32   386.39   1.3693    499.41    1.0571    111.72    5.31   14.60 1772.00  164.00   14.90   1.7780   1.7448  -0.6279   1.3440   0.2875   0.3651   8.0950
2255   356.35  1262.32   386.45   1.3717    500.71    1.2936    111.72    5.31   14.60 1772.00  164.00   14.90   1.7786   1.7455  -0.6279   1.3446   0.2875   0.3653   8.0949
2256   356.43  1262.32   386.51   1.3742    501.96    1.2514    111.72    5.31   14.60 1772.00  164.00   14.90   1.7800   1.7469  -0.6279   1.3458   0.2875   0.3654   8.0949
2257   356.56  1262.32   386.58   1.3768    503.45    1.4879    111.72    5.31   14.60 1772.00  164.00   14.90   1.7820   1.7489  -0.6279   1.3478   0.2875   0.3656   8.0947
2258   356.74  1262.32   386.64   1.3796    504.89    1.4456    111.72    5.31   14.60 1772.00  164.00   14.90   1.7848   1.7516  -0.6279   1.3504   0.2875   0.3658   8.0946
2259   356.95  1262.32   386.70   1.3826    506.57    1.6821    111.72    5.31   14.60 1772.00  164.00   14.90   1.7881   1.7550  -0.6279   1.3537   0.2875   0.3660   8.0943
2260   357.21  1262.32   386.76   1.3857    508.21    1.6399    111.72    5.31   14.60 1772.00  164.00   14.90   1.7921   1.7589  -0.6279   1.3575   0.2875   0.3662   8.0941
2261   357.51  1262.32   386.82   1.3891    510.09    1.8764    111.72    5.31   14.60 1772.00  164.00   14.90   1.7967   1.7635  -0.6279   1.3620   0.2875   0.3663   8.0938
2262   357.85  1262.32   386.88   1.3926    511.93    1.8342    111.72    5.31   14.60 1772.00  164.00   14.90   1.8018   1.7687  -0.6279   1.3671   0.2875   0.3665   8.0934
2263   358.23  1262.32   386.94   1.3964    514.00    2.0706    111.72    5.31   14.60 1772.00  164.00   14.90   1.8076   1.7744  -0.6279   1.3727   0.2875   0.3667   8.0931
2264   358.65  1262.32   387.00   1.4004    516.02    2.0284    111.72    5.31   14.60 1772.00  164.00   14.90   1.8139   1.7807  -0.6279   1.3789   0.2875   0.3668   8.0926
2265   359.10  1262.32   387.05   1.4047    518.29    2.2649    111.72    5.31   14.60 1772.00  164.00   14.90   1.8207   1.7876  -0.6279   1.3857   0.2875   0.3670   8.0922
2266   359.59  1262.32   387.11   1.4091    520.51    2.2227    111.72    5.31   14.60 1772.00  164.00   14.90   1.8281   1.7950  -0.6279   1.3930   0.2875   0.3672   8.0917
2267   360.12  1262.32   387.17   1.4139    522.97    2.4592    111.72    5.31   14.60 1772.00  164.00   14.90   1.8360   1.8028  -0.6279   1.4008   0.2875   0.3673   8.0912
2268   360.68  1262.32   387.22   1.4188    525.39    2.4169    111.72    5.31   14.60 1772.00  164.00   14.90   1.8444   1.8112  -0.6279   1.4091   0.2875   0.3675   8.0906
2269   361.15  1262.32   387.28   1.4239    527.48    2.0960    111.72    5.31   14.60 1772.00  164.00   14.90   1.8515   1.8184  -0.6279   1.4161   0.2875   0.3676   8.0901
2270   361.54  1262.32   387.33   1.4289    529.54    2.0538    111.72    5.31   14.60 1772.00  164.00   14.90   1.8574   1.8242  -0.6279   1.4219   0.2875   0.3678   8.0898
2271   361.85  1262.32   387.39   1.4337    531.27    1.7329    111.72    5.31   14.60 1772.00  164.00   14.90   1.8621   1.8289  -0.6279   1.4264   0.2875   0.3680   8.0894
2272   362.09  1262.32   387.44   1.4382    532.96    1.6907    111.72    5.31   14.60 1772.00  164.00   14.90   1.8656   1.8325  -0.6279   1.4299   0.2875   0.3681   8.0892
2273   362.25  1262.32   387.50   1.4425    534.33    1.3697    111.72    5.31   14.60 1772.00  164.00   14.90   1.8680   1.8349  -0.6279   1.4322   0.2875   0.3683   8.0891
2274   362.33  1262.32   387.55   1.4464    535.66    1.3275    111.72    5.31   14.60 1772.00  164.00   14.90   1.8694   1.8362  -0.6279   1.4335   0.2875   0.3684   8.0890
2275   362.35  1262.32   387.60   1.4499    536.67    1.0066    111.72    5.31   14.60 1772.00  164.00   14.90   1.8697   1.8366  -0.6279   1.4337   0.2875   0.3686   8.0890
2276   362.29  1262.32   387.65   1.4531    537.63    0.9644    111.72    5.31   14.60 1772.00  164.00   14.90   1.8690   1.8358  -0.6279   1.4329   0.2875   0.3687   8.0890
2277   362.17  1262.32   387.71   1.4558    538.27    0.6435    111.72    5.31   14.60 1772.00  164.00   14.90   1.8673   1.8341  -0.6279   1.4311   0.2875   0.3689   8.0891
2278   361.98  1262.32   387.76   1.4580    538.87    0.6013    111.72    5.31   14.60 1772.00  164.00   14.90   1.8646   1.8314  -0.6279   1.4283   0.2875   0.3690   8.0893
2279   361.73  1262.32   387.81   1.4598    539.15    0.2803    111.72    5.31   14.60 1772.00  164.00   14.90   1.8609   1.8278  -0.6279   1.4246   0.2875   0.3692   8.0896
2280   361.41  1262.32   387.86   1.4611    539.39    0.2381    111.72    5.31   14.60 1772.00  164.00   14.90   1.8563   1.8232  -0.6279   1.4199   0.2875   0.3693   8.0899
2281   361.03  1262.32   387.91   1.4619    539.31   -0.0828    111.72    5.31   14.60 1772.00  164.00   14.90   1.8508   1.8176  -0.6279   1.4142   0.2875   0.3695   8.0903
2282   360.58  1262.32   387.96   1.4622    539.19   -0.1250    111.72    5.31   14.60 1772.00  164.00   14.90   1.8443   1.8112  -0.6279   1.4077   0.2875   0.3696   8.0907
2283   360.08  1262.32   388.01   1.4620    538.74   -0.4459    111.72    5.31   14.60 1772.00  164.00   14.90   1.8369   1.8038  -0.6279   1.4002   0.2875   0.3697   8.0912
2284   359.51  1262.32   388.05   1.4613    538.25   -0.4882    111.72    5.31   14.60 1772.00  164.00   14.90   1.8286   1.7955  -0.6279   1.3918   0.2875   0.3699   8.0918
2285   358.89  1262.32   388.10   1.4601    537.44   -0.8091    111.72    5.31   14.60 1772.00  164.00   14.90   1.8194   1.7863  -0.6279   1.3825   0.2875   0.3700   8.0924
2286   358.21  1262.32   388.15   1.4584    536.59   -0.8513    111.72    5.31   14.60 1772.00  164.00   14.90   1.8094   1.7762  -0.6279   1.3724   0.2875   0.3701   8.0931
2287   357.47  1262.32   388.20   1.4561    535.42   -1.1722    111.72    5.31   14.60 1772.00  164.00   14.90   1.7984   1.7653  -0.6279   1.3613   0.2875   0.3703   8.0938
2288   356.55  1262.32   388.24   1.4531    533.65   -1.7718    111.72    5.31   14.60 1772.00  164.00   14.90   1.7848   1.7517  -0.6279   1.3476   0.2875   0.3704   8.0947
2289   355.46  1262.32   388.29   1.4493    531.55   -2.0928    111.72    5.31   14.60 1772.00  164.00   14.90   1.7686   1.7354  -0.6279   1.3313   0.2875   0.3705   8.0958
2290   354.21  1262.32   388.34   1.4445    528.86   -2.6924    111.72    5.31   14.60 1772.00  164.00   14.90   1.7497   1.7166  -0.6279   1.3124   0.2875   0.3707   8.0971
2291   352.78  1262.32   388.38   1.4387    525.85   -3.0133    111.72    5.31   14.60 1772.00  164.00   14.90   1.7284   1.6952  -0.6279   1.2909   0.2875   0.3708   8.0985
2292   351.33  1262.32   388.43   1.4319    522.79   -3.0555    111.72    5.31   14.60 1772.00  164.00   14.90   1.7063   1.6732  -0.6279   1.2688   0.2875   0.3709   8.1000
2293   349.95  1262.32   388.47   1.4244    519.97   -2.8190    111.72    5.31   14.60 1772.00  164.00   14.90   1.6855   1.6523  -0.6279   1.2478   0.2875   0.3711   8.1014
2294   348.64  1262.32   388.51   1.4165    517.11   -2.8613    111.72    5.31   14.60 1772.00  164.00   14.90   1.6656   1.6325  -0.6279   1.2279   0.2875   0.3712   8.1028
2295   347.29  1262.32   388.56   1.4082    513.93   -3.1822    111.72    5.31   14.60 1772.00  164.00   14.90   1.6450   1.6119  -0.6279   1.2072   0.2875   0.3713   8.1041
2296   345.89  1262.32   388.60   1.3993    510.71   -3.2244    111.72    5.31   14.60 1772.00  164.00   14.90   1.6235   1.5904  -0.6279   1.1856   0.2875   0.3714   8.1056
2297   344.51  1262.32   388.64   1.3900    507.48   -3.2244    111.72    5.31   14.60 1772.00  164.00   14.90   1.6023   1.5692  -0.6279   1.1643   0.2875   0.3716   8.1070
2298   343.17  1262.32   388.69   1.3803    504.26   -3.2244    111.72    5.31   14.60 1772.00  164.00   14.90   1.5814   1.5483  -0.6279   1.1434   0.2875   0.3717   8.1084
2299   341.84  1262.32   388.73   1.3704    501.03   -3.2244    111.72    5.31   14.60 1772.00  164.00   14.90   1.5609   1.5278  -0.6279   1.1228   0.2875   0.3718   8.1098
2300   340.55  1262.32   388.77   1.3603    497.81   -3.2244    111.72    5.31   14.60 1772.00  164.00   14.90   1.5407   1.5076  -0.6279   1.1025   0.2875   0.3719   8.1111
2301   339.27  1262.32   388.81   1.3500    494.58   -3.2244    111.72    5.31   14.60 1772.00  164.00   14.90   1.5208   1.4877  -0.6279   1.0825   0.2875   0.3720   8.1125
2302   338.02  1262.32   388.85   1.3396    491.36   -3.2244    111.72    5.31   14.60 1772.00  164.00   14.90   1.5012   1.4680  -0.6279   1.0627   0.2875   0.3722   8.1138
2303   336.79  1262.32   388.89   1.3290    488.13   -3.2244    111.72    5.31   14.60 1772.00  164.00   14.90   1.4818   1.4487  -0.6279   1.0433   0.2875   0.3723   8.1151
2304   335.58  1262.32   388.93   1.3184    484.91   -3.2244    111.72    5.31   14.60 1772.00  164.00   14.90   1.4627   1.4295  -0.6279   1.0241   0.2875   0.3724   8.1164
2305   334.39  1262.32   388.97   1.3076    481.69   -3.2244    111.72    5.31   14.60 1772.00  164.00   14.90   1.4438   1.4107  -0.6279   1.0051   0.2875   0.3725   8.1176
2306   333.22  1262.32   389.01   1.2968    478.46   -3.2244    111.72    5.31   14.60 1772.00  164.00   14.90   1.4251   1.3920  -0.6279   0.9864   0.2875   0.3726   8.1189
2307   332.06  1262.32   389.05   1.2860    475.24   -3.2244    111.72    5.31   14.60 1772.00  164.00   14.90   1.4067   1.3736  -0.6279   0.9678   0.2875   0.3727   8.1201
2308   330.93  1262.32   389.09   1.2751    472.01   -3.2244    111.72    5.31   14.60 1772.00  164.00   14.90   1.3885   1.3553  -0.6279   0.9495   0.2875   0.3728   8.1213
2309   329.81  1262.32   389.13   1.2642    468.79   -3.2244    111.72    5.31   14.60 1772.00  164.00   14.90   1.3704   1.3373  -0.6279   0.9314   0.2875   0.3730   8.1225
2310   328.73  1262.32   389.17   1.2533    465.70   -3.0850    111.72    5.31   14.60 1772.00  164.00   14.90   1.3531   1.3199  -0.6279   0.9140   0.2875   0.3731   8.1237
2311   327.67  1262.32   389.21   1.2424    462.48   -3.2244    111.72    5.31   14.60 1772.00  164.00   14.90   1.3359   1.3027  -0.6279   0.8967   0.2875   0.3732   8.1248
2312   326.59  1262.32   389.24   1.2315    459.25   -3.2244    111.72    5.31   14.60 1772.00  164.00   14.90   1.3184   1.2852  -0.6279   0.8791   0.2875   0.3733   8.1260
2313   325.52  1262.32   389.28   1.2205    456.03   -3.2244    111.72    5.31   14.60 1772.00  164.00   14.90   1.3010   1.2679  -0.6279   0.8617   0.2875   0.3734   8.1272
2314   324.47  1262.32   389.32   1.2096    452.81   -3.2244    111.72    5.31   14.60 1772.00  164.00   14.90   1.2839   1.2507  -0.6279   0.8444   0.2875   0.3735   8.1283
2315   323.44  1262.32   389.35   1.1986    449.58   -3.2244    111.72    5.31   14.60 1772.00  164.00   14.90   1.2668   1.2337  -0.6279   0.8273   0.2875   0.3736   8.1294
2316   322.41  1262.32   389.39   1.1877    446.36   -3.2244    111.72    5.31   14.60 1772.00  164.00   14.90   1.2500   1.2168  -0.6279   0.8104   0.2875   0.3737   8.1306
2317   321.40  1262.32   389.42   1.1767    443.13   -3.2244    111.72    5.31   14.60 1772.00  164.00   14.90   1.2333   1.2001  -0.6279   0.7936   0.2875   0.3738   8.1317
2318   320.40  1262.32   389.46   1.1658    439.91   -3.2244    111.72    5.31   14.60 1772.00  164.00   14.90   1.2167   1.1836  -0.6279   0.7769   0.2875   0.3739   8.1328
2319   319.41  1262.32   389.50   1.1548    436.68   -3.2244    111.72    5.31   14.60 1772.00  164.00   14.90   1.2003   1.1672  -0.6279   0.7604   0.2875   0.3740   8.1339
2320   318.43  1262.32   389.53   1.1439    433.46   -3.2244    111.72    5.31   14.60 1772.00  164.00   14.90   1.1840   1.1509  -0.6279   0.7440   0.2875   0.3741   8.1350
2321   317.46  1262.32   389.56   1.1330    430.23   -3.2244    111.72    5.31   14.60 1772.00  164.00   14.90   1.1679   1.1347  -0.6279   0.7278   0.2875   0.3742   8.1360
2322   316.51  1262.32   389.60   1.1221    427.01   -3.2244    111.72    5.31   14.60 1772.00  164.00   14.90   1.1518   1.1187  -0.6279   0.7117   0.2875   0.3743   8.1371
2323   315.56  1262.32   389.63   1.1112    423.79   -3.2244    111.72    5.31   14.60 1772.00  164.00   14.90   1.1359   1.1028  -0.6279   0.6957   0.2875   0.3744   8.1382
2324   314.62  1262.32   389.67   1.1004    420.56   -3.2244    111.72    5.31   14.60 1772.00  164.00   14.90   1.1201   1.0870  -0.6279   0.6799   0.2875   0.3745   8.1392
2325   313.70  1262.32   389.70   1.0896    417.34   -3.2244    111.72    5.31   14.60 1772.00  164.00   14.90   1.1045   1.0713  -0.6279   0.6641   0.2875   0.3746   8.1403
2326   312.78  1262.32   389.73   1.0788    414.11   -3.2244    111.72    5.31   14.60 1772.00  164.00   14.90   1.0889   1.0558  -0.6279   0.6485   0.2875   0.3747   8.1413
2327   311.87  1262.32   389.76   1.0680    410.89   -3.2244    111.72    5.31   14.60 1772.00  164.00   14.90   1.0735   1.0404  -0.6279   0.6330   0.2875   0.3748   8.1423
2328   310.97  1262.32   389.80   1.0572    407.66   -3.2244    111.72    5.31   14.60 1772.00  164.00   14.90   1.0582   1.0250  -0.6279   0.6175   0.2875   0.3749   8.1433
2329   310.08  1262.32   389.83   1.0465    404.44   -3.2244    111.72    5.31   14.60 1772.00  164.00   14.90   1.0430   1.0098  -0.6279   0.6022   0.2875   0.3750   8.1443
2330   309.20  1262.32   389.86   1.0358    401.22   -3.2244    111.72    5.31   14.60 1772.00  164.00   14.90   1.0278   0.9947  -0.6279   0.5870   0.2875   0.3750   8.1453
2331   308.33  1262.32   389.89   1.0251    397.99   -3.2244    111.72    5.31   14.60 1772.00  164.00   14.90   1.0128   0.9797  -0.6279   0.5719   0.2875   0.3751   8.1463
2332   307.46  1262.32   389.92   1.0145    394.77   -3.2244    111.72    5.31   14.60 1772.00  164.00   14.90   0.9979   0.9648  -0.6279   0.5569   0.2875   0.3752   8.1473
2333   306.61  1262.32   389.95   1.0038    391.54   -3.2244    111.72    5.31   14.60 1772.00  164.00   14.90   0.9831   0.9499  -0.6279   0.5420   0.2875   0.3753   8.1483
2334   305.76  1262.32   389.98   0.9932    388.32   -3.2244    111.72    5.31   14.60 1772.00  164.00   14.90   0.9684   0.9352  -0.6279   0.5272   0.2875   0.3754   8.1493
2335   304.92  1262.32   390.01   0.9827    385.09   -3.2244    111.72    5.31   14.60 1772.00  164.00   14.90   0.9537   0.9206  -0.6279   0.5125   0.2875   0.3755   8.1503
2336   304.08  1262.32   390.04   0.9721    381.87   -3.2244    111.72    5.31   14.60 1772.00  164.00   14.90   0.9392   0.9061  -0.6279   0.4979   0.2875   0.3756   8.1512
2337   303.25  1262.32   390.07   0.9616    378.64   -3.2244    111.72    5.31   14.60 1772.00  164.00   14.90   0.9247   0.8916  -0.6279   0.4834   0.2875   0.3757   8.1522
2338   302.44  1262.32   390.10   0.9512    375.42   -3.2244    111.72    5.31   14.60 1772.00  164.00   14.90   0.9104   0.8772  -0.6279   0.4689   0.2875   0.3757   8.1531
2339   301.62  1262.32   390.13   0.9407    372.20   -3.2244    111.72    5.31   14.60 1772.00  164.00   14.90   0.8961   0.8630  -0.6279   0.4546   0.2875   0.3758   8.1541
2340   300.82  1262.32   390.16   0.9303    368.97   -3.2244    111.72    5.31   14.60 1772.00  164.00   14.90   0.8819   0.8488  -0.6279   0.4403   0.2875   0.3759   8.1550
2341   300.02  1262.32   390.19   0.9199    365.75   -3.2244    111.72    5.31   14.60 1772.00  164.00   14.90   0.8678   0.8347  -0.6279   0.4261   0.2875   0.3760   8.1559
2342   299.23  1262.32   390.22   0.9095    362.52   -3.2244    111.72    5.31   14.60 1772.00  164.00   14.90   0.8538   0.8206  -0.6279   0.4120   0.2875   0.3761   8.1569
2343   298.44  1262.32   390.25   0.8992    359.30   -3.2244    111.72    5.31   14.60 1772.00  164.00   14.90   0.8398   0.8067  -0.6279   0.3980   0.2875   0.3762   8.1578
2344   297.66  1262.32   390.27   0.8889    356.07   -3.2244    111.72    5.31   14.60 1772.00  164.00   14.90   0.8260   0.7928  -0.6279   0.3840   0.2875   0.3762   8.1587
2345   296.89  1262.32   390.30   0.8787    352.85   -3.2244    111.72    5.31   14.60 1772.00  164.00   14.90   0.8122   0.7790  -0.6279   0.3702   0.2875   0.3763   8.1596
2346   296.12  1262.32   390.33   0.8684    349.62   -3.2244    111.72    5.31   14.60 1772.00  164.00   14.90   0.7985   0.7653  -0.6279   0.3564   0.2875   0.3764   8.1605
2347   295.36  1262.32   390.36   0.8582    346.40   -3.2244    111.72    5.31   14.60 1772.00  164.00   14.90   0.7848   0.7517  -0.6279   0.3427   0.2875   0.3765   8.1614
2348   294.61  1262.32   390.38   0.8480    343.18   -3.2244    111.72    5.31   14.60 1772.00  164.00   14.90   0.7713   0.7381  -0.6279   0.3290   0.2875   0.3765   8.1623
2349   293.86  1262.32   390.41   0.8379    339.95   -3.2244    111.72    5.31   14.60 1772.00  164.00   14.90   0.7578   0.7246  -0.6279   0.3154   0.2875   0.3766   8.1632
2350   293.12  1262.32   390.44   0.8278    336.73   -3.2244    111.72    5.31   14.60 1772.00  164.00   14.90   0.7443   0.7112  -0.6279   0.3019   0.2875   0.3767   8.1641
2351   292.38  1262.32   390.46   0.8177    333.50   -3.2244    111.72    5.31   14.60 1772.00  164.00   14.90   0.7310   0.6978  -0.6279   0.2885   0.2875   0.3768   8.1650
2352   291.65  1262.32   390.49   0.8076    330.28   -3.2244    111.72    5.31   14.60 1772.00  164.00   14.90   0.7177   0.6846  -0.6279   0.2752   0.2875   0.3768   8.1659
2353   290.93  1262.32   390.51   0.7976    327.05   -3.2244    111.72    5.31   14.60 1772.00  164.00   14.90   0.7045   0.6714  -0.6279   0.2619   0.2875   0.3769   8.1667
2354   290.21  1262.32   390.54   0.7876    323.83   -3.2244    111.72    5.31   14.60 1772.00  164.00   14.90   0.6913   0.6582  -0.6279   0.2486   0.2875   0.3770   8.1676
2355   289.49  1262.32   390.56   0.7776    320.61   -3.2244    111.72    5.31   14.60 1772.00  164.00   14.90   0.6783   0.6451  -0.6279   0.2355   0.2875   0.3771   8.1684
2356   288.78  1262.32   390.59   0.7677    317.38   -3.2244    111.72    5.31   14.60 1772.00  164.00   14.90   0.6653   0.6321  -0.6279   0.2224   0.2875   0.3771   8.1693
2357   288.08  1262.32   390.61   0.7578    314.16   -3.2244    111.72    5.31   14.60 1772.00  164.00   14.90   0.6523   0.6192  -0.6279   0.2094   0.2875   0.3772   8.1702
2358   287.38  1262.32   390.64   0.7479    310.93   -3.2244    111.72    5.31   14.60 1772.00  164.00   14.90   0.6394   0.6063  -0.6279   0.1964   0.2875   0.3773   8.1710
2359   286.69  1262.32   390.66   0.7381    307.71   -3.2244    111.72    5.31   14.60 1772.00  164.00   14.90   0.6266   0.5935  -0.6279   0.1835   0.2875   0.3773   8.1718
2360   286.00  1262.32   390.69   0.7282    304.48   -3.2244    111.72    5.31   14.60 1772.00  164.00   14.90   0.6138   0.5807  -0.6279   0.1707   0.2875   0.3774   8.1727
2361   285.32  1262.32   390.71   0.7184    301.26   -3.2244    111.72    5.31   14.60 1772.00  164.00   14.90   0.6011   0.5680  -0.6279   0.1579   0.2875   0.3775   8.1735
2362   284.64  1262.32   390.73   0.7087    298.03   -3.2244    111.72    5.31   14.60 1772.00  164.00   14.90   0.5885   0.5554  -0.6279   0.1452   0.2875   0.3775   8.1744
2363   283.96  1262.32   390.76   0.6990    294.81   -3.2244    111.72    5.31   14.60 1772.00  164.00   14.90   0.5759   0.5428  -0.6279   0.1325   0.2875   0.3776   8.1752
2364   283.29  1262.32   390.78   0.6892    291.59   -3.2244    111.72    5.31   14.60 1772.00  164.00   14.90   0.5634   0.5303  -0.6279   0.1199   0.2875   0.3777   8.1760
2365   282.63  1262.32   390.80   0.6796    288.36   -3.2244    111.72    5.31   14.60 1772.00  164.00   14.90   0.5510   0.5178  -0.6279   0.1074   0.2875   0.3777   8.1768
2366   281.97  1262.32   390.83   0.6699    285.14   -3.2244    111.72    5.31   14.60 1772.00  164.00   14.90   0.5385   0.5054  -0.6279   0.0949   0.2875   0.3778   8.1776
2367   281.31  1262.32   390.85   0.6603    281.91   -3.2244    111.72    5.31   14.60 1772.00  164.00   14.90   0.5262   0.4931  -0.6279   0.0825   0.2875   0.3779   8.1784
2368   280.66  1262.32   390.87   0.6507    278.69   -3.2244    111.72    5.31   14.60 1772.00  164.00   14.90   0.5139   0.4808  -0.6279   0.0701   0.2875   0.3779   8.1793
2369   280.02  1262.32   390.89   0.6412    275.46   -3.2244    111.72    5.31   14.60 1772.00  164.00   14.90   0.5017   0.4685  -0.6279   0.0578   0.2875   0.3780   8.1801
2370   279.37  1262.32   390.91   0.6316    272.24   -3.2244    111.72    5.31   14.60 1772.00  164.00   14.90   0.4895   0.4564  -0.6279   0.0456   0.2875   0.3781   8.1809
2371   278.74  1262.32   390.94   0.6221    269.01   -3.2244    111.72    5.31   14.60 1772.00  164.00   14.90   0.4774   0.4442  -0.6279   0.0334   0.2875   0.3781   8.1817
2372   278.10  1262.32   390.96   0.6127    265.79   -3.2244    111.72    5.31   14.60 1772.00  164.00   14.90   0.4653   0.4322  -0.6279   0.0212   0.2875   0.3782   8.1824
2373   277.47  1262.32   390.98   0.6032    262.57   -3.2244    111.72    5.31   14.60 1772.00  164.00   14.90   0.4533   0.4201  -0.6279   0.0091   0.2875   0.3782   8.1832
2374   276.85  1262.32   391.00   0.5938    259.34   -3.2244    111.72    5.31   14.60 1772.00  164.00   14.90   0.4413   0.4082  -0.6279  -0.0029   0.2875   0.3783   8.1840
2375   276.23  1262.32   391.02   0.5844    256.12   -3.2244    111.72    5.31   14.60 1772.00  164.00   14.90   0.4294   0.3962  -0.6279  -0.0149   0.2875   0.3784   8.1848
2376   275.61  1262.32   391.04   0.5750    252.89   -3.2244    111.72    5.31   14.60 1772.00  164.00   14.90   0.4175   0.3844  -0.6279  -0.0269   0.2875   0.3784   8.1856
2377   275.00  1262.32   391.06   0.5657    249.67   -3.2244    111.72    5.31   14.60 1772.00  164.00   14.90   0.4057   0.3726  -0.6279  -0.0388   0.2875   0.3785   8.1863
2378   274.39  1262.32   391.08   0.5564    246.44   -3.2244    111.72    5.31   14.60 1772.00  164.00   14.90   0.3939   0.3608  -0.6279  -0.0506   0.2875   0.3785   8.1871
2379   273.78  1262.32   391.10   0.5471    243.22   -3.2244    111.72    5.31   14.60 1772.00  164.00   14.90   0.3822   0.3491  -0.6279  -0.0624   0.2875   0.3786   8.1879
2380   273.18  1262.32   391.12   0.5379    240.00   -3.2244    111.72    5.31   14.60 1772.00  164.00   14.90   0.3706   0.3374  -0.6279  -0.0741   0.2875   0.3787   8.1886
2381   272.58  1262.32   391.14   0.5286    236.77   -3.2244    111.72    5.31   14.60 1772.00  164.00   14.90   0.3589   0.3258  -0.6279  -0.0858   0.2875   0.3787   8.1894
2382   271.99  1262.32   391.16   0.5194    233.55   -3.2244    111.72    5.31   14.60 1772.00  164.00   14.90   0.3474   0.3142  -0.6279  -0.0975   0.2875   0.3788   8.1902
2383   271.40  1262.32   391.18   0.5103    230.32   -3.2244    111.72    5.31   14.60 1772.00  164.00   14.90   0.3358   0.3027  -0.6279  -0.1091   0.2875   0.3788   8.1909
2384   270.81  1262.32   391.20   0.5011    227.10   -3.2244    111.72    5.31   14.60 1772.00  164.00   14.90   0.3244   0.2912  -0.6279  -0.1206   0.2875   0.3789   8.1917
2385   270.23  1262.32   391.22   0.4920    223.87   -3.2244    111.72    5.31   14.60 1772.00  164.00   14.90   0.3129   0.2798  -0.6279  -0.1321   0.2875   0.3789   8.1924
2386   269.65  1262.32   391.24   0.4829    220.65   -3.2244    111.72    5.31   14.60 1772.00  164.00   14.90   0.3015   0.2684  -0.6279  -0.1436   0.2875   0.3790   8.1932
2387   269.07  1262.32   391.26   0.4738    217.42   -3.2244    111.72    5.31   14.60 1772.00  164.00   14.90   0.2902   0.2571  -0.6279  -0.1550   0.2875   0.3790   8.1939
2388   268.50  1262.32   391.28   0.4648    214.20   -3.2244    111.72    5.31   14.60 1772.00  164.00   14.90   0.2789   0.2458  -0.6279  -0.1664   0.2875   0.3791   8.1946
2389   267.93  1262.32   391.29   0.4558    210.98   -3.2244    111.72    5.31   14.60 1772.00  164.00   14.90   0.2676   0.2345  -0.6279  -0.1777   0.2875   0.3791   8.1954
2390   267.36  1262.32   391.31   0.4468    207.75   -3.2244    111.72    5.31   14.60 1772.00  164.00   14.90   0.2564   0.2233  -0.6279  -0.1890   0.2875   0.3792   8.1961
2391   266.80  1262.32   391.33   0.4378    204.53   -3.2244    111.72    5.31   14.60 1772.00  164.00   14.90   0.2453   0.2121  -0.6279  -0.2002   0.2875   0.3793   8.1968
2392   266.24  1262.32   391.35   0.4289    201.30   -3.2244    111.72    5.31   14.60 1772.00  164.00   14.90   0.2341   0.2010  -0.6279  -0.2114   0.2875   0.3793   8.1976
2393   265.69  1262.32   391.37   0.4200    198.08   -3.2244    111.72    5.31   14.60 1772.00  164.00   14.90   0.2231   0.1899  -0.6279  -0.2226   0.2875   0.3794   8.1983
2394   265.13  1262.32   391.38   0.4111    194.85   -3.2244    111.72    5.31   14.60 1772.00  164.00   14.90   0.2120   0.1789  -0.6279  -0.2337   0.2875   0.3794   8.1990
2395   264.59  1262.32   391.40   0.4022    191.63   -3.2244    111.72    5.31   14.60 1772.00  164.00   14.90   0.2010   0.1679  -0.6279  -0.2448   0.2875   0.3795   8.1997
2396   264.04  1262.32   391.42   0.3933    188.40   -3.2244    111.72    5.31   14.60 1772.00  164.00   14.90   0.1901   0.1569  -0.6279  -0.2558   0.2875   0.3795   8.2004
2397   263.50  1262.32   391.43   0.3845    185.18   -3.2244    111.72    5.31   14.60 1772.00  164.00   14.90   0.1791   0.1460  -0.6279  -0.2668   0.2875   0.3796   8.2011
2398   262.96  1262.32   391.45   0.3757    181.96   -3.2244    111.72    5.31   14.60 1772.00  164.00   14.90   0.1683   0.1351  -0.6279  -0.2777   0.2875   0.3796   8.2019
2399   262.42  1262.32   391.47   0.3670    178.73   -3.2244    111.72    5.31   14.60 1772.00  164.00   14.90   0.1574   0.1243  -0.6279  -0.2887   0.2875   0.3796   8.2026
2400   261.88  1262.32   391.49   0.3582    175.51   -3.2244    111.72    5.31   14.60 1772.00  164.00   14.90   0.1466   0.1135  -0.6279  -0.2995   0.2875   0.3797   8.2033
2401   261.35  1262.32   391.50   0.3495    172.28   -3.2244    111.72    5.31   14.60 1772.00  164.00   14.90   0.1359   0.1027  -0.6279  -0.3104   0.2875   0.3797   8.2040
2402   260.83  1262.32   391.52   0.3408    169.06   -3.2244    111.72    5.31   14.60 1772.00  164.00   14.90   0.1251   0.0920  -0.6279  -0.3212   0.2875   0.3798   8.2047
2403   260.30  1262.32   391.53   0.3321    165.83   -3.2244    111.72    5.31   14.60 1772.00  164.00   14.90   0.1144   0.0813  -0.6279  -0.3319   0.2875   0.3798   8.2054
2404   259.78  1262.32   391.55   0.3235    162.61   -3.2244    111.72    5.31   14.60 1772.00  164.00   14.90   0.1038   0.0707  -0.6279  -0.3426   0.2875   0.3799   8.2061
2405   259.26  1262.32   391.57   0.3148    159.39   -3.2244    111.72    5.31   14.60 1772.00  164.00   14.90   0.0932   0.0600  -0.6279  -0.3533   0.2875   0.3799   8.2067
2406   258.74  1262.32   391.58   0.3062    156.16   -3.2244    111.72    5.31   14.60 1772.00  164.00   14.90   0.0826   0.0495  -0.6279  -0.3640   0.2875   0.3800   8.2074
2407   258.23  1262.32   391.60   0.2977    152.94   -3.2244    111.72    5.31   14.60 1772.00  164.00   14.90   0.0721   0.0389  -0.6279  -0.3746   0.2875   0.3800   8.2081
2408   257.72  1262.32   391.61   0.2891    149.71   -3.2244    111.72    5.31   14.60 1772.00  164.00   14.90   0.0616   0.0284  -0.6279  -0.3851   0.2875   0.3801   8.2088
2409   257.21  1262.32   391.63   0.2806    146.49   -3.2244    111.72    5.31   14.60 1772.00  164.00   14.90   0.0511   0.0180  -0.6279  -0.3957   0.2875   0.3801   8.2095
2410   256.70  1262.32   391.64   0.2720    143.26   -3.2244    111.72    5.31   14.60 1772.00  164.00   14.90   0.0407   0.0075  -0.6279  -0.4062   0.2875   0.3801   8.2102
2411   256.20  1262.32   391.66   0.2635    140.04   -3.2244    111.72    5.31   14.60 1772.00  164.00   14.90   0.0303  -0.0029  -0.6279  -0.4166   0.2875   0.3802   8.2108
2412   255.70  1262.32   391.67   0.2551    136.81   -3.2244    111.72    5.31   14.60 1772.00  164.00   14.90   0.0199  -0.0132  -0.6279  -0.4271   0.2875   0.3802   8.2115
2413   255.20  1262.32   391.69   0.2466    133.59   -3.2244    111.72    5.31   14.60 1772.00  164.00   14.90   0.0096  -0.0235  -0.6279  -0.4375   0.2875   0.3803   8.2122
2414   254.71  1262.32   391.70   0.2382    130.37   -3.2244    111.72    5.31   14.60 1772.00  164.00   14.90  -0.0007  -0.0338  -0.6279  -0.4478   0.2875   0.3803   8.2128
2415   254.22  1262.32   391.72   0.2298    127.14   -3.2244    111.72    5.31   14.60 1772.00  164.00   14.90  -0.0110  -0.0441  -0.6279  -0.4582   0.2875   0.3804   8.2135
2416   253.73  1262.32   391.73   0.2214    123.92   -3.2244    111.72    5.31   14.60 1772.00  164.00   14.90  -0.0212  -0.0543  -0.6279  -0.4685   0.2875   0.3804   8.2142
2417   253.24  1262.32   391.74   0.2131    120.69   -3.2244    111.72    5.31   14.60 1772.00  164.00   14.90  -0.0314  -0.0645  -0.6279  -0.4787   0.2875   0.3804   8.2148
2418   252.75  1262.32   391.76   0.2047    117.47   -3.2244    111.72    5.31   14.60 1772.00  164.00   14.90  -0.0415  -0.0747  -0.6279  -0.4890   0.2875   0.3805   8.2155
2419   252.27  1262.32   391.77   0.1964    114.24   -3.2244    111.72    5.31   14.60 1772.00  164.00   14.90  -0.0517  -0.0848  -0.6279  -0.4991   0.2875   0.3805   8.2161
2420   251.79  1262.32   391.79   0.1881    111.02   -3.2244    111.72    5.31   14.60 1772.00  164.00   14.90  -0.0617  -0.0949  -0.6279  -0.5093   0.2875   0.3806   8.2168
2421   251.31  1262.32   391.80   0.1798    107.79   -3.2244    111.72    5.31   14.60 1772.00  164.00   14.90  -0.0718  -0.1050  -0.6279  -0.5194   0.2875   0.3806   8.2175
2422   250.84  1262.32   391.81   0.1716    104.57   -3.2244    111.72    5.31   14.60 1772.00  164.00   14.90  -0.0818  -0.1150  -0.6279  -0.5295   0.2875   0.3806   8.2181
2423   250.37  1262.32   391.83   0.1633    101.35   -3.2244    111.72    5.31   14.60 1772.00  164.00   14.90  -0.0918  -0.1250  -0.6279  -0.5396   0.2875   0.3807   8.2188
2424   249.90  1262.32   391.84   0.1551     98.12   -3.2244    111.72    5.31   14.60 1772.00  164.00   14.90  -0.1018  -0.1350  -0.6279  -0.5497   0.2875   0.3807   8.2194
2425   249.43  1262.32   391.85   0.1469     94.90   -3.2244    111.72    5.31   14.60 1772.00  164.00   14.90  -0.1117  -0.1449  -0.6279  -0.5597   0.2875   0.3807   8.2200
2426   248.96  1262.32   391.87   0.1387     91.67   -3.2244    111.72    5.31   14.60 1772.00  164.00   14.90  -0.1217  -0.1548  -0.6279  -0.5696   0.2875   0.3808   8.2207
2427   248.50  1262.32   391.88   0.1306     88.45   -3.2244    111.72    5.31   14.60 1772.00  164.00   14.90  -0.1315  -0.1647  -0.6279  -0.5796   0.2875   0.3808   8.2213
2428   248.04  1262.32   391.89   0.1224     85.22   -3.2244    111.72    5.31   14.60 1772.00  164.00   14.90  -0.1414  -0.1745  -0.6279  -0.5895   0.2875   0.3809   8.2220
2429   247.58  1262.32   391.91   0.1143     82.00   -3.2244    111.72    5.31   14.60 1772.00  164.00   14.90  -0.1512  -0.1843  -0.6279  -0.5994   0.2875   0.3809   8.2226
2430   247.12  1262.32   391.92   0.1062     78.78   -3.2244    111.72    5.31   14.60 1772.00  164.00   14.90  -0.1610  -0.1941  -0.6279  -0.6092   0.2875   0.3809   8.2232
2431   246.67  1262.32   391.93   0.0982     75.55   -3.2244    111.72    5.31   14.60 1772.00  164.00   14.90  -0.1708  -0.2039  -0.6279  -0.6191   0.2875   0.3810   8.2239
2432   246.22  1262.32   391.94   0.0901     72.33   -3.2244    111.72    5.31   14.60 1772.00  164.00   14.90  -0.1805  -0.2136  -0.6279  -0.6289   0.2875   0.3810   8.2245
2433   245.76  1262.32   391.95   0.0821     69.10   -3.2244    111.72    5.31   14.60 1772.00  164.00   14.90  -0.1902  -0.2233  -0.6279  -0.6386   0.2875   0.3810   8.2251
2434   245.33  1262.32   391.97   0.0741     65.92   -3.1780    111.72    5.31   14.60 1772.00  164.00   14.90  -0.1996  -0.2328  -0.6279  -0.6482   0.2875   0.3811   8.2257
2435   244.89  1262.32   391.98   0.0661     62.70   -3.2244    111.72    5.31   14.60 1772.00  164.00   14.90  -0.2091  -0.2422  -0.6279  -0.6577   0.2875   0.3811   8.2263
2436   244.49  1262.32   391.99   0.0583     59.71   -2.9922    111.72    5.31   14.60 1772.00  164.00   14.90  -0.2177  -0.2508  -0.6279  -0.6664   0.2875   0.3811   8.2269
2437   244.13  1262.32   392.00   0.0506     56.67   -3.0386    111.72    5.31   14.60 1772.00  164.00   14.90  -0.2255  -0.2586  -0.6279  -0.6742   0.2875   0.3812   8.2274
2438   243.81  1262.32   392.01   0.0431     53.86   -2.8063    111.72    5.31   14.60 1772.00  164.00   14.90  -0.2324  -0.2656  -0.6279  -0.6812   0.2875   0.3812   8.2278
2439   243.52  1262.32   392.03   0.0359     51.01   -2.8528    111.72    5.31   14.60 1772.00  164.00   14.90  -0.2387  -0.2718  -0.6279  -0.6875   0.2875   0.3812   8.2283
2440   243.16  1262.32   392.04   0.0288     47.83   -3.1780    111.72    5.31   14.60 1772.00  164.00   14.90  -0.2467  -0.2798  -0.6279  -0.6956   0.2875   0.3813   8.2288
2441   242.71  1262.32   392.05   0.0215     44.61   -3.2244    111.72    5.31   14.60 1772.00  164.00   14.90  -0.2564  -0.2896  -0.6279  -0.7054   0.2875   0.3813   8.2294
2442   242.31  1262.32   392.06   0.0141     41.62   -2.9922    111.72    5.31   14.60 1772.00  164.00   14.90  -0.2652  -0.2984  -0.6279  -0.7143   0.2875   0.3813   8.2300
2443   241.94  1262.32   392.07   0.0068     38.58   -3.0386    111.72    5.31   14.60 1772.00  164.00   14.90  -0.2732  -0.3063  -0.6279  -0.7223   0.2875   0.3814   8.2305
2444   241.62  1262.32   392.08  -0.0003     35.77   -2.8063    111.72    5.31   14.60 1772.00  164.00   14.90  -0.2803  -0.3134  -0.6279  -0.7295   0.2875   0.3814   8.2309
2445   241.33  1262.32   392.09  -0.0072     32.92   -2.8528    111.72    5.31   14.60 1772.00  164.00   14.90  -0.2866  -0.3197  -0.6279  -0.7359   0.2875   0.3814   8.2313
2446   241.08  1262.32   392.10  -0.0139     30.30   -2.6206    111.72    5.31   14.60 1772.00  164.00   14.90  -0.2921  -0.3253  -0.6279  -0.7415   0.2875   0.3815   8.2317
2447   240.85  1262.32   392.11  -0.0203     27.63   -2.6670    111.72    5.31   14.60 1772.00  164.00   14.90  -0.2970  -0.3301  -0.6279  -0.7464   0.2875   0.3815   8.2320
2448   240.67  1262.32   392.13  -0.0264     25.20   -2.4348    111.72    5.31   14.60 1772.00  164.00   14.90  -0.3011  -0.3342  -0.6279  -0.7506   0.2875   0.3815   8.2323
2449   240.51  1262.32   392.14  -0.0323     22.71   -2.4812    111.72    5.31   14.60 1772.00  164.00   14.90  -0.3045  -0.3376  -0.6279  -0.7541   0.2875   0.3816   8.2325
2450   240.27  1262.32   392.15  -0.0380     19.91   -2.8063    111.72    5.31   14.60 1772.00  164.00   14.90  -0.3098  -0.3430  -0.6279  -0.7595   0.2875   0.3816   8.2329
2451   239.94  1262.32   392.16  -0.0439     17.06   -2.8528    111.72    5.31   14.60 1772.00  164.00   14.90  -0.3169  -0.3501  -0.6279  -0.7666   0.2875   0.3816   8.2333
2452   239.54  1262.32   392.17  -0.0500     13.88   -3.1780    111.72    5.31   14.60 1772.00  164.00   14.90  -0.3257  -0.3589  -0.6279  -0.7755   0.2875   0.3816   8.2339
2453   239.07  1262.32   392.18  -0.0566     10.65   -3.2244    111.72    5.31   14.60 1772.00  164.00   14.90  -0.3362  -0.3693  -0.6279  -0.7860   0.2875   0.3817   8.2346
2454   238.65  1262.32   392.19  -0.0633      7.66   -2.9922    111.72    5.31   14.60 1772.00  164.00   14.90  -0.3455  -0.3787  -0.6279  -0.7954   0.2875   0.3817   8.2352
2455   238.27  1262.32   392.20  -0.0700      4.62   -3.0386    111.72    5.31   14.60 1772.00  164.00   14.90  -0.3540  -0.3871  -0.6279  -0.8039   0.2875   0.3817   8.2357
2456   237.93  1262.32   392.21  -0.0767      1.82   -2.8063    111.72    5.31   14.60 1772.00  164.00   14.90  -0.3615  -0.3946  -0.6279  -0.8115   0.2875   0.3818   8.2362
2457   237.71  1262.32   392.22  -0.0831     -0.68   -2.4993    111.72    5.31   14.60 1772.00  164.00   14.90  -0.3665  -0.3996  -0.6279  -0.8166   0.2875   0.3818   8.2365
2458   237.55  1262.32   392.23  -0.0891     -3.15   -2.4710    111.72    5.31   14.60 1772.00  164.00   14.90  -0.3701  -0.4032  -0.6279  -0.8202   0.2875   0.3818   8.2367
2459   237.44  1262.32   392.24  -0.0946     -5.32   -2.1640    111.72    5.31   14.60 1772.00  164.00   14.90  -0.3723  -0.4054  -0.6279  -0.8225   0.2875   0.3818   8.2369
2460   237.52  1262.32   392.25  -0.0994     -6.90   -1.5783    111.72    5.31   14.60 1772.00  164.00   14.90  -0.3706  -0.4037  -0.6279  -0.8209   0.2875   0.3819   8.2368
2461   237.75  1262.32   392.26  -0.1032     -8.17   -1.2713    111.72    5.31   14.60 1772.00  164.00   14.90  -0.3652  -0.3984  -0.6279  -0.8156   0.2875   0.3819   8.2364
2462   238.15  1262.32   392.26  -0.1059     -8.85   -0.6856    111.72    5.31   14.60 1772.00  164.00   14.90  -0.3563  -0.3894  -0.6279  -0.8067   0.2875   0.3819   8.2359
2463   238.69  1262.32   392.27  -0.1073     -9.23   -0.3785    111.72    5.31   14.60 1772.00  164.00   14.90  -0.3440  -0.3771  -0.6279  -0.7945   0.2875   0.3819   8.2351
2464   239.27  1262.32   392.28  -0.1076     -9.58   -0.3502    111.72    5.31   14.60 1772.00  164.00   14.90  -0.3310  -0.3642  -0.6279  -0.7816   0.2875   0.3820   8.2343
2465   239.77  1262.32   392.29  -0.1072    -10.18   -0.6006    111.72    5.31   14.60 1772.00  164.00   14.90  -0.3199  -0.3531  -0.6279  -0.7705   0.2875   0.3820   8.2336
2466   240.19  1262.32   392.30  -0.1064    -10.76   -0.5723    111.72    5.31   14.60 1772.00  164.00   14.90  -0.3105  -0.3437  -0.6279  -0.7612   0.2875   0.3820   8.2330
2467   240.65  1262.32   392.31  -0.1052    -11.02   -0.2653    111.72    5.31   14.60 1772.00  164.00   14.90  -0.3001  -0.3333  -0.6279  -0.7509   0.2875   0.3820   8.2323
2468   241.28  1262.32   392.32  -0.1033    -10.70    0.3204    111.72    5.31   14.60 1772.00  164.00   14.90  -0.2862  -0.3193  -0.6279  -0.7370   0.2875   0.3821   8.2314
2469   242.17  1262.32   392.33  -0.1001     -9.52    1.1849    111.72    5.31   14.60 1772.00  164.00   14.90  -0.2664  -0.2995  -0.6279  -0.7173   0.2875   0.3821   8.2302
2470   243.44  1262.32   392.34  -0.0950     -7.19    2.3280    111.72    5.31   14.60 1772.00  164.00   14.90  -0.2385  -0.2716  -0.6279  -0.6894   0.2875   0.3821   8.2284
2471   245.06  1262.32   392.35  -0.0877     -4.00    3.1924    111.72    5.31   14.60 1772.00  164.00   14.90  -0.2030  -0.2361  -0.6279  -0.6540   0.2875   0.3821   8.2261
2472   247.03  1262.32   392.35  -0.0778      0.34    4.3355    111.72    5.31   14.60 1772.00  164.00   14.90  -0.1603  -0.1934  -0.6279  -0.6113   0.2875   0.3822   8.2234
2473   249.32  1262.32   392.36  -0.0651      5.54    5.1999    111.72    5.31   14.60 1772.00  164.00   14.90  -0.1107  -0.1439  -0.6279  -0.5619   0.2875   0.3822   8.2202
2474   251.95  1262.32   392.37  -0.0495     11.88    6.3430    111.72    5.31   14.60 1772.00  164.00   14.90  -0.0548  -0.0880  -0.6279  -0.5061   0.2875   0.3822   8.2166
2475   254.88  1262.32   392.38  -0.0309     19.09    7.2075    111.72    5.31   14.60 1772.00  164.00   14.90   0.0071  -0.0260  -0.6279  -0.4442   0.2875   0.3822   8.2126
2476   258.02  1262.32   392.39  -0.0095     26.88    7.7932    111.72    5.31   14.60 1772.00  164.00   14.90   0.0724   0.0392  -0.6279  -0.3790   0.2875   0.3823   8.2084
2477   261.34  1262.32   392.40   0.0145     35.54    8.6576    111.72    5.31   14.60 1772.00  164.00   14.90   0.1408   0.1077  -0.6279  -0.3106   0.2875   0.3823   8.2040
2478   264.96  1262.32   392.40   0.0412     45.22    9.6738    111.72    5.31   14.60 1772.00  164.00   14.90   0.2142   0.1810  -0.6279  -0.2373   0.2875   0.3823   8.1992
2479   268.84  1262.32   392.41   0.0706     55.72   10.5070    111.72    5.31   14.60 1772.00  164.00   14.90   0.2920   0.2588  -0.6279  -0.1596   0.2875   0.3823   8.1942
2480   272.91  1262.32   392.42   0.1025     66.78   11.0615    111.72    5.31   14.60 1772.00  164.00   14.90   0.3721   0.3390  -0.6279  -0.0795   0.2875   0.3824   8.1890
2481   277.03  1262.32   392.43   0.1366     78.12   11.3373    111.72    5.31   14.60 1772.00  164.00   14.90   0.4522   0.4191  -0.6279   0.0006   0.2875   0.3824   8.1838
2482   281.19  1262.32   392.43   0.1724     89.88   11.7582    111.72    5.31   14.60 1772.00  164.00   14.90   0.5319   0.4988  -0.6279   0.0802   0.2875   0.3824   8.1786
2483   285.42  1262.32   392.44   0.2097    101.97   12.0955    111.72    5.31   14.60 1772.00  164.00   14.90   0.6116   0.5784  -0.6279   0.1598   0.2875   0.3824   8.1734
2484   289.72  1262.32   392.45   0.2484    114.54   12.5659    111.72    5.31   14.60 1772.00  164.00   14.90   0.6914   0.6583  -0.6279   0.2396   0.2875   0.3824   8.1682
2485   294.10  1262.32   392.46   0.2883    127.48   12.9401    111.72    5.31   14.60 1772.00  164.00   14.90   0.7717   0.7386  -0.6279   0.3198   0.2875   0.3825   8.1629
2486   298.59  1262.32   392.47   0.3295    140.92   13.4347    111.72    5.31   14.60 1772.00  164.00   14.90   0.8525   0.8194  -0.6279   0.4005   0.2875   0.3825   8.1576
2487   303.25  1262.32   392.47   0.3718    155.12   14.2081    111.72    5.31   14.60 1772.00  164.00   14.90   0.9354   0.9023  -0.6279   0.4833   0.2875   0.3825   8.1522
2488   308.22  1262.32   392.48   0.4157    170.38   15.2601    111.72    5.31   14.60 1772.00  164.00   14.90   1.0222   0.9891  -0.6279   0.5701   0.2875   0.3825   8.1465
2489   313.61  1262.32   392.49   0.4615    186.97   16.5909    111.72    5.31   14.60 1772.00  164.00   14.90   1.1148   1.0817  -0.6279   0.6626   0.2875   0.3826   8.1404
2490   319.41  1262.32   392.49   0.5095    204.62   17.6429    111.72    5.31   14.60 1772.00  164.00   14.90   1.2126   1.1795  -0.6279   0.7604   0.2875   0.3826   8.1339
2491   325.49  1262.32   392.50   0.5596    223.03   18.4163    111.72    5.31   14.60 1772.00  164.00   14.90   1.3134   1.2803  -0.6279   0.8611   0.2875   0.3826   8.1272
2492   331.82  1262.32   392.51   0.6117    242.33   19.2961    111.72    5.31   14.60 1772.00  164.00   14.90   1.4163   1.3831  -0.6279   0.9639   0.2875   0.3826   8.1204
2493   338.43  1262.32   392.52   0.6657    262.53   20.2023    111.72    5.31   14.60 1772.00  164.00   14.90   1.5216   1.4885  -0.6279   1.0692   0.2875   0.3826   8.1134
2494   345.30  1262.32   392.52   0.7216    283.54   21.0043    111.72    5.31   14.60 1772.00  164.00   14.90   1.6290   1.5959  -0.6279   1.1765   0.2875   0.3827   8.1062
2495   352.44  1262.32   392.53   0.7793    305.44   21.8999    111.72    5.31   14.60 1772.00  164.00   14.90   1.7382   1.7051  -0.6279   1.2857   0.2875   0.3827   8.0989
2496   359.90  1262.32   392.54   0.8389    328.45   23.0153    111.72    5.31   14.60 1772.00  164.00   14.90   1.8502   1.8171  -0.6279   1.3976   0.2875   0.3827   8.0914
2497   367.75  1262.32   392.54   0.9003    352.58   24.1259    111.72    5.31   14.60 1772.00  164.00   14.90   1.9654   1.9323  -0.6279   1.5127   0.2875   0.3827   8.0836
2498   375.98  1262.32   392.55   0.9636    377.81   25.2301    111.72    5.31   14.60 1772.00  164.00   14.90   2.0836   2.0504  -0.6279   1.6308   0.2875   0.3827   8.0757
2499   384.64  1262.32   392.56   1.0290    404.42   26.6131    111.72    5.31   14.60 1772.00  164.00   14.90   2.2052   2.1721  -0.6279   1.7524   0.2875   0.3828   8.0675
2500   393.80  1262.32   392.56   1.0965    432.41   27.9900    111.72    5.31   14.60 1772.00  164.00   14.90   2.3309   2.2977  -0.6279   1.8780   0.2875   0.3828   8.0590
