YEAR ENG NEG CONCO2 OCNCO2UP LNDCO2UP ANTCH4 ANTN2O CONCH4 CONN2O RADTTL T2MP
2000    7.220000    1.080000  370.127163    1.832131    1.241516  310.187   6.1110  1752.1   317.0   1.45876   0.75563
2001    7.310000    1.070000  372.663170    1.902770    1.270125  312.896   6.1870  1751.6   317.9   1.51811   0.78627
2002    7.400000    1.060000  375.117845    1.947055    1.300387  322.279   6.3580  1754.1   318.8   1.57747   0.81933
2003    7.490000    1.040000  377.575010    1.989904    1.323911  328.124   6.4270  1759.8   319.7   1.63908   0.85384
2004    7.580000    1.030000  380.037818    2.031683    1.342638  338.942   6.5890  1768.7   320.6   1.70020   0.88923
2005    7.670000    1.020000  382.511004    2.072517    1.357576  346.396   6.6920  1780.8   321.6   1.76513   0.92567
2006    7.760000    1.010000  384.996653    2.112189    1.369643  356.470   6.8740  1795.9   322.5   1.82989   0.96299
2007    7.850000    0.990000  387.494126    2.150723    1.379642  355.023   6.5950  1811.9   323.5   1.89474   1.00103
2008    7.940000    0.980000  390.004726    2.188315    1.388050  360.492   6.6370  1828.2   324.4   1.95968   1.03972
2009    8.020000    0.970000  392.529538    2.225026    1.395202  364.200   6.7120  1845.5   325.3   2.02497   1.07901
2010    8.110000    0.960000  395.069494    2.263681    1.401797  370.896   6.7070  1864.0   326.2   2.09081   1.11888
2011    8.370000    0.950000  397.664777    2.307537    1.409466  372.658   6.6480  1883.2   327.1   2.15697   1.15930
2012    8.630000    0.950000  400.354138    2.354894    1.419628  380.810   6.7420  1903.4   328.0   2.22166   1.20006
2013    8.890000    0.950000  403.137955    2.403410    1.432301  381.594   6.8470  1924.5   328.9   2.28722   1.24124
2014    9.150000    0.950000  406.014747    2.452841    1.446978  387.874   6.9150  1945.8   329.8   2.35418   1.28295
2015    9.410000    0.950000  408.983244    2.502912    1.463431  388.073   6.9360  1967.4   330.7   2.42087   1.32511
2016    9.660000    0.950000  412.040080    2.553326    1.481588  382.240   6.9120  1987.1   331.7   2.48705   1.36763
2017    9.920000    0.940000  415.181978    2.604225    1.501184  376.407   6.8870  2004.0   332.5   2.55087   1.41025
2018   10.180000    0.940000  418.410402    2.655824    1.521842  370.574   6.8620  2018.3   333.4   2.61739   1.45324
2019   10.440000    0.940000  421.726940    2.707938    1.543626  364.741   6.8380  2030.4   334.3   2.68206   1.49643
2020   10.700000    0.940000  425.130813    2.758797    1.566727  358.908   6.8130  2040.4   335.2   2.74560   1.53967
2021   10.970000    0.930000  428.596887    2.804882    1.590444  347.320   6.6660  2047.4   336.0   2.80388   1.58247
2022   11.240000    0.920000  432.074742    2.843669    1.613207  335.732   6.5190  2050.6   336.8   2.86155   1.62486
2023   11.520000    0.910000  435.513735    2.873882    1.633184  324.144   6.3720  2050.3   337.5   2.91315   1.66638
2024   11.790000    0.910000  438.861003    2.894027    1.648500  312.555   6.2240  2046.7   338.2   2.96572   1.70731
2025   12.070000    0.900000  442.058898    2.902455    1.657768  300.967   6.0770  2040.2   338.9   3.01257   1.74726
2026   12.340000    0.890000  445.044974    2.897631    1.659810  289.379   5.9300  2030.9   339.6   3.05493   1.78597
2027   12.610000    0.880000  447.754620    2.880161    1.653561  277.791   5.7830  2019.0   340.2   3.09198   1.82316
2028   12.890000    0.880000  450.154882    2.852540    1.638716  266.203   5.6360  2004.9   340.7   3.12441   1.85868
2029   13.160000    0.870000  452.236029    2.815847    1.615773  254.615   5.4890  1988.6   341.3   3.15335   1.89253
2030   13.440000    0.860000  453.985325    2.770114    1.585717  243.027   5.3410  1970.3   341.8   3.17587   1.92440
2031   13.710000    0.850000  455.392081    2.715423    1.549174  238.786   5.3400  1951.3   342.3   3.19268   1.95400
2032   13.980000    0.840000  456.444378    2.651786    1.506154  234.544   5.3390  1932.9   342.7   3.20629   1.98151
2033   14.250000    0.830000  457.131673    2.579246    1.456490  230.303   5.3380  1915.2   343.2   3.21561   2.00689
2034   14.520000    0.820000  457.443529    2.497866    1.400262  226.061   5.3370  1898.0   343.7   3.22364   2.03040
2035   14.790000    0.820000  457.371626    2.407549    1.337677  221.820   5.3360  1881.3   344.1   3.22481   2.05170
2036   15.060000    0.810000  456.905424    2.309891    1.269108  217.579   5.3350  1865.0   344.6   3.22505   2.07105
2037   15.330000    0.800000  456.066163    2.209155    1.195999  213.337   5.3340  1849.0   345.0   3.21784   2.08805
2038   15.600000    0.790000  454.912093    2.108787    1.120447  209.096   5.3330  1833.5   345.5   3.20772   2.10277
2039   15.870000    0.780000  453.503447    2.010708    1.044233  204.854   5.3320  1818.2   345.9   3.19417   2.11526
2040   16.140000    0.770000  451.902619    1.916859    0.969587  200.613   5.3310  1803.3   346.4   3.18174   2.12604
2041   16.410000    0.760000  450.173549    1.829229    0.898928  197.571   5.3110  1788.7   346.8   3.15871   2.13430
2042   16.670000    0.750000  448.382391    1.749889    0.833704  194.530   5.2920  1774.7   347.2   3.13960   2.14078
2043   16.940000    0.740000  446.597405    1.678635    0.774940  191.488   5.2730  1761.0   347.6   3.11702   2.14548
2044   17.200000    0.730000  444.850738    1.612379    0.722803  188.446   5.2530  1747.6   348.0   3.09615   2.14878
2045   17.470000    0.720000  443.137960    1.549158    0.676428  185.405   5.2340  1734.6   348.4   3.07397   2.15079
2046   17.730000    0.710000  441.455209    1.488892    0.634554  182.363   5.2150  1721.9   348.8   3.05159   2.15161
2047   18.000000    0.710000  439.801674    1.431427    0.595927  179.322   5.1960  1709.5   349.2   3.03255   2.15175
2048   18.260000    0.700000  438.174822    1.376333    0.559893  176.280   5.1760  1697.3   349.6   3.01325   2.15124
2049   18.530000    0.690000  436.570148    1.323390    0.526166  173.238   5.1570  1685.4   350.0   2.99430   2.15013
2050   18.790000    0.680000  434.985597    1.272327    0.494620  170.197   5.1380  1673.8   350.3   2.97381   2.14831
2051   19.180000    0.670000  433.416003    1.222720    0.465046  168.933   5.1290  1662.5   350.7   2.95142   2.14566
2052   19.570000    0.660000  431.856228    1.174549    0.436950  167.669   5.1210  1651.8   351.0   2.92896   2.14223
2053   19.960000    0.650000  430.304987    1.127882    0.409668  166.405   5.1130  1641.7   351.4   2.90740   2.13821
2054   20.350000    0.640000  428.761380    1.082621    0.382894  165.142   5.1040  1632.1   351.7   2.88869   2.13397
2055   20.740000    0.630000  427.224502    1.038644    0.356873  163.878   5.0960  1622.9   352.1   2.86773   2.12926
2056   21.130000    0.620000  425.693337    0.995852    0.331590  162.614   5.0870  1614.1   352.4   2.84693   2.12410
2057   21.520000    0.610000  424.167088    0.954161    0.306836  161.350   5.0790  1605.6   352.7   2.82706   2.11863
2058   21.910000    0.600000  422.645016    0.913482    0.282628  160.086   5.0710  1597.5   353.1   2.80676   2.11281
2059   22.300000    0.590000  421.126391    0.873591    0.258956  158.823   5.0620  1589.6   353.4   2.78665   2.10668
2060   22.690000    0.570000  419.608339    0.834618    0.235909  157.559   5.0540  1582.2   353.7   2.76623   2.10021
2061   22.940000    0.560000  418.093881    0.797040    0.213718  156.449   5.0550  1575.0   354.0   2.74410   2.09327
2062   23.190000    0.550000  416.588150    0.760686    0.192393  155.339   5.0560  1568.1   354.3   2.72224   2.08591
2063   23.440000    0.540000  415.090359    0.725186    0.171794  154.229   5.0570  1561.3   354.6   2.70068   2.07821
2064   23.690000    0.530000  413.599805    0.690467    0.152001  153.119   5.0580  1554.7   354.9   2.67907   2.07021
2065   23.940000    0.520000  412.115696    0.656469    0.132951  152.009   5.0590  1548.4   355.2   2.65513   2.06168
2066   24.190000    0.510000  410.637443    0.623155    0.114243  150.899   5.0600  1542.2   355.5   2.63432   2.05299
2067   24.440000    0.500000  409.164668    0.590478    0.095789  149.789   5.0610  1536.1   355.8   2.61294   2.04411
2068   24.690000    0.490000  407.696908    0.558388    0.077672  148.680   5.0620  1530.2   356.1   2.59171   2.03504
2069   24.940000    0.480000  406.233757    0.526844    0.059806  147.570   5.0630  1524.4   356.4   2.57065   2.02580
2070   25.190000    0.470000  404.774868    0.495989    0.042187  146.460   5.0640  1518.8   356.7   2.55012   2.01645
2071   25.340000    0.460000  403.322534    0.465998    0.024712  145.038   5.0660  1513.2   357.0   2.52896   2.00693
2072   25.500000    0.450000  401.878886    0.436547    0.007551  143.617   5.0670  1507.4   357.3   2.51099   1.99756
2073   25.660000    0.430000  400.440893    0.407406   -0.008897  142.196   5.0680  1501.4   357.5   2.48751   1.98772
2074   25.820000    0.420000  399.007981    0.378855   -0.024852  140.775   5.0700  1495.2   357.8   2.46682   1.97773
2075   25.970000    0.410000  397.582345    0.350899   -0.040356  139.354   5.0710  1488.9   358.1   2.44598   1.96760
2076   26.130000    0.400000  396.163442    0.323340   -0.055226  137.932   5.0720  1482.5   358.4   2.42274   1.95710
2077   26.290000    0.390000  394.750560    0.296177   -0.069770  136.511   5.0740  1476.1   358.6   2.40148   1.94644
2078   26.440000    0.380000  393.343732    0.269399   -0.084017  135.090   5.0750  1469.6   358.9   2.38051   1.93571
2079   26.600000    0.370000  391.942563    0.242952   -0.098020  133.669   5.0760  1463.0   359.2   2.35726   1.92465
2080   26.760000    0.360000  390.546625    0.216866   -0.111948  132.247   5.0770  1456.2   359.4   2.33870   1.91375
2081   26.810000    0.340000  389.156404    0.191346   -0.125291  131.099   5.0920  1449.5   359.7   2.31544   1.90255
2082   26.850000    0.330000  387.774479    0.166534   -0.137986  129.951   5.1060  1442.8   360.0   2.29159   1.89095
2083   26.900000    0.320000  386.402743    0.142260   -0.150376  128.802   5.1210  1436.0   360.2   2.27123   1.87938
2084   26.950000    0.310000  385.040581    0.118388   -0.162444  127.654   5.1350  1429.1   360.5   2.24798   1.86756
2085   26.990000    0.300000  383.687927    0.094924   -0.174374  126.506   5.1490  1422.2   360.8   2.22790   1.85581
2086   27.040000    0.290000  382.344615    0.071636   -0.186004  125.358   5.1640  1415.3   361.0   2.20723   1.84405
2087   27.090000    0.270000  381.007721    0.048474   -0.197200  124.209   5.1780  1408.4   361.3   2.18353   1.83194
2088   27.130000    0.260000  379.677286    0.025743   -0.208201  123.061   5.1920  1401.5   361.6   2.16351   1.81990
2089   27.180000    0.250000  378.355318    0.003426   -0.218957  121.913   5.2070  1394.5   361.8   2.14046   1.80761
2090   27.230000    0.240000  377.041261   -0.018647   -0.229477  120.764   5.2210  1387.5   362.1   2.11999   1.79534
2091   27.290000    0.230000  375.734654   -0.040513   -0.239877  119.860   5.2300  1380.6   362.4   2.09798   1.78293
2092   27.360000    0.220000  374.434801   -0.062347   -0.250168  118.956   5.2380  1373.9   362.6   2.07818   1.77061
2093   27.420000    0.200000  373.139342   -0.084166   -0.260374  118.051   5.2470  1367.4   362.9   2.05587   1.75809
2094   27.490000    0.190000  371.848185   -0.105678   -0.270530  117.147   5.2550  1361.0   363.2   2.03620   1.74566
2095   27.550000    0.180000  370.563443   -0.126832   -0.280624  116.243   5.2640  1354.8   363.4   2.01431   1.50000
2096   27.610000    0.170000  369.285248   -0.147787   -0.290603  115.338   5.2720  1348.7   363.7   1.99522   1.50000
2097   27.680000    0.160000  368.013172   -0.168744   -0.300492  114.434   5.2810  1342.7   364.0   1.97326   1.50000
2098   27.740000    0.140000  366.744920   -0.189733   -0.310321  113.530   5.2900  1336.8   364.2   1.95464   1.50000
2099   27.810000    0.130000  365.480401   -0.210449   -0.320158  112.626   5.2980  1331.0   364.5   1.93221   1.50000
2100   27.870000    0.120000  364.221815   -0.230535   -0.330034  111.721   5.3070  1325.4   364.8   1.91551   1.50000
2101   27.870000    0.120000  362.973099   -0.249798   -0.339418  111.721   5.3070  1320.0   365.0   1.89410   1.50000
2102   27.870000    0.120000  361.737465   -0.268455   -0.348035  111.721   5.3070  1315.1   365.3   1.87308   1.50000
2103   27.870000    0.120000  360.514463   -0.286748   -0.356147  111.721   5.3070  1310.6   365.5   1.85243   1.50000
2104   27.870000    0.120000  359.303723   -0.304690   -0.363888  111.721   5.3070  1306.5   365.8   1.83212   1.50000
2105   27.870000    0.120000  358.104933   -0.322295   -0.371345  111.721   5.3070  1302.7   366.0   1.81212   1.50000
2106   27.870000    0.120000  356.917821   -0.339576   -0.378577  111.721   5.3070  1299.3   366.3   1.79242   1.50000
2107   27.870000    0.120000  355.742141   -0.356547   -0.385622  111.721   5.3070  1296.1   366.5   1.77301   1.50000
2108   27.870000    0.120000  354.577670   -0.373218   -0.392504  111.721   5.3070  1293.3   366.8   1.75387   1.50000
2109   27.870000    0.120000  353.424196   -0.389603   -0.399239  111.721   5.3070  1290.6   367.0   1.73498   1.50000
2110   27.870000    0.120000  352.281520   -0.405712   -0.405835  111.721   5.3070  1288.2   367.3   1.71633   1.50000
2111   27.870000    0.120000  351.149452   -0.421555   -0.412299  111.721   5.3070  1286.0   367.5   1.69791   1.50000
2112   27.870000    0.120000  350.027807   -0.437144   -0.418633  111.721   5.3070  1284.0   367.8   1.67970   1.50000
2113   27.870000    0.120000  348.916407   -0.452487   -0.424841  111.721   5.3070  1282.1   368.0   1.66171   1.50000
2114   27.870000    0.120000  347.815079   -0.462538   -0.430209  111.721   5.3070  1280.4   368.2   1.64391   1.49303
2115   27.870000    0.120000  346.783902   -0.466296   -0.433401  111.721   5.3070  1278.9   368.4   1.62722   1.48081
2116   27.870000    0.120000  345.820500   -0.467878   -0.433967  111.721   5.3070  1277.5   368.7   1.61161   1.46882
2117   27.870000    0.120000  344.922723   -0.467403   -0.432261  111.721   5.3070  1276.2   368.9   1.59706   1.45711
2118   27.870000    0.120000  344.088638   -0.475214   -0.430047  111.721   5.3070  1275.0   369.1   1.58352   1.44574
2119   27.870000    0.120000  343.196138   -0.493430   -0.430309  111.721   5.3070  1273.9   369.3   1.56910   1.43456
2120   27.870000    0.120000  342.248099   -0.513814   -0.434178  111.721   5.3070  1272.9   369.6   1.55384   1.42342
2121   27.870000    0.120000  341.247089   -0.536230   -0.441124  111.721   5.3070  1272.0   369.8   1.53776   1.41223
2122   27.870000    0.120000  340.195360   -0.555377   -0.449907  111.721   5.3070  1271.2   370.0   1.52089   1.40093
2123   27.870000    0.120000  339.154993   -0.570117   -0.458712  111.721   5.3070  1270.4   370.2   1.50419   1.38956
2124   27.870000    0.120000  338.125461   -0.584570   -0.466712  111.721   5.3070  1269.7   370.4   1.48766   1.37815
2125   27.870000    0.120000  337.106263   -0.598758   -0.473972  111.721   5.3070  1269.1   370.6   1.47127   1.36673
2126   27.870000    0.120000  336.096951   -0.612698   -0.480597  111.721   5.3070  1268.5   370.8   1.45503   1.35531
2127   27.870000    0.120000  335.097140   -0.626403   -0.486694  111.721   5.3070  1268.0   371.0   1.43891   1.34391
2128   27.870000    0.120000  334.106497   -0.639883   -0.492360  111.721   5.3070  1267.5   371.3   1.42293   1.33254
2129   27.870000    0.120000  333.124736   -0.653150   -0.497674  111.721   5.3070  1267.1   371.5   1.40707   1.32119
2130   27.870000    0.120000  332.151610   -0.666211   -0.502700  111.721   5.3070  1266.7   371.7   1.39133   1.30987
2131   27.870000    0.120000  331.186901   -0.679076   -0.507485  111.721   5.3070  1266.3   371.9   1.37569   1.29859
2132   27.870000    0.120000  330.230415   -0.691751   -0.512065  111.721   5.3070  1265.9   372.1   1.36017   1.28734
2133   27.870000    0.120000  329.281974   -0.704245   -0.516469  111.721   5.3070  1265.6   372.2   1.34475   1.27613
2134   27.870000    0.120000  328.341418   -0.716563   -0.520716  111.721   5.3070  1265.4   372.4   1.32943   1.26496
2135   27.870000    0.120000  327.408594   -0.728712   -0.524821  111.721   5.3070  1265.1   372.6   1.31421   1.25383
2136   27.870000    0.120000  326.483362   -0.740699   -0.528797  111.721   5.3070  1264.9   372.8   1.29908   1.24273
2137   27.870000    0.120000  325.565587   -0.752529   -0.532651  111.721   5.3070  1264.6   373.0   1.28404   1.23168
2138   27.870000    0.120000  324.655141   -0.764208   -0.536390  111.721   5.3070  1264.4   373.2   1.26910   1.22066
2139   27.870000    0.120000  323.751901   -0.775740   -0.540020  111.721   5.3070  1264.3   373.4   1.25424   1.20969
2140   27.870000    0.120000  322.855750   -0.787130   -0.543546  111.721   5.3070  1264.1   373.6   1.23947   1.19875
2141   27.870000    0.120000  321.966572   -0.798384   -0.546970  111.721   5.3070  1263.9   373.7   1.22478   1.18785
2142   27.870000    0.120000  321.084258   -0.809504   -0.550297  111.721   5.3070  1263.8   373.9   1.21017   1.17699
2143   27.870000    0.120000  320.208702   -0.820496   -0.553530  111.721   5.3070  1263.7   374.1   1.19565   1.16617
2144   27.870000    0.120000  319.339798   -0.831363   -0.556670  111.721   5.3070  1263.6   374.3   1.18120   1.15538
2145   27.870000    0.120000  318.477447   -0.842109   -0.559721  111.721   5.3070  1263.5   374.4   1.16683   1.14463
2146   27.870000    0.120000  317.621551   -0.852737   -0.562685  111.721   5.3070  1263.4   374.6   1.15253   1.13392
2147   27.870000    0.120000  316.772014   -0.863250   -0.565565  111.721   5.3070  1263.3   374.8   1.13831   1.12325
2148   27.870000    0.120000  315.928743   -0.873652   -0.568361  111.721   5.3070  1263.2   375.0   1.12416   1.11261
2149   27.870000    0.120000  315.091649   -0.883945   -0.571076  111.721   5.3070  1263.1   375.1   1.11008   1.10201
2150   27.870000    0.120000  314.260643   -0.894133   -0.573713  111.721   5.3070  1263.0   375.3   1.09607   1.09144
2151   27.870000    0.120000  313.435638   -0.904217   -0.576273  111.721   5.3070  1263.0   375.5   1.08212   1.08091
2152   27.870000    0.120000  312.616552   -0.914201   -0.578757  111.721   5.3070  1262.9   375.6   1.06825   1.07041
2153   27.870000    0.120000  311.803303   -0.924086   -0.581169  111.721   5.3070  1262.9   375.8   1.05444   1.05995
2154   27.870000    0.120000  310.995809   -0.933875   -0.583508  111.721   5.3070  1262.8   375.9   1.04070   1.04952
2155   27.870000    0.120000  310.193994   -0.943571   -0.585777  111.721   5.3070  1262.8   376.1   1.02702   1.03913
2156   27.870000    0.120000  309.397781   -0.953174   -0.587978  111.721   5.3070  1262.7   376.3   1.01341   1.02877
2157   27.870000    0.120000  308.607094   -0.962688   -0.590112  111.721   5.3070  1262.7   376.4   0.99985   1.01844
2158   27.870000    0.120000  307.821862   -0.972114   -0.592181  111.721   5.3070  1262.7   376.6   0.98636   1.00814
2159   27.870000    0.120000  307.042012   -0.981454   -0.594185  111.721   5.3070  1262.6   376.7   0.97293   0.99788
2160   27.870000    0.120000  306.267474   -0.990710   -0.596127  111.721   5.3070  1262.6   376.9   0.95956   0.98765
2161   27.870000    0.120000  305.498181   -0.999882   -0.598008  111.721   5.3070  1262.6   377.0   0.94625   0.97745
2162   27.870000    0.120000  304.734064   -1.008974   -0.599828  111.721   5.3070  1262.6   377.2   0.93299   0.96728
2163   27.870000    0.120000  303.975059   -1.017986   -0.601591  111.721   5.3070  1262.5   377.3   0.91979   0.95715
2164   27.870000    0.120000  303.221100   -1.026920   -0.603296  111.721   5.3070  1262.5   377.5   0.90665   0.94704
2165   27.870000    0.120000  302.472124   -1.035777   -0.604944  111.721   5.3070  1262.5   377.6   0.89357   0.93697
2166   27.870000    0.120000  301.728070   -1.044560   -0.606538  111.721   5.3070  1262.5   377.8   0.88054   0.92692
2167   27.870000    0.120000  300.988876   -1.053268   -0.608079  111.721   5.3070  1262.5   377.9   0.86756   0.91691
2168   27.870000    0.120000  300.254484   -1.061903   -0.609566  111.721   5.3070  1262.5   378.0   0.85464   0.90693
2169   27.870000    0.120000  299.524834   -1.070467   -0.611003  111.721   5.3070  1262.5   378.2   0.84177   0.89697
2170   27.870000    0.120000  298.799869   -1.078961   -0.612388  111.721   5.3070  1262.4   378.3   0.82895   0.88705
2171   27.870000    0.120000  298.079534   -1.087386   -0.613725  111.721   5.3070  1262.4   378.5   0.81619   0.87715
2172   27.870000    0.120000  297.363772   -1.095742   -0.615013  111.721   5.3070  1262.4   378.6   0.80348   0.86728
2173   27.870000    0.120000  296.652529   -1.104032   -0.616254  111.721   5.3070  1262.4   378.7   0.79081   0.85744
2174   27.870000    0.120000  295.945752   -1.112256   -0.617449  111.721   5.3070  1262.4   378.9   0.77820   0.84763
2175   27.870000    0.120000  295.243388   -1.120415   -0.618598  111.721   5.3070  1262.4   379.0   0.76564   0.83785
2176   27.870000    0.120000  294.545387   -1.128511   -0.619703  111.721   5.3070  1262.4   379.1   0.75312   0.82810
2177   27.870000    0.120000  293.851697   -1.136543   -0.620764  111.721   5.3070  1262.4   379.3   0.74066   0.81837
2178   27.870000    0.120000  293.162269   -1.144514   -0.621782  111.721   5.3070  1262.4   379.4   0.72824   0.80867
2179   27.870000    0.120000  292.477053   -1.152423   -0.622759  111.721   5.3070  1262.4   379.5   0.71587   0.79900
2180   27.870000    0.120000  291.796003   -1.160273   -0.623695  111.721   5.3070  1262.4   379.6   0.70354   0.78935
2181   27.870000    0.120000  291.119070   -1.168063   -0.624591  111.721   5.3070  1262.4   379.8   0.69127   0.77973
2182   27.870000    0.120000  290.446208   -1.175795   -0.625447  111.721   5.3070  1262.4   379.9   0.67904   0.77014
2183   27.870000    0.120000  289.777372   -1.183469   -0.626265  111.721   5.3070  1262.4   380.0   0.66685   0.76058
2184   27.870000    0.120000  289.112517   -1.191087   -0.627046  111.721   5.3070  1262.4   380.1   0.65471   0.75104
2185   27.870000    0.120000  288.451598   -1.198648   -0.627789  111.721   5.3070  1262.4   380.3   0.64261   0.74153
2186   27.870000    0.120000  287.794572   -1.206155   -0.628496  111.721   5.3070  1262.4   380.4   0.63056   0.73204
2187   27.870000    0.120000  287.141396   -1.213607   -0.629167  111.721   5.3070  1262.3   380.5   0.61855   0.72258
2188   27.870000    0.120000  286.492029   -1.221005   -0.629804  111.721   5.3070  1262.3   380.6   0.60658   0.71314
2189   27.870000    0.120000  285.846428   -1.228350   -0.630407  111.721   5.3070  1262.3   380.7   0.59466   0.70373
2190   27.870000    0.120000  285.204553   -1.235643   -0.630976  111.721   5.3070  1262.3   380.8   0.58278   0.69435
2191   27.870000    0.120000  284.566365   -1.242884   -0.631512  111.721   5.3070  1262.3   381.0   0.57094   0.68499
2192   27.870000    0.120000  283.931823   -1.250075   -0.632016  111.721   5.3070  1262.3   381.1   0.55914   0.67565
2193   27.870000    0.120000  283.300888   -1.253812   -0.632032  111.721   5.3070  1262.3   381.2   0.54739   0.66634
2194   27.870000    0.120000  282.704877   -1.243650   -0.629386  111.721   5.3070  1262.3   381.3   0.53626   0.65711
2195   27.870000    0.120000  282.232531   -1.207759   -0.619615  111.721   5.3070  1262.3   381.4   0.52745   0.64817
2196   27.870000    0.120000  281.996187   -1.139209   -0.597221  111.721   5.3070  1262.3   381.5   0.52310   0.63992
2197   27.870000    0.120000  282.103567   -1.033991   -0.557163  111.721   5.3070  1262.3   381.6   0.52525   0.63287
2198   27.870000    0.120000  282.658475   -0.888720   -0.495286  111.721   5.3070  1262.3   381.7   0.53585   0.62764
2199   27.870000    0.120000  283.761523   -0.700728   -0.408273  111.721   5.3070  1262.3   381.8   0.55676   0.62491
2200   27.870000    0.120000  285.510871   -0.480661   -0.295272  111.721   5.3070  1262.3   381.9   0.58968   0.62540
2201   27.870000    0.120000  287.884996   -0.254095   -0.160924  111.721   5.3070  1262.3   382.0   0.63400   0.62965
2202   27.870000    0.120000  290.747795   -0.037750   -0.014408  111.721   5.3070  1262.3   382.1   0.68694   0.63780
2203   27.870000    0.120000  293.970788    0.162987    0.134877  111.721   5.3070  1262.3   382.2   0.74590   0.64973
2204   27.870000    0.120000  297.431811    0.343606    0.279294  111.721   5.3070  1262.3   382.4   0.80850   0.66509
2205   27.870000    0.120000  301.013837    0.500302    0.412822  111.721   5.3070  1262.3   382.5   0.87251   0.68340
2206   27.870000    0.120000  304.603965    0.629822    0.530809  111.721   5.3070  1262.3   382.6   0.93592   0.70412
2207   27.870000    0.120000  308.092619    0.729328    0.629704  111.721   5.3070  1262.3   382.6   0.99682   0.72661
2208   27.870000    0.120000  311.372924    0.796268    0.706801  111.721   5.3070  1262.3   382.7   1.05347   0.75022
2209   27.870000    0.120000  314.340260    0.828261    0.760013  111.721   5.3070  1262.3   382.8   1.10421   0.77424
2210   27.870000    0.120000  316.891964    0.832754    0.789037  111.721   5.3070  1262.3   382.9   1.14748   0.79797
2211   27.870000    0.120000  319.031950    0.828990    0.797761  111.721   5.3070  1262.3   383.0   1.18352   0.82085
2212   27.870000    0.120000  320.872658    0.830272    0.793703  111.721   5.3070  1262.3   383.1   1.21434   0.84262
2213   27.870000    0.120000  322.528122    0.841525    0.784716  111.721   5.3070  1262.3   383.2   1.24192   0.86328
2214   27.870000    0.120000  324.110249    0.867136    0.777402  111.721   5.3070  1262.3   383.3   1.26815   0.88301
2215   27.870000    0.120000  325.729330    0.900696    0.775732  111.721   5.3070  1262.3   383.4   1.29487   0.90212
2216   27.870000    0.120000  327.377742    0.933957    0.780013  111.721   5.3070  1262.3   383.5   1.32192   0.92083
2217   27.870000    0.120000  329.053001    0.967199    0.788965  111.721   5.3070  1262.3   383.6   1.34928   0.93928
2218   27.870000    0.120000  330.753204    0.989780    0.799980  111.721   5.3070  1262.3   383.7   1.37690   0.95758
2219   27.870000    0.120000  332.356987    0.999876    0.809361  111.721   5.3070  1262.3   383.8   1.40283   0.97561
2220   27.870000    0.120000  333.867652    1.006446    0.815511  111.721   5.3070  1262.3   383.9   1.42715   0.99327
2221   27.870000    0.120000  335.288266    1.009772    0.818689  111.721   5.3070  1262.3   383.9   1.44992   1.01049
2222   27.870000    0.120000  336.621623    1.010103    0.819224  111.721   5.3070  1262.3   384.0   1.47122   1.02722
2223   27.870000    0.120000  337.870245    1.007658    0.817444  111.721   5.3070  1262.3   384.1   1.49109   1.04344
2224   27.870000    0.120000  339.036407    1.012978    0.815096  111.721   5.3070  1262.3   384.2   1.50959   1.05910
2225   27.870000    0.120000  340.242424    1.038364    0.816585  111.721   5.3070  1262.3   384.3   1.52865   1.07439
2226   27.870000    0.120000  341.606195    1.077119    0.825660  111.721   5.3070  1262.3   384.4   1.55012   1.08962
2227   27.870000    0.120000  343.121438    1.120455    0.842537  111.721   5.3070  1262.3   384.4   1.57385   1.10504
2228   27.870000    0.120000  344.782761    1.167946    0.865822  111.721   5.3070  1262.3   384.5   1.59974   1.12085
2229   27.870000    0.120000  346.585597    1.209158    0.892848  111.721   5.3070  1262.3   384.6   1.62768   1.13716
2230   27.870000    0.120000  348.405533    1.232039    0.918516  111.721   5.3070  1262.3   384.7   1.65575   1.15389
2231   27.870000    0.120000  350.122795    1.243059    0.938547  111.721   5.3070  1262.3   384.8   1.68210   1.17079
2232   27.870000    0.120000  351.742281    1.250652    0.952270  111.721   5.3070  1262.3   384.8   1.70684   1.18766
2233   27.870000    0.120000  353.268270    1.255095    0.960695  111.721   5.3070  1262.3   384.9   1.73005   1.20434
2234   27.870000    0.120000  354.704449    1.256625    0.964769  111.721   5.3070  1262.3   385.0   1.75182   1.22075
2235   27.870000    0.120000  356.053978    1.245695    0.963910  111.721   5.3070  1262.3   385.1   1.77219   1.23682
2236   27.870000    0.120000  357.198720    1.220739    0.956187  111.721   5.3070  1262.3   385.1   1.78943   1.25232
2237   27.870000    0.120000  358.145134    1.190047    0.941293  111.721   5.3070  1262.3   385.2   1.80366   1.26707
2238   27.870000    0.120000  358.898927    1.153981    0.920369  111.721   5.3070  1262.3   385.3   1.81499   1.28092
2239   27.870000    0.120000  359.465146    1.112859    0.894388  111.721   5.3070  1262.3   385.4   1.82351   1.29378
2240   27.870000    0.120000  359.848278    1.057286    0.862765  111.721   5.3070  1262.3   385.4   1.82930   1.30557
2241   27.870000    0.120000  359.931404    0.985656    0.823540  111.721   5.3070  1262.3   385.5   1.83063   1.31607
2242   27.870000    0.120000  359.722373    0.915784    0.777725  111.721   5.3070  1262.3   385.6   1.82763   1.32507
2243   27.870000    0.120000  359.349267    0.859614    0.730353  111.721   5.3070  1262.3   385.7   1.82220   1.33261
2244   27.870000    0.120000  358.935302    0.811463    0.685786  111.721   5.3070  1262.3   385.7   1.81615   1.33889
2245   27.870000    0.120000  358.478429    0.763529    0.644945  111.721   5.3070  1262.3   385.8   1.80945   1.34409
2246   27.870000    0.120000  357.976982    0.725476    0.608490  111.721   5.3070  1262.3   385.9   1.80208   1.34833
2247   27.870000    0.120000  357.550549    0.699136    0.578325  111.721   5.3070  1262.3   385.9   1.79582   1.35186
2248   27.870000    0.120000  357.193943    0.676480    0.554706  111.721   5.3070  1262.3   386.0   1.79059   1.35490
2249   27.870000    0.120000  356.902707    0.657233    0.536449  111.721   5.3070  1262.3   386.1   1.78634   1.35760
2250   27.870000    0.120000  356.673030    0.641149    0.522528  111.721   5.3070  1262.3   386.1   1.78301   1.36008
2251   27.870000    0.120000  356.501652    0.628004    0.512104  111.721   5.3070  1262.3   386.2   1.78054   1.36243
2252   27.870000    0.120000  356.385765    0.617595    0.504516  111.721   5.3070  1262.3   386.3   1.77891   1.36471
2253   27.870000    0.120000  356.322925    0.609731    0.499250  111.721   5.3070  1262.3   386.3   1.77806   1.36699
2254   27.870000    0.120000  356.310987    0.604236    0.495912  111.721   5.3070  1262.3   386.4   1.77798   1.36930
2255   27.870000    0.120000  356.348046    0.600948    0.494201  111.721   5.3070  1262.3   386.5   1.77864   1.37169
2256   27.870000    0.120000  356.432392    0.599714    0.493886  111.721   5.3070  1262.3   386.5   1.78000   1.37419
2257   27.870000    0.120000  356.562481    0.600392    0.494790  111.721   5.3070  1262.3   386.6   1.78205   1.37683
2258   27.870000    0.120000  356.736907    0.602853    0.496771  111.721   5.3070  1262.3   386.6   1.78476   1.37961
2259   27.870000    0.120000  356.954380    0.606972    0.499719  111.721   5.3070  1262.3   386.7   1.78811   1.38257
2260   27.870000    0.120000  357.213713    0.612638    0.503542  111.721   5.3070  1262.3   386.8   1.79208   1.38572
2261   27.870000    0.120000  357.513811    0.619743    0.508164  111.721   5.3070  1262.3   386.8   1.79666   1.38907
2262   27.870000    0.120000  357.853659    0.628191    0.513521  111.721   5.3070  1262.3   386.9   1.80183   1.39263
2263   27.870000    0.120000  358.232314    0.637889    0.519557  111.721   5.3070  1262.3   386.9   1.80757   1.39641
2264   27.870000    0.120000  358.648900    0.648753    0.526222  111.721   5.3070  1262.3   387.0   1.81387   1.40042
2265   27.870000    0.120000  359.102600    0.660703    0.533474  111.721   5.3070  1262.3   387.1   1.82072   1.40466
2266   27.870000    0.120000  359.592653    0.673667    0.541270  111.721   5.3070  1262.3   387.1   1.82810   1.40914
2267   27.870000    0.120000  360.118351    0.687577    0.549576  111.721   5.3070  1262.3   387.2   1.83599   1.41387
2268   27.870000    0.120000  360.679032    0.692734    0.556982  111.721   5.3070  1262.3   387.2   1.84439   1.41884
2269   27.870000    0.120000  361.153083    0.687291    0.560889  111.721   5.3070  1262.3   387.3   1.85150   1.42389
2270   27.870000    0.120000  361.544035    0.679162    0.560442  111.721   5.3070  1262.3   387.3   1.85737   1.42887
2271   27.870000    0.120000  361.854995    0.668529    0.556333  111.721   5.3070  1262.3   387.4   1.86205   1.43368
2272   27.870000    0.120000  362.088669    0.655550    0.549201  111.721   5.3070  1262.3   387.4   1.86559   1.43824
2273   27.870000    0.120000  362.247412    0.640367    0.539584  111.721   5.3070  1262.3   387.5   1.86802   1.44250
2274   27.870000    0.120000  362.333289    0.623109    0.527915  111.721   5.3070  1262.3   387.5   1.86938   1.44641
2275   27.870000    0.120000  362.348127    0.603890    0.514536  111.721   5.3070  1262.3   387.6   1.86970   1.44994
2276   27.870000    0.120000  362.293560    0.582816    0.499708  111.721   5.3070  1262.3   387.7   1.86899   1.45306
2277   27.870000    0.120000  362.171068    0.559983    0.483631  111.721   5.3070  1262.3   387.7   1.86727   1.45575
2278   27.870000    0.120000  361.982007    0.535480    0.466459  111.721   5.3070  1262.3   387.8   1.86458   1.45799
2279   27.870000    0.120000  361.727629    0.509387    0.448307  111.721   5.3070  1262.3   387.8   1.86092   1.45977
2280   27.870000    0.120000  361.409103    0.481776    0.429268  111.721   5.3070  1262.3   387.9   1.85631   1.46107
2281   27.870000    0.120000  361.027528    0.452715    0.409410  111.721   5.3070  1262.3   387.9   1.85076   1.46188
2282   27.870000    0.120000  360.583944    0.422264    0.388791  111.721   5.3070  1262.3   388.0   1.84429   1.46220
2283   27.870000    0.120000  360.079339    0.390478    0.367456  111.721   5.3070  1262.3   388.0   1.83691   1.46201
2284   27.870000    0.120000  359.514659    0.357407    0.345443  111.721   5.3070  1262.3   388.1   1.82862   1.46131
2285   27.870000    0.120000  358.890808    0.323097    0.322784  111.721   5.3070  1262.3   388.1   1.81944   1.46010
2286   27.870000    0.120000  358.208660    0.287586    0.299506  111.721   5.3070  1262.3   388.1   1.80938   1.45836
2287   27.870000    0.120000  357.469057    0.241131    0.274241  111.721   5.3070  1262.3   388.2   1.79844   1.45610
2288   27.870000    0.120000  356.551973    0.181810    0.244397  111.721   5.3070  1262.3   388.2   1.78482   1.45314
2289   27.870000    0.120000  355.462507    0.117565    0.209113  111.721   5.3070  1262.3   388.3   1.76857   1.44932
2290   27.870000    0.120000  354.205331    0.048582    0.169076  111.721   5.3070  1262.3   388.3   1.74975   1.44453
2291   27.870000    0.120000  352.784721   -0.015029    0.126324  111.721   5.3070  1262.3   388.4   1.72839   1.43869
2292   27.870000    0.120000  351.325269   -0.061086    0.085458  111.721   5.3070  1262.3   388.4   1.70635   1.43189
2293   27.870000    0.120000  349.946804   -0.095433    0.050474  111.721   5.3070  1262.3   388.5   1.68545   1.42443
2294   27.870000    0.120000  348.644285   -0.136291    0.020524  111.721   5.3070  1262.3   388.5   1.66564   1.41652
2295   27.870000    0.120000  347.292773   -0.185949   -0.008108  111.721   5.3070  1262.3   388.6   1.64499   1.40815
2296   27.870000    0.120000  345.892887   -0.230599   -0.036460  111.721   5.3070  1262.3   388.6   1.62352   1.39928
2297   27.870000    0.120000  344.514658   -0.268264   -0.062990  111.721   5.3070  1262.3   388.6   1.60230   1.38997
2298   27.870000    0.120000  343.165341   -0.303519   -0.086980  111.721   5.3070  1262.3   388.7   1.58144   1.38034
2299   27.870000    0.120000  341.842967   -0.337104   -0.108727  111.721   5.3070  1262.3   388.7   1.56092   1.37043
2300   27.870000    0.120000  340.545815   -0.369138   -0.128602  111.721   5.3070  1262.3   388.8   1.54071   1.36031
2301   27.870000    0.120000  339.272378   -0.399728   -0.146920  111.721   5.3070  1262.3   388.8   1.52080   1.35002
2302   27.870000    0.120000  338.021334   -0.428973   -0.163934  111.721   5.3070  1262.3   388.9   1.50117   1.33958
2303   27.870000    0.120000  336.791509   -0.456963   -0.179846  111.721   5.3070  1262.3   388.9   1.48180   1.32902
2304   27.870000    0.120000  335.581854   -0.483783   -0.194812  111.721   5.3070  1262.3   388.9   1.46268   1.31836
2305   27.870000    0.120000  334.391424   -0.509510   -0.208957  111.721   5.3070  1262.3   389.0   1.44380   1.30763
2306   27.870000    0.120000  333.219358   -0.534217   -0.222374  111.721   5.3070  1262.3   389.0   1.42514   1.29683
2307   27.870000    0.120000  332.064870   -0.557971   -0.235141  111.721   5.3070  1262.3   389.1   1.40670   1.28598
2308   27.870000    0.120000  330.927235   -0.580834   -0.247318  111.721   5.3070  1262.3   389.1   1.38847   1.27508
2309   27.870000    0.120000  329.805781   -0.600173   -0.258579  111.721   5.3070  1262.3   389.1   1.37043   1.26416
2310   27.870000    0.120000  328.729838   -0.618210   -0.268639  111.721   5.3070  1262.3   389.2   1.35308   1.25325
2311   27.870000    0.120000  327.667715   -0.640427   -0.278377  111.721   5.3070  1262.3   389.2   1.33589   1.24237
2312   27.870000    0.120000  326.589056   -0.662549   -0.288576  111.721   5.3070  1262.3   389.2   1.31837   1.23146
2313   27.870000    0.120000  325.524560   -0.681867   -0.298773  111.721   5.3070  1262.3   389.3   1.30103   1.22052
2314   27.870000    0.120000  324.473728   -0.700573   -0.308546  111.721   5.3070  1262.3   389.3   1.28386   1.20957
2315   27.870000    0.120000  323.436080   -0.718705   -0.317902  111.721   5.3070  1262.3   389.4   1.26684   1.19862
2316   27.870000    0.120000  322.411162   -0.736300   -0.326861  111.721   5.3070  1262.3   389.4   1.24999   1.18766
2317   27.870000    0.120000  321.398549   -0.753392   -0.335449  111.721   5.3070  1262.3   389.4   1.23328   1.17670
2318   27.870000    0.120000  320.397840   -0.770009   -0.343689  111.721   5.3070  1262.3   389.5   1.21672   1.16576
2319   27.870000    0.120000  319.408661   -0.786181   -0.351605  111.721   5.3070  1262.3   389.5   1.20029   1.15482
2320   27.870000    0.120000  318.430662   -0.801933   -0.359220  111.721   5.3070  1262.3   389.5   1.18401   1.14390
2321   27.870000    0.120000  317.463512   -0.817289   -0.366551  111.721   5.3070  1262.3   389.6   1.16786   1.13299
2322   27.870000    0.120000  316.506901   -0.832271   -0.373615  111.721   5.3070  1262.3   389.6   1.15183   1.12210
2323   27.870000    0.120000  315.560536   -0.846901   -0.380427  111.721   5.3070  1262.3   389.6   1.13593   1.11123
2324   27.870000    0.120000  314.624140   -0.861197   -0.387001  111.721   5.3070  1262.3   389.7   1.12015   1.10038
2325   27.870000    0.120000  313.697450   -0.875177   -0.393348  111.721   5.3070  1262.3   389.7   1.10449   1.08956
2326   27.870000    0.120000  312.780217   -0.888858   -0.399480  111.721   5.3070  1262.3   389.7   1.08894   1.07875
2327   27.870000    0.120000  311.872206   -0.902255   -0.405406  111.721   5.3070  1262.3   389.8   1.07350   1.06797
2328   27.870000    0.120000  310.973190   -0.915382   -0.411136  111.721   5.3070  1262.3   389.8   1.05817   1.05722
2329   27.870000    0.120000  310.082957   -0.928254   -0.416678  111.721   5.3070  1262.3   389.8   1.04295   1.04649
2330   27.870000    0.120000  309.201301   -0.940882   -0.422040  111.721   5.3070  1262.3   389.9   1.02784   1.03578
2331   27.870000    0.120000  308.328028   -0.953278   -0.427229  111.721   5.3070  1262.3   389.9   1.01282   1.02511
2332   27.870000    0.120000  307.462951   -0.965453   -0.432253  111.721   5.3070  1262.3   389.9   0.99790   1.01446
2333   27.870000    0.120000  306.605892   -0.977417   -0.437117  111.721   5.3070  1262.3   390.0   0.98309   1.00384
2334   27.870000    0.120000  305.756680   -0.989179   -0.441828  111.721   5.3070  1262.3   390.0   0.96836   0.99325
2335   27.870000    0.120000  304.915151   -1.000748   -0.446392  111.721   5.3070  1262.3   390.0   0.95373   0.98268
2336   27.870000    0.120000  304.081149   -1.012132   -0.450814  111.721   5.3070  1262.3   390.0   0.93919   0.97215
2337   27.870000    0.120000  303.254522   -1.023339   -0.455099  111.721   5.3070  1262.3   390.1   0.92474   0.96164
2338   27.870000    0.120000  302.435125   -1.034377   -0.459253  111.721   5.3070  1262.3   390.1   0.91038   0.95116
2339   27.870000    0.120000  301.622819   -1.045251   -0.463278  111.721   5.3070  1262.3   390.1   0.89610   0.94071
2340   27.870000    0.120000  300.817469   -1.055968   -0.467181  111.721   5.3070  1262.3   390.2   0.88191   0.93030
2341   27.870000    0.120000  300.018946   -1.066533   -0.470966  111.721   5.3070  1262.3   390.2   0.86780   0.91991
2342   27.870000    0.120000  299.227124   -1.076953   -0.474635  111.721   5.3070  1262.3   390.2   0.85378   0.90955
2343   27.870000    0.120000  298.441884   -1.087233   -0.478193  111.721   5.3070  1262.3   390.2   0.83983   0.89922
2344   27.870000    0.120000  297.663109   -1.097377   -0.481644  111.721   5.3070  1262.3   390.3   0.82596   0.88892
2345   27.870000    0.120000  296.890685   -1.107389   -0.484991  111.721   5.3070  1262.3   390.3   0.81217   0.87865
2346   27.870000    0.120000  296.124505   -1.117275   -0.488237  111.721   5.3070  1262.3   390.3   0.79846   0.86842
2347   27.870000    0.120000  295.364461   -1.127038   -0.491385  111.721   5.3070  1262.3   390.4   0.78482   0.85821
2348   27.870000    0.120000  294.610453   -1.136682   -0.494438  111.721   5.3070  1262.3   390.4   0.77125   0.84803
2349   27.870000    0.120000  293.862380   -1.146211   -0.497399  111.721   5.3070  1262.3   390.4   0.75776   0.83788
2350   27.870000    0.120000  293.120146   -1.155628   -0.500271  111.721   5.3070  1262.3   390.4   0.74434   0.82776
2351   27.870000    0.120000  292.383658   -1.164935   -0.503056  111.721   5.3070  1262.3   390.5   0.73099   0.81768
2352   27.870000    0.120000  291.652825   -1.174137   -0.505757  111.721   5.3070  1262.3   390.5   0.71771   0.80762
2353   27.870000    0.120000  290.927558   -1.183236   -0.508376  111.721   5.3070  1262.3   390.5   0.70449   0.79759
2354   27.870000    0.120000  290.207772   -1.192234   -0.510915  111.721   5.3070  1262.3   390.5   0.69135   0.78759
2355   27.870000    0.120000  289.493382   -1.201135   -0.513377  111.721   5.3070  1262.3   390.6   0.67827   0.77763
2356   27.870000    0.120000  288.784308   -1.209941   -0.515763  111.721   5.3070  1262.3   390.6   0.66526   0.76769
2357   27.870000    0.120000  288.080470   -1.218653   -0.518076  111.721   5.3070  1262.3   390.6   0.65231   0.75778
2358   27.870000    0.120000  287.381790   -1.227275   -0.520317  111.721   5.3070  1262.3   390.6   0.63942   0.74790
2359   27.870000    0.120000  286.688194   -1.235808   -0.522489  111.721   5.3070  1262.3   390.7   0.62660   0.73805
2360   27.870000    0.120000  285.999607   -1.244255   -0.524593  111.721   5.3070  1262.3   390.7   0.61384   0.72823
2361   27.870000    0.120000  285.315957   -1.252617   -0.526631  111.721   5.3070  1262.3   390.7   0.60115   0.71844
2362   27.870000    0.120000  284.637174   -1.260896   -0.528605  111.721   5.3070  1262.3   390.7   0.58851   0.70868
2363   27.870000    0.120000  283.963190   -1.269094   -0.530515  111.721   5.3070  1262.3   390.8   0.57593   0.69895
2364   27.870000    0.120000  283.293937   -1.277213   -0.532364  111.721   5.3070  1262.3   390.8   0.56341   0.68925
2365   27.870000    0.120000  282.629350   -1.285254   -0.534154  111.721   5.3070  1262.3   390.8   0.55095   0.67957
2366   27.870000    0.120000  281.969365   -1.293218   -0.535885  111.721   5.3070  1262.3   390.8   0.53855   0.66993
2367   27.870000    0.120000  281.313919   -1.301108   -0.537559  111.721   5.3070  1262.3   390.8   0.52620   0.66031
2368   27.870000    0.120000  280.662950   -1.308925   -0.539177  111.721   5.3070  1262.3   390.9   0.51391   0.65073
2369   27.870000    0.120000  280.016399   -1.316670   -0.540742  111.721   5.3070  1262.3   390.9   0.50167   0.64117
2370   27.870000    0.120000  279.374207   -1.324344   -0.542253  111.721   5.3070  1262.3   390.9   0.48949   0.63164
2371   27.870000    0.120000  278.736315   -1.331948   -0.543712  111.721   5.3070  1262.3   390.9   0.47737   0.62214
2372   27.870000    0.120000  278.102667   -1.339485   -0.545120  111.721   5.3070  1262.3   391.0   0.46529   0.61266
2373   27.870000    0.120000  277.473209   -1.346955   -0.546479  111.721   5.3070  1262.3   391.0   0.45327   0.60322
2374   27.870000    0.120000  276.847885   -1.354359   -0.547790  111.721   5.3070  1262.3   391.0   0.44131   0.59380
2375   27.870000    0.120000  276.226642   -1.361699   -0.549053  111.721   5.3070  1262.3   391.0   0.42939   0.58441
2376   27.870000    0.120000  275.609429   -1.368975   -0.550270  111.721   5.3070  1262.3   391.0   0.41752   0.57504
2377   27.870000    0.120000  274.996193   -1.376189   -0.551442  111.721   5.3070  1262.3   391.1   0.40571   0.56571
2378   27.870000    0.120000  274.386886   -1.383341   -0.552570  111.721   5.3070  1262.3   391.1   0.39394   0.55640
2379   27.870000    0.120000  273.781456   -1.390433   -0.553654  111.721   5.3070  1262.3   391.1   0.38222   0.54712
2380   27.870000    0.120000  273.179857   -1.397465   -0.554696  111.721   5.3070  1262.3   391.1   0.37056   0.53787
2381   27.870000    0.120000  272.582039   -1.404439   -0.555697  111.721   5.3070  1262.3   391.1   0.35894   0.52864
2382   27.870000    0.120000  271.987958   -1.411356   -0.556657  111.721   5.3070  1262.3   391.2   0.34736   0.51944
2383   27.870000    0.120000  271.397567   -1.418215   -0.557578  111.721   5.3070  1262.3   391.2   0.33584   0.51026
2384   27.870000    0.120000  270.810820   -1.425019   -0.558460  111.721   5.3070  1262.3   391.2   0.32436   0.50112
2385   27.870000    0.120000  270.227675   -1.431768   -0.559303  111.721   5.3070  1262.3   391.2   0.31293   0.49200
2386   27.870000    0.120000  269.648086   -1.438463   -0.560110  111.721   5.3070  1262.3   391.2   0.30154   0.48290
2387   27.870000    0.120000  269.072013   -1.445105   -0.560880  111.721   5.3070  1262.3   391.3   0.29020   0.47383
2388   27.870000    0.120000  268.499412   -1.451694   -0.561615  111.721   5.3070  1262.3   391.3   0.27890   0.46479
2389   27.870000    0.120000  267.930243   -1.458231   -0.562315  111.721   5.3070  1262.3   391.3   0.26764   0.45577
2390   27.870000    0.120000  267.364465   -1.464717   -0.562980  111.721   5.3070  1262.3   391.3   0.25643   0.44678
2391   27.870000    0.120000  266.802039   -1.471153   -0.563613  111.721   5.3070  1262.3   391.3   0.24527   0.43781
2392   27.870000    0.120000  266.242924   -1.477539   -0.564212  111.721   5.3070  1262.3   391.3   0.23414   0.42887
2393   27.870000    0.120000  265.687084   -1.483877   -0.564779  111.721   5.3070  1262.3   391.4   0.22306   0.41995
2394   27.870000    0.120000  265.134479   -1.490167   -0.565316  111.721   5.3070  1262.3   391.4   0.21202   0.41106
2395   27.870000    0.120000  264.585074   -1.496408   -0.565821  111.721   5.3070  1262.3   391.4   0.20102   0.40219
2396   27.870000    0.120000  264.038830   -1.502604   -0.566296  111.721   5.3070  1262.3   391.4   0.19006   0.39335
2397   27.870000    0.120000  263.495713   -1.508753   -0.566742  111.721   5.3070  1262.3   391.4   0.17914   0.38453
2398   27.870000    0.120000  262.955687   -1.514856   -0.567159  111.721   5.3070  1262.3   391.5   0.16826   0.37574
2399   27.870000    0.120000  262.418717   -1.520915   -0.567547  111.721   5.3070  1262.3   391.5   0.15742   0.36697
2400   27.870000    0.120000  261.884769   -1.526929   -0.567908  111.721   5.3070  1262.3   391.5   0.14662   0.35822
2401   27.870000    0.120000  261.353809   -1.532900   -0.568242  111.721   5.3070  1262.3   391.5   0.13586   0.34950
2402   27.870000    0.120000  260.825805   -1.538827   -0.568549  111.721   5.3070  1262.3   391.5   0.12513   0.34080
2403   27.870000    0.120000  260.300723   -1.544712   -0.568830  111.721   5.3070  1262.3   391.5   0.11445   0.33212
2404   27.870000    0.120000  259.778531   -1.550555   -0.569086  111.721   5.3070  1262.3   391.5   0.10380   0.32347
2405   27.870000    0.120000  259.259199   -1.556356   -0.569316  111.721   5.3070  1262.3   391.6   0.09319   0.31484
2406   27.870000    0.120000  258.742694   -1.562117   -0.569522  111.721   5.3070  1262.3   391.6   0.08262   0.30624
2407   27.870000    0.120000  258.228987   -1.567838   -0.569704  111.721   5.3070  1262.3   391.6   0.07208   0.29765
2408   27.870000    0.120000  257.718047   -1.573518   -0.569863  111.721   5.3070  1262.3   391.6   0.06158   0.28909
2409   27.870000    0.120000  257.209844   -1.579159   -0.569999  111.721   5.3070  1262.3   391.6   0.05111   0.28056
2410   27.870000    0.120000  256.704350   -1.584762   -0.570112  111.721   5.3070  1262.3   391.6   0.04068   0.27204
2411   27.870000    0.120000  256.201536   -1.590326   -0.570202  111.721   5.3070  1262.3   391.7   0.03029   0.26355
2412   27.870000    0.120000  255.701374   -1.595853   -0.570272  111.721   5.3070  1262.3   391.7   0.01993   0.25508
2413   27.870000    0.120000  255.203835   -1.601342   -0.570320  111.721   5.3070  1262.3   391.7   0.00960   0.24663
2414   27.870000    0.120000  254.708893   -1.606794   -0.570347  111.721   5.3070  1262.3   391.7  -0.00069   0.23820
2415   27.870000    0.120000  254.216520   -1.612210   -0.570354  111.721   5.3070  1262.3   391.7  -0.01095   0.22980
2416   27.870000    0.120000  253.726690   -1.617590   -0.570341  111.721   5.3070  1262.3   391.7  -0.02118   0.22142
2417   27.870000    0.120000  253.239377   -1.622934   -0.570308  111.721   5.3070  1262.3   391.7  -0.03137   0.21305
2418   27.870000    0.120000  252.754555   -1.628244   -0.570256  111.721   5.3070  1262.3   391.8  -0.04153   0.20471
2419   27.870000    0.120000  252.272199   -1.633519   -0.570186  111.721   5.3070  1262.3   391.8  -0.05165   0.19639
2420   27.870000    0.120000  251.792283   -1.638759   -0.570097  111.721   5.3070  1262.3   391.8  -0.06175   0.18810
2421   27.870000    0.120000  251.314783   -1.643966   -0.569990  111.721   5.3070  1262.3   391.8  -0.07181   0.17982
2422   27.870000    0.120000  250.839676   -1.649140   -0.569865  111.721   5.3070  1262.3   391.8  -0.08184   0.17156
2423   27.870000    0.120000  250.366936   -1.654280   -0.569724  111.721   5.3070  1262.3   391.8  -0.09184   0.16332
2424   27.870000    0.120000  249.896542   -1.659388   -0.569565  111.721   5.3070  1262.3   391.8  -0.10181   0.15511
2425   27.870000    0.120000  249.428468   -1.664464   -0.569390  111.721   5.3070  1262.3   391.9  -0.11175   0.14691
2426   27.870000    0.120000  248.962693   -1.669508   -0.569198  111.721   5.3070  1262.3   391.9  -0.12166   0.13874
2427   27.870000    0.120000  248.499195   -1.674521   -0.568991  111.721   5.3070  1262.3   391.9  -0.13153   0.13058
2428   27.870000    0.120000  248.037950   -1.679503   -0.568768  111.721   5.3070  1262.3   391.9  -0.14138   0.12245
2429   27.870000    0.120000  247.578938   -1.684454   -0.568529  111.721   5.3070  1262.3   391.9  -0.15120   0.11433
2430   27.870000    0.120000  247.122136   -1.689375   -0.568276  111.721   5.3070  1262.3   391.9  -0.16099   0.10624
2431   27.870000    0.120000  246.667524   -1.694265   -0.568008  111.721   5.3070  1262.3   391.9  -0.17075   0.09816
2432   27.870000    0.120000  246.215081   -1.699127   -0.567726  111.721   5.3070  1262.3   391.9  -0.18048   0.09010
2433   27.870000    0.120000  245.764786   -1.702717   -0.567267  111.721   5.3070  1262.3   392.0  -0.19018   0.08206
2434   27.870000    0.120000  245.326243   -1.706057   -0.566492  111.721   5.3070  1262.3   392.0  -0.19965   0.07407
2435   27.870000    0.120000  244.889314   -1.705421   -0.564956  111.721   5.3070  1262.3   392.0  -0.20910   0.06610
2436   27.870000    0.120000  244.492514   -1.698909   -0.561627  111.721   5.3070  1262.3   392.0  -0.21768   0.05825
2437   27.870000    0.120000  244.133890   -1.690680   -0.556109  111.721   5.3070  1262.3   392.0  -0.22545   0.05058
2438   27.870000    0.120000  243.811712   -1.680858   -0.548735  111.721   5.3070  1262.3   392.0  -0.23243   0.04313
2439   27.870000    0.120000  243.524460   -1.684596   -0.541775  111.721   5.3070  1262.3   392.0  -0.23866   0.03593
2440   27.870000    0.120000  243.155452   -1.704670   -0.539150  111.721   5.3070  1262.3   392.0  -0.24668   0.02878
2441   27.870000    0.120000  242.709485   -1.713515   -0.540270  111.721   5.3070  1262.3   392.0  -0.25641   0.02146
2442   27.870000    0.120000  242.306081   -1.708139   -0.540587  111.721   5.3070  1262.3   392.1  -0.26523   0.01410
2443   27.870000    0.120000  241.942927   -1.700888   -0.538106  111.721   5.3070  1262.3   392.1  -0.27316   0.00682
2444   27.870000    0.120000  241.617930   -1.691920   -0.533159  111.721   5.3070  1262.3   392.1  -0.28027  -0.00031
2445   27.870000    0.120000  241.329241   -1.681365   -0.526124  111.721   5.3070  1262.3   392.1  -0.28659  -0.00723
2446   27.870000    0.120000  241.075243   -1.669338   -0.517355  111.721   5.3070  1262.3   392.1  -0.29214  -0.01391
2447   27.870000    0.120000  240.854530   -1.655941   -0.507156  111.721   5.3070  1262.3   392.1  -0.29696  -0.02032
2448   27.870000    0.120000  240.665870   -1.641265   -0.495779  111.721   5.3070  1262.3   392.1  -0.30108  -0.02645
2449   27.870000    0.120000  240.508178   -1.640625   -0.485405  111.721   5.3070  1262.3   392.1  -0.30451  -0.03226
2450   27.870000    0.120000  240.265342   -1.656777   -0.479887  111.721   5.3070  1262.3   392.1  -0.30983  -0.03801
2451   27.870000    0.120000  239.942511   -1.677043   -0.480520  111.721   5.3070  1262.3   392.2  -0.31694  -0.04389
2452   27.870000    0.120000  239.544213   -1.701121   -0.486337  111.721   5.3070  1262.3   392.2  -0.32574  -0.05004
2453   27.870000    0.120000  239.074400   -1.713404   -0.494449  111.721   5.3070  1262.3   392.2  -0.33616  -0.05655
2454   27.870000    0.120000  238.651539   -1.710918   -0.500367  111.721   5.3070  1262.3   392.2  -0.34554  -0.06327
2455   27.870000    0.120000  238.272545   -1.706258   -0.502282  111.721   5.3070  1262.3   392.2  -0.35396  -0.07002
2456   27.870000    0.120000  237.934678   -1.689843   -0.499488  111.721   5.3070  1262.3   392.2  -0.36146  -0.07669
2457   27.870000    0.120000  237.708465   -1.665761   -0.490939  111.721   5.3070  1262.3   392.2  -0.36647  -0.08308
2458   27.870000    0.120000  237.545968   -1.643337   -0.477786  111.721   5.3070  1262.3   392.2  -0.37006  -0.08906
2459   27.870000    0.120000  237.444284   -1.602803   -0.459588  111.721   5.3070  1262.3   392.2  -0.37228  -0.09460
2460   27.870000    0.120000  237.515860   -1.541715   -0.433210  111.721   5.3070  1262.3   392.2  -0.37060  -0.09940
2461   27.870000    0.120000  237.752532   -1.473297   -0.397953  111.721   5.3070  1262.3   392.3  -0.36522  -0.10323
2462   27.870000    0.120000  238.147184   -1.398210   -0.355283  111.721   5.3070  1262.3   392.3  -0.35630  -0.10591
2463   27.870000    0.120000  238.693655   -1.332345   -0.308491  111.721   5.3070  1262.3   392.3  -0.34400  -0.10733
2464   27.870000    0.120000  239.271542   -1.294017   -0.264351  111.721   5.3070  1262.3   392.3  -0.33102  -0.10764
2465   27.870000    0.120000  239.766961   -1.273213   -0.228566  111.721   5.3070  1262.3   392.3  -0.31992  -0.10724
2466   27.870000    0.120000  240.186818   -1.241754   -0.199860  111.721   5.3070  1262.3   392.3  -0.31051  -0.10644
2467   27.870000    0.120000  240.652211   -1.181504   -0.170984  111.721   5.3070  1262.3   392.3  -0.30011  -0.10522
2468   27.870000    0.120000  241.277487   -1.087382   -0.133715  111.721   5.3070  1262.3   392.3  -0.28619  -0.10325
2469   27.870000    0.120000  242.171198   -0.954976   -0.081206  111.721   5.3070  1262.3   392.3  -0.26639  -0.10006
2470   27.870000    0.120000  243.437082   -0.795541   -0.009903  111.721   5.3070  1262.3   392.3  -0.23850  -0.09503
2471   27.870000    0.120000  245.059573   -0.623221    0.078956  111.721   5.3070  1262.3   392.3  -0.20297  -0.08772
2472   27.870000    0.120000  247.025539   -0.439658    0.182087  111.721   5.3070  1262.3   392.4  -0.16025  -0.07782
2473   27.870000    0.120000  249.324058   -0.246353    0.296595  111.721   5.3070  1262.3   392.4  -0.11075  -0.06513
2474   27.870000    0.120000  251.946141   -0.044685    0.420042  111.721   5.3070  1262.3   392.4  -0.05484  -0.04954
2475   27.870000    0.120000  254.884465    0.149953    0.548559  111.721   5.3070  1262.3   392.4   0.00712  -0.03094
2476   27.870000    0.120000  258.016827    0.334478    0.677105  111.721   5.3070  1262.3   392.4   0.07239  -0.00954
2477   27.870000    0.120000  261.343564    0.530920    0.804859  111.721   5.3070  1262.3   392.4   0.14084   0.01449
2478   27.870000    0.120000  264.955318    0.739512    0.934458  111.721   5.3070  1262.3   392.4   0.21417   0.04120
2479   27.870000    0.120000  268.842363    0.939318    1.065191  111.721   5.3070  1262.3   392.4   0.29198   0.07061
2480   27.870000    0.120000  272.905458    1.115710    1.191879  111.721   5.3070  1262.3   392.4   0.37211   0.10253
2481   27.870000    0.120000  277.029534    1.273015    1.309612  111.721   5.3070  1262.3   392.4   0.45224   0.13659
2482   27.870000    0.120000  281.193241    1.423643    1.417429  111.721   5.3070  1262.3   392.4   0.53194   0.17240
2483   27.870000    0.120000  285.416577    1.571903    1.517206  111.721   5.3070  1262.3   392.4   0.61158   0.20972
2484   27.870000    0.120000  289.715492    1.717868    1.611081  111.721   5.3070  1262.3   392.5   0.69144   0.24840
2485   27.870000    0.120000  294.102127    1.861450    1.700666  111.721   5.3070  1262.3   392.5   0.77173   0.28834
2486   27.870000    0.120000  298.585071    2.010645    1.788199  111.721   5.3070  1262.3   392.5   0.85254   0.32946
2487   27.870000    0.120000  303.252168    2.177837    1.878028  111.721   5.3070  1262.3   392.5   0.93540   0.37183
2488   27.870000    0.120000  308.221886    2.368485    1.975585  111.721   5.3070  1262.3   392.5   1.02223   0.41572
2489   27.870000    0.120000  313.609107    2.573427    2.084006  111.721   5.3070  1262.3   392.5   1.11479   0.46151
2490   27.870000    0.120000  319.406603    2.770873    2.200948  111.721   5.3070  1262.3   392.5   1.21263   0.50947
2491   27.870000    0.120000  325.489262    2.955097    2.320705  111.721   5.3070  1262.3   392.5   1.31340   0.55956
2492   27.870000    0.120000  331.820028    3.137022    2.439917  111.721   5.3070  1262.3   392.5   1.41629   0.61167
2493   27.870000    0.120000  338.429344    3.318091    2.558054  111.721   5.3070  1262.3   392.5   1.52163   0.66572
2494   27.870000    0.120000  345.301584    3.495476    2.674699  111.721   5.3070  1262.3   392.5   1.62900   0.72163
2495   27.870000    0.120000  352.436450    3.675554    2.790182  111.721   5.3070  1262.3   392.5   1.73824   0.77934
2496   27.870000    0.120000  359.904155    3.862536    2.906337  111.721   5.3070  1262.3   392.5   1.85023   0.83887
2497   27.870000    0.120000  367.751850    4.051521    3.024406  111.721   5.3070  1262.3   392.5   1.96544   0.90028
2498   27.870000    0.120000  375.976716    4.243132    3.144644  111.721   5.3070  1262.3   392.5   2.08357   0.96363
2499   27.870000    0.120000  384.638613    4.441742    3.267937  111.721   5.3070  1262.3   392.6   2.20522   1.02898
2500   27.870000    0.120000  393.796673    0.000000    0.000000  111.721   5.3070  1262.3   392.6   2.33089   1.09645
