YEAR CONCO2 CONCH4 CONN2O T2M CUMCO2 ANTCO2 ANTCH4 ANTN2O ANTNOx ANTCO ANTVOC ANTSO2 RADTTL RADANT RADAER RADCO2 RADCH4 RADN2O pH
1750   277.00   710.20   272.60   0.0000    0.06    0.0582      2.18    0.03    3.96   45.60   10.50    0.38  -0.0070  -0.0030  -0.0215   0.0000   0.0061   0.0089   8.1838
1751   277.07   710.98   272.61  -0.0040    0.18    0.1192      2.37    0.07    3.97   46.00   10.60    0.38  -0.0374  -0.0014  -0.0216   0.0013   0.0066   0.0090   8.1837
1752   277.14   711.73   272.63  -0.0090    0.30    0.1251      2.42    0.08    3.98   46.30   10.70    0.38  -0.0556   0.0004  -0.0218   0.0027   0.0070   0.0090   8.1837
1753   277.21   712.49   272.64  -0.0127    0.44    0.1326      2.97    0.08    3.98   46.70   10.70    0.38  -0.0509   0.0021  -0.0219   0.0040   0.0075   0.0091   8.1836
1754   277.28   713.22   272.66  -0.0163    0.58    0.1416      2.64    0.09    3.99   47.00   10.80    0.39  -0.0622   0.0038  -0.0220   0.0053   0.0079   0.0092   8.1835
1755   277.34   714.01   272.68  -0.0204    0.73    0.1520      3.81    0.09    4.00   47.30   10.80    0.39  -0.0725   0.0055  -0.0222   0.0066   0.0084   0.0092   8.1834
1756   277.41   714.80   272.70  -0.0236    0.89    0.1636      3.17    0.10    4.01   47.70   10.90    0.39  -0.0697   0.0073  -0.0223   0.0080   0.0089   0.0093   8.1833
1757   277.49   715.53   272.72  -0.0245    1.07    0.1727      3.87    0.10    4.02   48.10   11.00    0.39  -0.0520   0.0090  -0.0225   0.0094   0.0093   0.0094   8.1832
1758   277.56   716.30   272.74  -0.0241    1.25    0.1834      3.92    0.10    4.03   48.40   11.10    0.40  -0.0421   0.0109  -0.0226   0.0108   0.0098   0.0094   8.1831
1759   277.64   717.03   272.76  -0.0230    1.44    0.1962      4.08    0.11    4.04   48.80   11.10    0.40  -0.0322   0.0128  -0.0228   0.0123   0.0102   0.0095   8.1830
1760   277.72   717.81   272.78  -0.0202    1.65    0.2078      4.67    0.11    4.05   49.10   11.20    0.40  -0.0102   0.0148  -0.0229   0.0139   0.0107   0.0096   8.1829
1761   277.81   718.52   272.80  -0.0207    1.87    0.2184      4.19    0.11    4.06   49.50   11.20    0.40  -0.0432   0.0168  -0.0231   0.0156   0.0111   0.0096   8.1828
1762   277.90   719.22   272.82  -0.0201    2.10    0.2282      5.05    0.11    4.07   49.80   11.30    0.40  -0.0241   0.0189  -0.0232   0.0173   0.0115   0.0097   8.1827
1763   277.99   720.01   272.84  -0.0204    2.34    0.2412      5.14    0.12    4.07   50.10   11.40    0.41  -0.0359   0.0211  -0.0233   0.0191   0.0120   0.0098   8.1826
1764   278.09   720.72   272.87  -0.0225    2.60    0.2579      5.04    0.12    4.08   50.50   11.40    0.41  -0.0547   0.0233  -0.0235   0.0209   0.0124   0.0099   8.1825
1765   278.18   721.42   272.89  -0.0245    2.87    0.2746      5.55    0.12    4.09   50.80   11.50    0.41  -0.0535   0.0255  -0.0236   0.0228   0.0128   0.0099   8.1823
1766   278.28   722.11   272.91  -0.0363    3.16    0.2914      5.44    0.12    4.10   51.20   11.60    0.41  -0.1633   0.0277  -0.0238   0.0246   0.0132   0.0100   8.1822
1767   278.38   722.82   272.93  -0.0380    3.47    0.3084      6.08    0.12    4.11   51.50   11.60    0.41  -0.0641   0.0299  -0.0239   0.0265   0.0136   0.0101   8.1821
1768   278.48   723.60   272.95  -0.0303    3.80    0.3233      6.29    0.12    4.12   51.90   11.70    0.42   0.0114   0.0324  -0.0241   0.0285   0.0141   0.0102   8.1820
1769   278.60   724.32   272.98  -0.0215    4.13    0.3346      6.17    0.12    4.13   52.20   11.80    0.42   0.0331   0.0351  -0.0242   0.0308   0.0145   0.0102   8.1818
1770   278.73   725.01   273.00  -0.0128    4.48    0.3478      6.62    0.12    4.14   52.60   11.80    0.42   0.0558   0.0378  -0.0243   0.0332   0.0149   0.0103   8.1817
1771   278.86   725.61   273.02  -0.0072    4.84    0.3642      6.05    0.12    4.16   53.20   12.00    0.44   0.0411   0.0401  -0.0250   0.0357   0.0153   0.0104   8.1815
1772   279.00   726.12   273.04  -0.0050    5.22    0.3789      6.46    0.13    4.17   53.90   12.10    0.44   0.0199   0.0429  -0.0252   0.0383   0.0156   0.0105   8.1813
1773   279.13   726.71   273.07  -0.0062    5.61    0.3930      6.76    0.13    4.18   54.50   12.20    0.45  -0.0083   0.0457  -0.0255   0.0409   0.0159   0.0105   8.1812
1774   279.27   727.32   273.09  -0.0102    6.02    0.4068      6.95    0.13    4.20   55.10   12.40    0.45  -0.0405   0.0485  -0.0257   0.0435   0.0163   0.0106   8.1810
1775   279.40   727.91   273.11  -0.0140    6.44    0.4201      6.98    0.13    4.21   55.80   12.50    0.45  -0.0448   0.0512  -0.0260   0.0461   0.0166   0.0107   8.1808
1776   279.52   728.41   273.13  -0.0379    6.87    0.4325      6.83    0.13    4.23   56.50   12.70    0.46  -0.2664   0.0536  -0.0263   0.0484   0.0169   0.0108   8.1807
1777   279.64   729.00   273.16  -0.0354    7.32    0.4434      7.75    0.13    4.24   57.20   12.80    0.46  -0.0069   0.0561  -0.0265   0.0507   0.0173   0.0109   8.1805
1778   279.78   729.59   273.18  -0.0208    7.77    0.4530      7.18    0.13    4.26   57.80   13.00    0.46   0.0749   0.0589  -0.0268   0.0533   0.0176   0.0109   8.1804
1779   279.93   730.11   273.20  -0.0104    8.23    0.4622      7.68    0.13    4.27   58.50   13.10    0.47   0.0608   0.0618  -0.0271   0.0561   0.0179   0.0110   8.1802
1780   280.08   730.69   273.22  -0.0030    8.70    0.4717      7.79    0.13    4.29   59.20   13.30    0.47   0.0648   0.0648  -0.0274   0.0590   0.0183   0.0111   8.1800
1781   280.23   731.11   273.24  -0.0009    9.19    0.4828      7.11    0.14    4.30   59.70   13.40    0.49   0.0235   0.0675  -0.0279   0.0619   0.0185   0.0112   8.1798
1782   280.39   731.51   273.27   0.0029    9.68    0.4937      7.92    0.14    4.31   60.10   13.50    0.49   0.0566   0.0706  -0.0281   0.0649   0.0188   0.0112   8.1796
1783   280.52   732.00   273.29  -0.0379   10.18    0.5046      7.92    0.14    4.33   60.50   13.60    0.49  -0.4196   0.0734  -0.0283   0.0675   0.0190   0.0113   8.1794
1784   280.63   732.41   273.31  -0.0724   10.70    0.5137      7.70    0.14    4.34   60.90   13.60    0.50  -0.3704   0.0756  -0.0285   0.0695   0.0193   0.0114   8.1793
1785   280.74   732.82   273.34  -0.0633   11.22    0.5195      8.18    0.14    4.35   61.40   13.70    0.50  -0.0201   0.0779  -0.0286   0.0716   0.0195   0.0115   8.1792
1786   280.87   733.21   273.36  -0.0446   11.74    0.5230      7.85    0.14    4.36   61.80   13.80    0.50   0.0466   0.0806  -0.0288   0.0742   0.0198   0.0115   8.1790
1787   281.02   733.63   273.38  -0.0292   12.27    0.5260      8.58    0.14    4.37   62.30   13.90    0.51   0.0675   0.0835  -0.0290   0.0769   0.0200   0.0116   8.1788
1788   281.15   734.17   273.40  -0.0670   12.80    0.5338      8.81    0.15    4.38   62.70   14.00    0.51  -0.4518   0.0862  -0.0292   0.0794   0.0203   0.0117   8.1786
1789   281.26   734.52   273.43  -0.0816   13.34    0.5392      7.74    0.15    4.39   63.10   14.10    0.51  -0.2066   0.0884  -0.0293   0.0815   0.0205   0.0118   8.1785
1790   281.38   734.93   273.45  -0.0673   13.88    0.5366      9.40    0.15    4.40   63.60   14.20    0.51  -0.0012   0.0908  -0.0295   0.0838   0.0208   0.0119   8.1784
1791   281.52   735.60   273.47  -0.0445   14.41    0.5333      9.49    0.15    4.42   63.90   14.20    0.53   0.1024   0.0934  -0.0301   0.0864   0.0212   0.0119   8.1782
1792   281.67   736.23   273.50  -0.0290   14.94    0.5286      9.59    0.15    4.42   64.20   14.30    0.53   0.0736   0.0966  -0.0302   0.0892   0.0215   0.0120   8.1780
1793   281.82   736.90   273.52  -0.0178   15.46    0.5240     10.12    0.16    4.43   64.50   14.30    0.53   0.0808   0.0998  -0.0303   0.0921   0.0219   0.0121   8.1778
1794   281.97   737.62   273.55  -0.0107   15.98    0.5193     10.29    0.16    4.44   64.80   14.40    0.54   0.0600   0.1030  -0.0305   0.0949   0.0223   0.0122   8.1776
1795   282.11   738.30   273.57  -0.0050   16.50    0.5143     10.34    0.16    4.45   65.00   14.40    0.54   0.0651   0.1061  -0.0306   0.0976   0.0227   0.0123   8.1775
1796   282.25   738.92   273.59  -0.0017   17.01    0.5123     10.37    0.16    4.46   65.40   14.50    0.54   0.0471   0.1091  -0.0307   0.1003   0.0231   0.0124   8.1773
1797   282.39   739.61   273.62   0.0011   17.52    0.5142     11.12    0.16    4.47   65.70   14.50    0.56   0.0497   0.1117  -0.0312   0.1029   0.0235   0.0124   8.1771
1798   282.53   740.31   273.64   0.0029   18.04    0.5138     10.91    0.17    4.48   66.00   14.60    0.56   0.0396   0.1146  -0.0314   0.1055   0.0239   0.0125   8.1769
1799   282.66   740.91   273.67   0.0045   18.55    0.5120     10.90    0.17    4.49   66.40   14.60    0.56   0.0414   0.1174  -0.0315   0.1079   0.0243   0.0126   8.1768
1800   282.79   741.62   273.69   0.0058   19.06    0.5137     11.97    0.17    4.51   66.90   14.80    0.58   0.0387   0.1197  -0.0322   0.1104   0.0247   0.0127   8.1766
1801   282.92   742.50   273.72   0.0078   19.58    0.5166     12.30    0.18    4.52   67.30   14.80    0.58   0.0476   0.1226  -0.0323   0.1128   0.0252   0.0128   8.1765
1802   283.05   743.42   273.75   0.0116   20.10    0.5235     12.78    0.18    4.54   67.90   14.90    0.61   0.0677   0.1247  -0.0333   0.1152   0.0257   0.0129   8.1763
1803   283.18   744.40   273.78   0.0135   20.63    0.5298     13.16    0.18    4.55   68.50   15.10    0.60   0.0500   0.1280  -0.0332   0.1177   0.0263   0.0130   8.1761
1804   283.31   745.32   273.80   0.0137   21.17    0.5405     13.02    0.19    4.56   69.10   15.20    0.61   0.0389   0.1309  -0.0334   0.1202   0.0268   0.0131   8.1760
1805   283.44   746.21   273.83   0.0146   21.73    0.5530     13.56    0.19    4.58   69.70   15.30    0.61   0.0468   0.1338  -0.0337   0.1227   0.0274   0.0132   8.1758
1806   283.58   747.12   273.86   0.0156   22.30    0.5695     13.68    0.20    4.60   70.30   15.40    0.63   0.0464   0.1364  -0.0343   0.1253   0.0279   0.0133   8.1757
1807   283.72   748.02   273.89   0.0148   22.88    0.5891     14.05    0.20    4.61   70.90   15.50    0.63   0.0275   0.1395  -0.0346   0.1280   0.0284   0.0134   8.1755
1808   283.87   749.03   273.92   0.0137   23.50    0.6187     14.85    0.20    4.63   71.50   15.70    0.64   0.0238   0.1428  -0.0348   0.1309   0.0290   0.0135   8.1753
1809   283.84   750.14   273.95  -0.3734   24.15    0.6469     15.27    0.21    4.64   72.10   15.80    0.64  -4.0614   0.1426  -0.0351   0.1301   0.0297   0.0136   8.1753
1810   283.61   751.20   273.98  -0.5683   24.81    0.6645     15.22    0.21    4.66   72.80   15.90    0.64  -2.2762   0.1388  -0.0353   0.1259   0.0303   0.0137   8.1756
1811   283.47   751.98   274.01  -0.5074   25.50    0.6809     14.31    0.21    4.67   73.20   16.00    0.66  -0.5008   0.1362  -0.0359   0.1233   0.0307   0.0138   8.1758
1812   283.46   752.75   274.05  -0.4355   26.17    0.6794     15.61    0.22    4.69   73.60   16.00    0.66  -0.4446   0.1364  -0.0361   0.1230   0.0312   0.0139   8.1758
1813   283.50   753.70   274.08  -0.3881   26.84    0.6639     15.86    0.22    4.70   74.00   16.10    0.67  -0.3953   0.1377  -0.0362   0.1239   0.0317   0.0140   8.1757
1814   283.60   754.65   274.11  -0.3258   27.49    0.6517     16.19    0.23    4.71   74.50   16.20    0.67  -0.0689   0.1401  -0.0365   0.1257   0.0323   0.0141   8.1756
1815   283.55   755.82   274.15  -0.6530   28.15    0.6566     17.73    0.23    4.72   74.90   16.30    0.69  -4.0606   0.1394  -0.0370   0.1248   0.0329   0.0142   8.1757
1816   283.26   757.02   274.18  -0.9672   28.82    0.6755     17.05    0.23    4.74   75.40   16.40    0.70  -4.0129   0.1341  -0.0376   0.1192   0.0336   0.0144   8.1760
1817   283.01   757.77   274.21  -0.9024   29.51    0.6917     15.86    0.23    4.75   75.80   16.40    0.72  -0.9195   0.1295  -0.0382   0.1147   0.0341   0.0145   8.1763
1818   282.97   758.46   274.25  -0.7235   30.18    0.6641     17.24    0.24    4.77   76.20   16.50    0.72  -0.0559   0.1291  -0.0383   0.1139   0.0345   0.0146   8.1764
1819   283.05   759.40   274.28  -0.5845   30.77    0.5938     17.70    0.24    4.78   76.70   16.60    0.73   0.0031   0.1311  -0.0386   0.1154   0.0350   0.0147   8.1763
1820   283.18   760.35   274.32  -0.4858   31.30    0.5259     17.82    0.25    4.79   77.10   16.70    0.73   0.0170   0.1340  -0.0387   0.1178   0.0356   0.0148   8.1761
1821   283.33   761.30   274.35  -0.4123   31.76    0.4670     18.31    0.25    4.81   77.70   16.80    0.73   0.0212   0.1372  -0.0390   0.1205   0.0361   0.0150   8.1760
1822   283.47   762.24   274.39  -0.3672   32.18    0.4187     18.35    0.25    4.82   78.30   16.90    0.75  -0.1011   0.1399  -0.0396   0.1232   0.0367   0.0151   8.1758
1823   283.55   763.17   274.43  -0.4325   32.58    0.4011     18.82    0.26    4.84   78.90   17.00    0.77  -1.1506   0.1414  -0.0403   0.1247   0.0372   0.0152   8.1757
1824   283.58   764.14   274.46  -0.4257   32.97    0.3824     19.14    0.26    4.86   79.50   17.10    0.78  -0.3934   0.1426  -0.0405   0.1254   0.0377   0.0153   8.1756
1825   283.64   765.09   274.50  -0.3646   33.31    0.3399     19.35    0.27    4.88   80.00   17.20    0.79   0.0108   0.1438  -0.0411   0.1265   0.0383   0.0155   8.1756
1826   283.72   766.03   274.54  -0.3065   33.61    0.3004     19.60    0.28    4.89   80.60   17.40    0.80   0.0738   0.1458  -0.0414   0.1280   0.0388   0.0156   8.1755
1827   283.81   766.99   274.58  -0.2603   33.87    0.2673     20.03    0.28    4.91   81.30   17.50    0.82   0.0944   0.1474  -0.0420   0.1296   0.0394   0.0157   8.1754
1828   283.89   767.91   274.62  -0.2235   34.11    0.2346     20.01    0.29    4.93   81.90   17.60    0.82   0.0995   0.1495  -0.0423   0.1312   0.0399   0.0159   8.1753
1829   283.97   768.89   274.67  -0.1933   34.31    0.2033     20.86    0.30    4.94   82.50   17.70    0.82   0.1034   0.1514  -0.0425   0.1327   0.0405   0.0160   8.1752
1830   284.00   769.87   274.71  -0.2394   34.51    0.1960     20.61    0.30    4.97   83.20   17.90    0.92  -0.6489   0.1501  -0.0452   0.1333   0.0410   0.0162   8.1751
1831   283.95   770.76   274.75  -0.3561   34.70    0.1965     20.95    0.31    4.98   83.60   18.00    0.90  -1.3991   0.1499  -0.0450   0.1322   0.0415   0.0163   8.1752
1832   283.86   771.71   274.80  -0.3608   34.89    0.1810     21.50    0.31    5.00   84.10   18.00    0.91  -0.4172   0.1488  -0.0452   0.1306   0.0421   0.0165   8.1753
1833   283.82   772.69   274.84  -0.3038   35.04    0.1551     21.74    0.32    5.02   84.70   18.10    0.93   0.0161   0.1481  -0.0458   0.1298   0.0427   0.0166   8.1754
1834   283.82   773.60   274.89  -0.2502   35.18    0.1373     21.68    0.33    5.03   85.20   18.20    0.93   0.0866   0.1486  -0.0460   0.1298   0.0432   0.0168   8.1754
1835   283.76   774.52   274.94  -0.3621   35.31    0.1307     22.36    0.33    5.05   85.70   18.30    0.95  -1.5134   0.1476  -0.0466   0.1288   0.0437   0.0170   8.1754
1836   283.65   775.50   274.99  -0.4048   35.44    0.1327     22.60    0.34    5.07   86.30   18.50    1.01  -0.7766   0.1444  -0.0485   0.1266   0.0443   0.0171   8.1756
1837   283.58   776.50   275.03  -0.3494   35.57    0.1320     23.04    0.34    5.09   86.90   18.60    1.01  -0.0354   0.1436  -0.0487   0.1253   0.0448   0.0173   8.1757
1838   283.58   777.49   275.08  -0.2772   35.71    0.1380     23.19    0.35    5.11   87.50   18.70    1.03   0.1767   0.1437  -0.0494   0.1252   0.0454   0.0175   8.1757
1839   283.62   778.40   275.14  -0.2225   35.86    0.1490     23.14    0.36    5.13   88.10   18.80    1.05   0.1726   0.1446  -0.0500   0.1261   0.0459   0.0176   8.1756
1840   283.69   779.40   275.19  -0.1834   36.03    0.1661     24.33    0.37    5.15   88.70   18.90    1.08   0.1566   0.1456  -0.0510   0.1274   0.0465   0.0178   8.1755
1841   283.78   780.59   275.24  -0.1547   36.21    0.1877     24.78    0.38    5.17   89.30   19.10    1.10   0.1375   0.1475  -0.0517   0.1291   0.0472   0.0180   8.1754
1842   283.88   781.80   275.30  -0.1346   36.43    0.2143     25.21    0.39    5.19   89.90   19.20    1.14   0.1052   0.1492  -0.0527   0.1309   0.0478   0.0182   8.1753
1843   283.98   783.09   275.35  -0.1190   36.67    0.2410     25.95    0.39    5.21   90.50   19.30    1.16   0.0945   0.1515  -0.0534   0.1329   0.0486   0.0184   8.1752
1844   284.10   784.29   275.41  -0.1053   36.94    0.2704     25.51    0.40    5.23   91.20   19.40    1.19   0.0965   0.1535  -0.0544   0.1350   0.0493   0.0186   8.1750
1845   284.22   785.51   275.47  -0.0919   37.24    0.2998     26.79    0.41    5.25   91.80   19.60    1.25   0.1108   0.1548  -0.0563   0.1373   0.0500   0.0188   8.1749
1846   284.34   786.67   275.53  -0.0824   37.56    0.3196     25.93    0.42    5.27   92.30   19.70    1.26   0.0859   0.1579  -0.0565   0.1396   0.0506   0.0190   8.1747
1847   284.46   787.94   275.59  -0.0900   37.90    0.3408     28.08    0.43    5.29   92.90   19.80    1.30  -0.0814   0.1596  -0.0579   0.1419   0.0513   0.0192   8.1746
1848   284.58   789.13   275.65  -0.0772   38.26    0.3585     26.29    0.44    5.31   93.40   19.90    1.32   0.1302   0.1622  -0.0585   0.1441   0.0520   0.0194   8.1744
1849   284.71   790.49   275.72  -0.0593   38.63    0.3730     29.78    0.45    5.33   94.00   20.00    1.37   0.1622   0.1642  -0.0599   0.1466   0.0528   0.0196   8.1743
1850   284.85   791.46   275.78  -0.0436   39.02    0.3869     24.83    0.45    5.42   97.30   20.60    1.46   0.1756   0.1646  -0.0630   0.1492   0.0533   0.0198   8.1741
1851   284.99   792.19   275.85  -0.0322   39.41    0.3879     28.94    0.46    5.44   97.70   20.60    1.46   0.1578   0.1688  -0.0632   0.1519   0.0537   0.0201   8.1739
1852   285.14   793.83   275.92  -0.0234   39.82    0.4125     30.57    0.47    5.50   99.70   21.00    1.52   0.1516   0.1716  -0.0652   0.1546   0.0547   0.0203   8.1737
1853   285.29   795.14   275.98  -0.0164   40.24    0.4246     27.99    0.48    5.52  100.20   21.10    1.55   0.1443   0.1763  -0.0662   0.1573   0.0554   0.0205   8.1736
1854   285.42   796.90   276.05  -0.0302   40.68    0.4410     34.07    0.49    5.56  100.90   21.20    1.71  -0.0670   0.1770  -0.0705   0.1599   0.0564   0.0208   8.1734
1855   285.56   797.99   276.13  -0.0286   41.14    0.4509     25.13    0.50    5.58  101.40   21.30    1.74   0.0873   0.1803  -0.0715   0.1624   0.0570   0.0210   8.1732
1856   285.69   799.09   276.20  -0.0230   41.60    0.4660     34.81    0.51    5.62  102.20   21.50    1.82   0.0905   0.1825  -0.0738   0.1649   0.0576   0.0213   8.1731
1857   285.83   800.84   276.27  -0.0246   42.08    0.4772     29.64    0.52    5.64  103.00   21.60    1.84   0.0276   0.1866  -0.0745   0.1675   0.0586   0.0215   8.1729
1858   285.97   802.18   276.35  -0.0151   42.56    0.4842     33.42    0.53    5.66  103.80   21.70    1.86   0.1465   0.1905  -0.0752   0.1701   0.0594   0.0218   8.1727
1859   286.12   803.80   276.43  -0.0030   43.05    0.4916     32.10    0.54    5.70  104.60   21.90    1.94   0.1701   0.1941  -0.0775   0.1728   0.0603   0.0220   8.1725
1860   286.27   805.19   276.51   0.0083   43.56    0.5024     33.15    0.55    5.74  105.50   22.10    2.06   0.1865   0.1955  -0.0811   0.1757   0.0611   0.0223   8.1724
1861   286.43   806.79   276.59   0.0190   44.07    0.5127     34.09    0.56    5.78  106.50   22.30    2.13   0.2017   0.1987  -0.0831   0.1786   0.0619   0.0226   8.1722
1862   286.58   808.18   276.67   0.0280   44.56    0.4868     32.98    0.58    5.77  105.70   22.20    2.14   0.2007   0.2037  -0.0830   0.1815   0.0627   0.0229   8.1720
1863   286.73   809.84   276.75   0.0343   45.05    0.4983     36.56    0.59    5.81  106.50   22.40    2.25   0.1876   0.2056  -0.0861   0.1843   0.0636   0.0231   8.1718
1864   286.88   811.10   276.84   0.0385   45.56    0.5059     31.69    0.60    5.85  107.30   22.50    2.39   0.1755   0.2075  -0.0900   0.1870   0.0644   0.0234   8.1716
1865   287.02   812.98   276.92   0.0417   46.07    0.5103     40.96    0.61    5.89  108.10   22.70    2.50   0.1706   0.2096  -0.0931   0.1898   0.0654   0.0237   8.1714
1866   287.17   814.94   277.01   0.0447   46.59    0.5208     33.29    0.62    5.92  108.80   22.90    2.55   0.1682   0.2132  -0.0945   0.1925   0.0665   0.0240   8.1713
1867   287.32   816.10   277.10   0.0476   47.14    0.5480     37.51    0.63    5.96  109.60   23.10    2.68   0.1685   0.2145  -0.0980   0.1953   0.0671   0.0243   8.1711
1868   287.48   817.90   277.19   0.0516   47.71    0.5714     37.75    0.64    5.99  110.30   23.20    2.74   0.1820   0.2180  -0.0998   0.1982   0.0681   0.0246   8.1709
1869   287.64   819.07   277.28   0.0570   48.31    0.5970     34.96    0.65    6.03  111.10   23.40    2.87   0.1996   0.2196  -0.1033   0.2013   0.0688   0.0250   8.1707
1870   287.82   821.00   277.38   0.0635   48.93    0.6214     42.89    0.66    6.06  111.80   23.50    2.95   0.2150   0.2240  -0.1055   0.2045   0.0699   0.0253   8.1705
1871   288.01   822.92   277.47   0.0719   49.60    0.6738     36.11    0.68    6.12  113.20   23.90    3.11   0.2464   0.2254  -0.1101   0.2080   0.0709   0.0256   8.1702
1872   288.24   824.10   277.57   0.0790   50.41    0.8067     39.73    0.69    6.24  116.40   24.50    3.39   0.2426   0.2236  -0.1181   0.2123   0.0716   0.0259   8.1700
1873   288.50   825.89   277.67   0.0853   51.28    0.8693     40.39    0.70    6.30  117.60   24.80    3.55   0.2475   0.2265  -0.1225   0.2172   0.0726   0.0263   8.1696
1874   288.78   827.06   277.77   0.0900   52.19    0.9144     37.22    0.71    6.29  118.20   24.80    3.40   0.2373   0.2373  -0.1189   0.2223   0.0732   0.0266   8.1693
1875   289.08   829.01   277.88   0.0925   53.18    0.9873     45.54    0.73    6.36  119.40   25.10    3.63   0.2223   0.2403  -0.1248   0.2278   0.0743   0.0270   8.1690
1876   289.39   830.93   277.98   0.0933   54.23    1.0503     38.30    0.74    6.39  120.30   25.30    3.68   0.2060   0.2470  -0.1264   0.2336   0.0753   0.0273   8.1686
1877   289.72   832.14   278.09   0.0933   55.34    1.1128     42.61    0.75    6.42  121.30   25.50    3.73   0.1966   0.2536  -0.1279   0.2397   0.0760   0.0277   8.1682
1878   290.07   833.89   278.19   0.0938   56.51    1.1643     42.09    0.76    6.45  122.20   25.70    3.77   0.1972   0.2612  -0.1291   0.2461   0.0770   0.0280   8.1678
1879   290.43   835.13   278.30   0.0947   57.73    1.2240     40.74    0.78    6.52  123.30   26.00    3.99   0.1989   0.2639  -0.1350   0.2526   0.0777   0.0284   8.1673
1880   290.80   836.95   278.41   0.0951   59.03    1.2929     46.33    0.79    6.62  124.70   26.30    4.40   0.1915   0.2625  -0.1457   0.2595   0.0787   0.0288   8.1669
1881   291.20   839.05   278.53   0.0979   60.41    1.3883     43.49    0.80    6.68  126.50   26.70    4.52   0.2159   0.2699  -0.1492   0.2668   0.0798   0.0292   8.1664
1882   291.59   841.02   278.64   0.1009   61.71    1.2997     46.85    0.81    6.71  126.20   26.80    4.72   0.2167   0.2747  -0.1541   0.2740   0.0809   0.0296   8.1659
1883   291.93   843.34   278.75   0.0338   63.04    1.3310     46.83    0.82    6.78  127.40   27.10    4.98  -0.5192   0.2768  -0.1608   0.2801   0.0822   0.0299   8.1655
1884   292.15   845.21   278.87  -0.1573   64.39    1.3499     45.63    0.82    6.81  128.30   27.20    5.03  -1.8703   0.2817  -0.1624   0.2842   0.0832   0.0303   8.1653
1885   292.32   846.56   278.98  -0.1901   65.76    1.3707     44.95    0.83    6.84  129.10   27.40    5.08  -0.4624   0.2856  -0.1638   0.2873   0.0839   0.0307   8.1651
1886   292.56   848.05   279.10  -0.1338   67.10    1.3371     47.24    0.84    6.87  130.00   27.60    5.15   0.1132   0.2902  -0.1658   0.2917   0.0847   0.0311   8.1648
1887   292.83   850.01   279.21  -0.0772   68.36    1.2593     48.64    0.85    6.93  131.00   27.90    5.36   0.2282   0.2932  -0.1712   0.2966   0.0858   0.0315   8.1644
1888   293.11   852.02   279.33  -0.0374   69.56    1.1976     48.75    0.86    7.05  132.30   28.30    5.87   0.2289   0.2879  -0.1842   0.3017   0.0869   0.0319   8.1641
1889   293.38   854.02   279.45  -0.0081   70.67    1.1154     49.89    0.87    7.07  133.00   28.40    5.88   0.2380   0.2950  -0.1845   0.3066   0.0880   0.0323   8.1638
1890   293.61   855.77   279.57  -0.0447   71.78    1.1054     49.13    0.87    6.90  120.50   24.80    6.44  -0.3840   0.2910  -0.1951   0.3108   0.0889   0.0327   8.1635
1891   293.81   858.07   279.69  -0.0605   72.87    1.0903     54.64    0.89    6.98  122.40   25.30    6.73  -0.1492   0.2898  -0.2026   0.3144   0.0902   0.0331   8.1633
1892   294.01   860.91   279.81  -0.0376   73.92    1.0537     53.64    0.90    7.05  124.20   25.80    7.02   0.1530   0.2900  -0.2101   0.3180   0.0917   0.0335   8.1630
1893   294.21   863.06   279.93  -0.0040   74.93    1.0023     52.31    0.92    7.12  126.10   26.30    7.31   0.2758   0.2888  -0.2176   0.3218   0.0929   0.0339   8.1628
1894   294.42   864.93   280.06   0.0258   75.92    0.9916     53.32    0.94    7.19  128.00   26.80    7.60   0.3127   0.2877  -0.2250   0.3256   0.0939   0.0344   8.1625
1895   294.65   867.07   280.19   0.0493   76.91    0.9957     54.94    0.95    7.26  129.80   27.30    7.89   0.3170   0.2870  -0.2324   0.3297   0.0950   0.0348   8.1623
1896   294.88   869.96   280.32   0.0668   77.91    0.9997     58.92    0.97    7.33  131.70   27.70    8.18   0.3068   0.2868  -0.2398   0.3338   0.0966   0.0352   8.1620
1897   295.11   871.99   280.45   0.0779   78.94    1.0261     51.66    0.98    7.41  133.60   28.20    8.47   0.2753   0.2863  -0.2472   0.3380   0.0977   0.0357   8.1617
1898   295.35   874.07   280.58   0.0856   80.01    1.0726     60.47    0.99    7.48  135.40   28.70    8.77   0.2620   0.2870  -0.2545   0.3425   0.0988   0.0361   8.1614
1899   295.62   876.88   280.72   0.0920   81.16    1.1472     57.07    1.01    7.55  137.30   29.20    9.06   0.2585   0.2875  -0.2618   0.3473   0.1003   0.0366   8.1611
1900   295.91   879.12   280.86   0.0966   82.36    1.2040     58.78    1.02    7.62  139.20   29.70    9.35   0.2442   0.2882  -0.2690   0.3525   0.1015   0.0371   8.1608
1901   296.23   882.92   280.99   0.0994   83.69    1.3245     67.52    1.04    7.72  140.80   30.10    9.80   0.2316   0.2866  -0.2799   0.3582   0.1035   0.0375   8.1604
1902   296.56   887.01   281.13   0.0699   85.08    1.3887     62.84    1.05    7.83  142.40   30.50   10.25  -0.1094   0.2856  -0.2906   0.3642   0.1057   0.0380   8.1600
1903   296.82   890.96   281.28  -0.0869   86.58    1.5041     69.25    1.07    7.93  144.00   30.90   10.70  -1.4767   0.2843  -0.3014   0.3690   0.1078   0.0385   8.1597
1904   297.07   895.27   281.42  -0.1217   88.14    1.5589     67.39    1.09    8.04  145.60   31.30   11.14  -0.3520   0.2820  -0.3120   0.3734   0.1101   0.0390   8.1594
1905   297.38   900.05   281.57  -0.0791   89.76    1.6177     74.65    1.10    8.14  147.20   31.70   11.60   0.1351   0.2811  -0.3226   0.3790   0.1126   0.0395   8.1590
1906   297.76   904.86   281.72  -0.0330   91.41    1.6569     70.55    1.12    8.25  148.80   32.20   12.04   0.2496   0.2816  -0.3331   0.3858   0.1152   0.0400   8.1586
1907   298.18   909.06   281.87  -0.0125   93.12    1.7085     74.06    1.13    8.35  150.40   32.60   12.49   0.1134   0.2824  -0.3436   0.3933   0.1174   0.0405   8.1581
1908   298.60   913.84   282.02   0.0087   94.78    1.6586     76.46    1.15    8.45  152.10   33.00   12.94   0.2156   0.2836  -0.3540   0.4008   0.1199   0.0410   8.1576
1909   299.02   919.07   282.18   0.0290   96.45    1.6716     79.65    1.16    8.56  153.70   33.40   13.39   0.2351   0.2861  -0.3643   0.4083   0.1226   0.0415   8.1571
1910   299.44   923.81   282.33   0.0453   98.14    1.6854     76.80    1.18    8.66  155.30   33.80   13.84   0.2415   0.2875  -0.3746   0.4158   0.1251   0.0421   8.1566
1911   299.86   928.11   282.49   0.0583   99.77    1.6317     80.02    1.20    8.75  156.90   34.30   14.07   0.2413   0.2933  -0.3800   0.4232   0.1274   0.0426   8.1561
1912   300.24   932.81   282.65   0.0443  101.39    1.6233     81.67    1.22    8.83  158.60   34.80   14.30  -0.0182   0.2988  -0.3855   0.4300   0.1298   0.0431   8.1557
1913   300.60   938.14   282.82   0.0350  103.03    1.6384     86.47    1.24    8.92  160.20   35.20   14.53   0.0362   0.3042  -0.3909   0.4365   0.1326   0.0437   8.1553
1914   300.94   943.80   282.98   0.0518  104.55    1.5138     86.72    1.26    9.00  161.90   35.70   14.76   0.2625   0.3105  -0.3963   0.4425   0.1355   0.0443   8.1549
1915   301.26   949.13   283.15   0.0735  106.02    1.4755     88.00    1.27    9.09  163.50   36.20   14.99   0.3142   0.3152  -0.4017   0.4482   0.1382   0.0448   8.1545
1916   301.59   954.76   283.32   0.0964  107.55    1.5326     91.59    1.30    9.17  165.10   36.60   15.22   0.3803   0.3203  -0.4071   0.4541   0.1411   0.0454   8.1541
1917   301.95   960.08   283.50   0.1150  109.12    1.5712     89.54    1.32    9.26  166.80   37.10   15.46   0.3757   0.3257  -0.4125   0.4604   0.1438   0.0460   8.1537
1918   302.32   965.82   283.68   0.1329  110.66    1.5384     97.23    1.34    9.35  168.40   37.60   15.69   0.4135   0.3315  -0.4178   0.4668   0.1468   0.0466   8.1533
1919   302.65   972.07   283.86   0.1448  112.09    1.4295     95.84    1.36    9.43  170.10   38.00   15.92   0.3759   0.3369  -0.4231   0.4727   0.1500   0.0472   8.1529
1920   302.98   977.86   284.04   0.1525  113.67    1.5793     98.27    1.38    9.52  171.70   38.50   16.15   0.3592   0.3432  -0.4284   0.4786   0.1529   0.0478   8.1525
1921   303.33   983.06   284.22   0.1563  115.18    1.5090     95.84    1.39    9.63  173.90   39.20   16.41   0.3277   0.3477  -0.4345   0.4847   0.1555   0.0484   8.1521
1922   303.66   988.91   284.41   0.1462  116.75    1.5652    105.07    1.41    9.74  176.00   39.80   16.66   0.1852   0.3522  -0.4405   0.4905   0.1585   0.0490   8.1517
1923   304.02   995.01   284.59   0.1482  118.47    1.7261    100.77    1.42    9.85  178.10   40.40   16.92   0.3036   0.3576  -0.4464   0.4969   0.1615   0.0497   8.1513
1924   304.43  1000.97   284.78   0.1541  120.23    1.7548    107.82    1.43    9.96  180.30   41.10   17.18   0.3165   0.3635  -0.4524   0.5040   0.1645   0.0503   8.1508
1925   304.84  1007.00   284.97   0.1605  122.01    1.7873    104.65    1.44   10.07  182.40   41.70   17.44   0.3326   0.3706  -0.4583   0.5112   0.1675   0.0509   8.1503
1926   305.26  1013.04   285.15   0.1681  123.82    1.8073    111.43    1.44   10.19  184.50   42.30   17.69   0.3559   0.3769  -0.4642   0.5185   0.1705   0.0515   8.1499
1927   305.70  1018.95   285.34   0.1793  125.76    1.9363    107.48    1.45   10.30  186.60   43.00   17.95   0.4056   0.3836  -0.4701   0.5263   0.1735   0.0522   8.1493
1928   306.17  1025.08   285.52   0.1790  127.71    1.9486    116.08    1.46   10.41  188.80   43.60   18.21   0.2967   0.3907  -0.4761   0.5345   0.1765   0.0528   8.1488
1929   306.64  1030.92   285.71   0.1569  129.74    2.0304    109.39    1.46   10.52  190.90   44.30   18.47   0.0807   0.3977  -0.4819   0.5426   0.1794   0.0534   8.1483
1930   307.08  1036.18   285.90   0.1330  131.67    1.9341    116.12    1.46   10.63  193.00   44.90   18.73   0.2811   0.4041  -0.4878   0.5504   0.1820   0.0540   8.1478
1931   307.48  1041.91   286.08   0.1185  133.49    1.8186    115.22    1.46   10.73  195.00   45.50   18.92   0.2581   0.4121  -0.4923   0.5573   0.1848   0.0546   8.1473
1932   307.83  1047.15   286.26   0.2216  135.17    1.6836    116.51    1.45   10.83  197.00   46.20   19.12   0.3489   0.4179  -0.4969   0.5633   0.1874   0.0552   8.1469
1933   308.15  1052.91   286.43   0.2003  136.84    1.6653    121.23    1.44   10.92  199.00   46.80   19.32   0.3866   0.4236  -0.5014   0.5688   0.1902   0.0558   8.1465
1934   308.46  1058.15   286.61   0.1837  138.48    1.6459    116.83    1.43   11.02  200.90   47.40   19.51   0.4150   0.4290  -0.5059   0.5743   0.1927   0.0564   8.1462
1935   308.77  1062.97   286.78   0.1936  140.06    1.5794    121.80    1.42   11.12  202.90   48.10   19.71   0.4439   0.4339  -0.5105   0.5795   0.1951   0.0570   8.1458
1936   309.06  1068.15   286.94   0.1970  141.61    1.5435    121.72    1.40   11.22  204.90   48.70   19.91   0.4987   0.4397  -0.5150   0.5845   0.1976   0.0575   8.1455
1937   309.33  1073.00   287.10   0.2357  143.09    1.4809    122.79    1.37   11.31  206.90   49.30   20.11   0.4902   0.4442  -0.5195   0.5893   0.1999   0.0581   8.1452
1938   309.55  1078.16   287.25   0.1864  144.37    1.2788    126.27    1.35   11.41  208.80   50.00   20.30   0.5078   0.4478  -0.5240   0.5931   0.2024   0.0586   8.1449
1939   309.72  1082.90   287.39   0.1852  145.57    1.2081    123.35    1.33   11.51  210.80   50.60   20.50   0.5143   0.4503  -0.5285   0.5960   0.2047   0.0591   8.1448
1940   309.88  1088.10   287.54   0.3906  146.81    1.2322    131.58    1.32   11.60  212.80   51.20   20.70   0.5050   0.4530  -0.5329   0.5988   0.2072   0.0595   8.1446
1941   310.04  1093.88   287.68   0.4354  147.99    1.1783    129.84    1.40   11.84  215.10   52.20   21.20   0.4686   0.4496  -0.5437   0.6015   0.2099   0.0600   8.1444
1942   310.16  1099.19   287.85   0.3290  149.06    1.0755    132.50    1.47   12.07  217.50   53.10   21.71   0.4374   0.4464  -0.5544   0.6036   0.2125   0.0606   8.1442
1943   310.27  1103.92   288.02   0.2140  150.14    1.0825    129.81    1.51   12.31  219.80   54.10   22.22   0.4158   0.4418  -0.5651   0.6054   0.2147   0.0611   8.1441
1944   310.37  1109.21   288.19   0.2790  151.19    1.0506    138.77    1.54   12.54  222.10   55.10   22.73   0.4344   0.4374  -0.5757   0.6071   0.2172   0.0617   8.1440
1945   310.42  1114.75   288.38   0.2490  152.06    0.8617    134.63    1.57   12.77  224.50   56.00   23.23   0.4685   0.4325  -0.5863   0.6081   0.2199   0.0623   8.1440
1946   310.45  1120.08   288.56   0.3112  152.92    0.8618    141.00    1.63   13.01  226.80   57.00   23.74   0.4590   0.4270  -0.5968   0.6085   0.2224   0.0630   8.1439
1947   310.52  1126.70   288.76   0.3131  153.98    1.0640    145.39    1.69   13.24  229.20   57.90   24.25   0.4861   0.4241  -0.6072   0.6098   0.2255   0.0636   8.1438
1948   310.68  1133.09   288.97   0.2920  155.19    1.2121    143.81    1.74   13.47  231.50   58.90   24.75   0.5597   0.4217  -0.6176   0.6125   0.2285   0.0643   8.1437
1949   310.88  1139.73   289.19   0.3307  156.45    1.2549    150.77    1.79   13.71  233.80   59.80   25.26   0.5162   0.4202  -0.6279   0.6160   0.2316   0.0650   8.1434
1950   311.16  1147.10   289.41   0.1923  158.00    1.5550    152.15    1.82   13.94  236.20   60.80   25.77   0.5064   0.4204  -0.6383   0.6207   0.2351   0.0658   8.1431
1951   311.49  1154.77   289.64   0.2828  159.56    1.5558    157.01    1.85   14.38  241.50   63.20   26.94   0.4284   0.4144  -0.6619   0.6263   0.2386   0.0665   8.1427
1952   311.82  1163.12   289.87   0.3399  161.21    1.6471    160.80    1.87   14.82  246.80   65.60   28.11   0.4292   0.4092  -0.6852   0.6321   0.2425   0.0673   8.1424
1953   312.21  1172.78   290.11   0.3585  163.04    1.8380    169.67    1.90   15.25  252.20   68.00   29.28   0.3776   0.4046  -0.7083   0.6387   0.2470   0.0681   8.1419
1954   312.65  1182.05   290.35   0.2940  165.03    1.9817    164.39    1.95   15.69  257.50   70.30   30.45   0.3822   0.4022  -0.7312   0.6462   0.2512   0.0689   8.1414
1955   313.17  1191.85   290.60   0.2235  167.29    2.2638    178.33    2.00   16.13  262.90   72.70   31.63   0.4598   0.4018  -0.7538   0.6552   0.2557   0.0697   8.1408
1956   313.79  1202.09   290.86   0.1695  169.75    2.4560    172.85    2.03   16.56  268.20   75.10   32.80   0.4665   0.4035  -0.7762   0.6657   0.2604   0.0706   8.1402
1957   314.47  1212.99   291.11   0.2963  172.35    2.6026    188.27    2.02   17.00  273.60   77.50   33.97   0.5269   0.4069  -0.7985   0.6772   0.2653   0.0714   8.1394
1958   315.20  1224.07   291.36   0.3662  175.09    2.7463    180.36    2.01   17.44  278.90   79.90   35.14   0.5726   0.4106  -0.8204   0.6896   0.2703   0.0723   8.1386
1959   315.99  1235.01   291.61   0.3686  178.03    2.9380    194.03    2.02   17.88  284.20   82.30   36.31   0.5577   0.4167  -0.8422   0.7029   0.2753   0.0731   8.1377
1960   316.82  1247.03   291.86   0.2979  181.06    3.0296    193.17    2.03   18.31  289.60   84.60   37.49   0.5844   0.4244  -0.8638   0.7170   0.2806   0.0739   8.1368
1961   317.63  1259.04   292.11   0.3351  183.96    2.9012    201.19    2.10   18.92  293.90   88.00   38.97   0.5634   0.4274  -0.8902   0.7307   0.2860   0.0747   8.1359
1962   318.35  1272.01   292.38   0.2989  186.87    2.9023    206.29    2.20   19.52  298.30   91.40   40.45   0.4989   0.4299  -0.9163   0.7428   0.2917   0.0756   8.1350
1963   319.05  1285.00   292.67   0.2262  189.69    2.8247    209.21    2.33   20.12  302.60   94.80   41.93  -0.4511   0.4319  -0.9422   0.7544   0.2975   0.0766   8.1343
1964   319.74  1297.85   292.99   0.1745  192.63    2.9378    213.57    2.45   20.73  307.00   98.10   43.42  -0.2816   0.4354  -0.9677   0.7659   0.3031   0.0776   8.1336
1965   320.34  1312.01   293.33   0.2236  195.97    3.3392    224.77    2.60   21.33  311.30  101.50   44.90   0.2760   0.4390  -0.9930   0.7760   0.3093   0.0788   8.1328
1966   321.40  1325.99   293.69   0.2912  199.52    3.5505    221.09    2.75   21.93  315.70  104.90   46.38   0.4460   0.4510  -1.0181   0.7936   0.3153   0.0800   8.1318
1967   322.20  1340.11   294.08   0.2117  203.30    3.7808    234.11    2.86   22.54  320.00  108.30   47.86   0.4747   0.4597  -1.0428   0.8069   0.3214   0.0813   8.1308
1968   323.21  1354.98   294.49   0.2156  207.33    4.0279    234.10    2.97   23.14  324.40  111.60   49.34   0.3020   0.4720  -1.0674   0.8236   0.3278   0.0826   8.1296
1969   324.46  1370.12   294.92   0.2811  211.33    3.9995    244.66    3.07   23.74  328.70  115.00   50.83   0.2293   0.4903  -1.0917   0.8441   0.3343   0.0840   8.1284
1970   325.51  1385.92   295.37   0.2784  215.30    3.9709    246.99    3.20   24.35  333.10  118.40   52.31   0.4746   0.5066  -1.1158   0.8614   0.3410   0.0855   8.1273
1971   326.39  1401.07   295.84   0.1450  219.57    4.2721    250.57    3.32   25.02  337.70  121.70   53.39   0.5918   0.5268  -1.1335   0.8759   0.3474   0.0871   8.1261
1972   327.73  1416.93   296.33   0.3025  224.16    4.5942    260.52    3.45   25.69  342.30  125.00   54.47   0.5966   0.5556  -1.1512   0.8977   0.3540   0.0887   8.1248
1973   329.23  1433.03   296.85   0.3381  228.70    4.5395    261.72    3.59   26.36  346.90  128.30   55.55   0.6198   0.5868  -1.1687   0.9220   0.3607   0.0904   8.1234
1974   330.12  1448.89   297.39   0.1787  233.03    4.3229    269.01    3.75   27.03  351.60  131.60   56.63   0.5928   0.6098  -1.1862   0.9364   0.3673   0.0922   8.1221
1975   331.30  1464.96   297.97   0.2234  237.29    4.2610    272.65    4.00   27.70  356.20  134.90   57.71   0.3573   0.6383  -1.2035   0.9556   0.3739   0.0941   8.1209
1976   332.42  1480.88   298.59   0.2443  242.07    4.7821    278.07    4.23   28.38  360.80  138.20   58.79   0.5824   0.6664  -1.2207   0.9735   0.3804   0.0961   8.1196
1977   334.00  1496.97   299.26   0.4241  247.22    5.1547    283.49    4.46   29.05  365.40  141.50   59.87   0.7495   0.7025  -1.2379   0.9989   0.3870   0.0983   8.1182
1978   335.40  1513.92   299.96   0.4377  252.58    5.3576    292.80    4.66   29.72  370.00  144.80   60.95   0.8187   0.7357  -1.2549   1.0212   0.3939   0.1006   8.1166
1979   336.97  1529.99   300.68   0.4298  258.22    5.6408    288.78    4.63   30.39  374.60  148.20   62.03   0.9099   0.7719  -1.2718   1.0460   0.4003   0.1029   8.1149
1980   338.63  1547.04   301.39   0.4851  263.79    5.5644    308.30    4.71   31.06  379.30  151.50   63.11   0.9569   0.8029  -1.2887   1.0724   0.4072   0.1053   8.1132
1981   340.14  1566.99   302.12   0.4765  269.28    5.4973    315.39    4.86   31.50  383.60  154.40   63.82   0.9854   0.8334  -1.3000   1.0961   0.4151   0.1076   8.1116
1982   341.63  1586.45   302.86   0.4808  274.73    5.4438    316.51    4.84   31.94  388.00  157.40   64.53   0.2416   0.8666  -1.3113   1.1194   0.4228   0.1101   8.1100
1983   343.29  1606.20   303.60   0.5543  280.16    5.4322    327.84    4.90   32.38  392.30  160.30   65.24   0.1480   0.9000  -1.3226   1.1452   0.4306   0.1124   8.1086
1984   344.42  1624.68   304.33   0.3827  285.80    5.6445    320.05    4.89   32.82  396.70  163.30   65.95   0.7380   0.9260  -1.3338   1.1629   0.4378   0.1148   8.1072
1985   345.77  1637.97   305.07   0.4202  291.54    5.7318    308.12    4.95   33.26  401.10  166.30   66.67   0.9237   0.9547  -1.3450   1.1838   0.4430   0.1172   8.1056
1986   347.37  1650.28   305.79   0.4725  297.51    5.9715    321.88    4.93   33.70  405.40  169.20   67.38   0.9732   0.9872  -1.3562   1.2084   0.4477   0.1196   8.1040
1987   349.29  1662.93   306.54   0.6468  304.11    6.6063    316.96    5.14   34.14  409.80  172.20   68.09   1.0306   1.0256  -1.3673   1.2379   0.4526   0.1220   8.1022
1988   351.18  1673.59   307.36   0.5272  310.81    6.6993    317.57    5.73   34.58  414.20  175.10   68.80   1.1229   1.0629  -1.3784   1.2666   0.4567   0.1246   8.1003
1989   352.65  1683.99   308.22   0.4538  316.83    6.0192    321.51    5.62   35.02  418.50  178.10   69.51   1.2414   1.0934  -1.3894   1.2890   0.4607   0.1274   8.0985
1990   354.27  1693.40   309.00   0.6195  322.18    5.3500    317.75    5.04   35.46  422.90  181.00   70.22   1.2645   1.1255  -1.4005   1.3133   0.4643   0.1299   8.0971
1991   355.44  1702.91   309.70   0.6203  327.02    4.8418    327.67    4.84   35.77  426.70  181.60   70.72   0.3873   1.1513  -1.4084   1.3309   0.4679   0.1322   8.0959
1992   356.52  1710.77   310.37   0.5965  331.89    4.8611    314.02    4.91   36.08  430.60  182.10   71.22  -0.1008   1.1722  -1.4163   1.3472   0.4709   0.1343   8.0950
1993   357.50  1715.20   311.05   0.5824  337.50    5.6180    312.78    4.90   36.38  434.50  182.60   71.73   0.8392   1.1902  -1.4243   1.3618   0.4726   0.1365   8.0938
1994   359.03  1721.34   311.73   0.6303  344.14    6.6416    326.94    5.10   36.69  438.30  183.20   72.23   1.1868   1.2128  -1.4321   1.3846   0.4749   0.1387   8.0923
1995   360.84  1727.94   312.47   0.6439  350.86    6.7132    319.36    5.40   37.00  442.20  183.70   72.73   1.2272   1.2402  -1.4400   1.4114   0.4774   0.1411   8.0905
1996   362.49  1730.30   313.25   0.5710  357.34    6.4810    306.81    5.62   37.30  446.00  184.20   73.23   1.2393   1.2633  -1.4479   1.4358   0.4783   0.1436   8.0888
1997   364.33  1733.82   314.08   0.7148  364.26    6.9210    328.07    5.92   37.61  449.90  184.70   73.73   1.2921   1.2881  -1.4557   1.4628   0.4796   0.1462   8.0870
1998   366.63  1743.13   314.97   0.7890  371.31    7.0490    342.75    6.31   37.92  453.70  185.30   74.24   1.3836   1.3226  -1.4635   1.4964   0.4831   0.1491   8.0851
1999   368.12  1750.45   315.95   0.6315  378.36    7.0544    322.28    6.83   38.23  457.60  185.80   74.74   1.4402   1.3442  -1.4713   1.5180   0.4859   0.1522   8.0832
2000   370.13  1752.10   317.04   0.6924  386.00    7.6374    314.67    7.47   38.53  461.50  186.30   75.24   1.5052   1.3712  -1.4791   1.5471   0.4865   0.1556   8.0812
