YEAR EMICO2FF EMICO2LU EMICH4ANT EMIN2OANT MISFOR UPCO2OCN UPCO2LND CONCO2 CONCH4 CONN2O TEMP
1750     0.00000038     0.02396787     0.00067235     0.00186215     0.00000000     0.00000000     0.00000000     0.00000000     0.00000000     0.00000000     0.87524383
1751     0.00000153     0.09742990     0.00079645     0.00754072     0.00000000     0.00178285     0.00014155     0.00593532     0.00002121     0.00004038     0.30745004
1752     0.00000156     0.09897205     0.00082968     0.00778657     0.00000000     0.00253170     0.00048456     0.00200480     0.00005210     0.00023595     0.11444144
1753     0.00000163     0.10346546     0.00125251     0.00817034     0.00000000     0.00280275     0.00080642     0.01611794     0.00000438     0.00062809     0.31344515
1754     0.00000174     0.11071110     0.00099211     0.00822693     0.00000000     0.00342747     0.00119293     0.00811443     0.00002470     0.00055055     0.03986279
1755     0.00000191     0.12097892     0.00205911     0.00795992     0.00000000     0.00378630     0.00159419     0.02911419     0.00000484     0.00015726     0.01189266
1756     0.00000212     0.13432788     0.00142999     0.00785481     0.00000000     0.00423853     0.00182617     0.01808048     0.00000105     0.00000144     0.19558710
1757     0.00000225     0.14286045     0.00212846     0.00742139     0.00000000     0.00520679     0.00180083     0.01020901     0.00005539     0.00234463     0.40669171
1758     0.00000244     0.15512877     0.00218041     0.00670024     0.00000000     0.00594916     0.00164293     0.03584026     0.00000004     0.00133417     0.56286173
1759     0.00000272     0.17291391     0.00236616     0.00618313     0.00000000     0.00687952     0.00133969     0.02716589     0.00006057     0.00059914     0.37489201
1760     0.00000297     0.18855591     0.00309673     0.00585303     0.00000000     0.00838084     0.00119945     0.02142681     0.00000208     0.00014824     0.72682952
1761     0.00000319     0.20245293     0.00249310     0.00529248     0.00000000     0.00932051     0.00125718     0.01728876     0.00002363     0.00343076     0.54260331
1762     0.00000338     0.21476489     0.00361986     0.00454070     0.00000000     0.01087388     0.00135723     0.01406756     0.00002483     0.00210774     0.77430828
1763     0.00000372     0.23625660     0.00374863     0.00399191     0.00000000     0.01198419     0.00156056     0.05139492     0.00000619     0.00109793     0.45765298
1764     0.00000424     0.26915500     0.00361211     0.00361753     0.00000000     0.01319758     0.00194899     0.04838143     0.00001961     0.00040809     0.12887747
1765     0.00000479     0.30418477     0.00436649     0.00307672     0.00000000     0.01486862     0.00283898     0.04702681     0.00002143     0.00436365     0.72882163
1766     0.00000538     0.34182345     0.00419481     0.00241711     0.00000000     0.01572197     0.00432342     0.04491333     0.00000885     0.00280975     1.12612765
1767     0.00000602     0.38245295     0.00525103     0.00194252     0.00000000     0.01751094     0.00413731     0.04340108     0.00003900     0.00159947     0.78041280
1768     0.00000652     0.41382851     0.00561273     0.00161928     0.00000000     0.02116415     0.00257262     0.00988076     0.00000103     0.00072370     0.68139274
1769     0.00000688     0.43715838     0.00540074     0.00121736     0.00000000     0.02438819     0.00143743     0.01448584     0.00002357     0.00528093     0.03651111
1770     0.00000737     0.46789049     0.00623001     0.00077674     0.00000000     0.02872413     0.00088171     0.02271696     0.00001120     0.00354445     0.09792576
1771     0.00000801     0.50894046     0.00519013     0.00047713     0.00000000     0.03212794     0.00072341     0.03564361     0.00001124     0.00215800     0.53396990
1772     0.00000863     0.54811669     0.00593218     0.00028579     0.00000000     0.03515130     0.00098457     0.01279682     0.00004648     0.00111495     1.87848710
1773     0.00000924     0.58667994     0.00648530     0.00017423     0.00000000     0.03879709     0.00163999     0.02433971     0.00000643     0.00040952     1.52163604
1774     0.00000984     0.62508307     0.00686402     0.00006478     0.00000000     0.04106313     0.00264912     0.00632160     0.00002896     0.00434649     0.70040948
1775     0.00001043     0.66256597     0.00691176     0.00000198     0.00000000     0.04311935     0.00529462     0.01424582     0.00000244     0.00278267     1.46287014
1776     0.00001097     0.69685291     0.00662597     0.00001542     0.00000000     0.04340074     0.00899755     0.00081652     0.00001349     0.00157128     1.54861006
1777     0.00001142     0.72490920     0.00827643     0.00006181     0.00000000     0.04662726     0.00736966     0.00278444     0.00000081     0.00070049     0.03089817
1778     0.00001176     0.74704415     0.00681281     0.00017638     0.00000000     0.05336061     0.00386263     0.00051970     0.00000297     0.00519867     0.01017005
1779     0.00001208     0.76736228     0.00750841     0.00041207     0.00000000     0.05841921     0.00236563     0.00100474     0.00001745     0.00346192     0.06579391
1780     0.00001243     0.78953816     0.00739435     0.00068209     0.00000000     0.06281111     0.00198871     0.00064118     0.00000845     0.00208671     0.00974261
1781     0.00001284     0.81519325     0.00575957     0.00094596     0.00000000     0.06831385     0.00207520     0.00143767     0.00000538     0.00105739     0.33895029
1782     0.00001331     0.84524392     0.00694133     0.00117742     0.00000000     0.06884820     0.00512658     0.00022071     0.00000534     0.00037033     0.06946099
1783     0.00001380     0.87631452     0.00655648     0.00156475     0.00000000     0.06518307     0.01704400     0.00070412     0.00000161     0.00420089     0.12707997
1784     0.00001414     0.89792158     0.00578343     0.00215413     0.00000000     0.06242448     0.02587227     0.00700345     0.00000561     0.00265553     0.58560182
1785     0.00001421     0.90227704     0.00625108     0.00272702     0.00000000     0.06656409     0.01788328     0.00475958     0.00001842     0.00146587     0.04821228
1786     0.00001408     0.89407238     0.00526242     0.00325281     0.00000000     0.07449667     0.00924720     0.02175892     0.00000342     0.00062417     1.28413774
1787     0.00001391     0.88362707     0.00616334     0.00367766     0.00000000     0.07597394     0.01010694     0.00862485     0.00006500     0.00013412     0.23725082
1788     0.00001415     0.89840596     0.00615376     0.00401507     0.00000000     0.07332778     0.02032635     0.00193736     0.00002779     0.00020242     0.01362816
1789     0.00001418     0.90058540     0.00390769     0.00459822     0.00000000     0.07250452     0.02270085     0.02687729     0.00002999     0.00186254     1.77775040
1790     0.00001355     0.86031726     0.00628254     0.00540594     0.00000000     0.07739222     0.01327920     0.06551534     0.00008071     0.00086384     0.78222665
1791     0.00001280     0.81288697     0.00594436     0.00606960     0.00000000     0.08477651     0.00625426     0.04425327     0.00000006     0.00024363     1.65354461
1792     0.00001204     0.76463848     0.00561378     0.00654724     0.00000000     0.08905257     0.00338768     0.07372319     0.00007086     0.00000283     1.27866886
1793     0.00001131     0.71818867     0.00603065     0.00726557     0.00000000     0.09175616     0.00239853     0.04520868     0.00000007     0.00216025     0.38827639
1794     0.00001060     0.67288841     0.00579096     0.00826836     0.00000000     0.09509354     0.00209745     0.07470264     0.00003185     0.00104134     0.38316080
1795     0.00000988     0.62740312     0.00533254     0.00907820     0.00000000     0.09591650     0.00204223     0.04857081     0.00000009     0.00032565     0.06288575
1796     0.00000940     0.59687277     0.00484414     0.00966470     0.00000000     0.09815947     0.00226232     0.02963396     0.00002973     0.00001356     0.09753515
1797     0.00000912     0.57921987     0.00555724     0.01001020     0.00000000     0.09849412     0.00257950     0.01627620     0.00000422     0.00011967     0.08518809
1798     0.00000876     0.55630993     0.00461883     0.01067160     0.00000000     0.09843645     0.00292318     0.04165050     0.00001686     0.00109676     2.31100546
1799     0.00000832     0.52824526     0.00404401     0.01161657     0.00000000     0.09985805     0.00324331     0.02783173     0.00000551     0.00028013     0.68302059
1800     0.00000804     0.51083184     0.00518890     0.01225076     0.00000000     0.09968014     0.00345921     0.01758003     0.00003327     0.00000774     0.09159862
1801     0.00000791     0.50229896     0.00513336     0.01261849     0.00000000     0.10009574     0.00332601     0.00989723     0.00000008     0.00013159     0.01682672
1802     0.00000791     0.50214443     0.00530297     0.01271720     0.00000000     0.10281073     0.00320682     0.00417638     0.00004379     0.00068261     0.00431884
1803     0.00000805     0.51099180     0.00528542     0.01307888     0.00000000     0.10371373     0.00336293     0.00077405     0.00000001     0.00017599     0.19149479
1804     0.00000835     0.53012524     0.00437163     0.01370549     0.00000000     0.10668044     0.00370219     0.00009866     0.00002969     0.00000391     0.00510728
1805     0.00000884     0.56122570     0.00457704     0.01404975     0.00000000     0.10860527     0.00394548     0.00255513     0.00000833     0.00030513     0.00145285
1806     0.00000955     0.60637310     0.00410736     0.01411327     0.00000000     0.11123787     0.00426633     0.00922403     0.00002996     0.00110945     0.00730071
1807     0.00001058     0.67160566     0.00401405     0.01445518     0.00000000     0.11667294     0.00472628     0.02158911     0.00002483     0.00002397     1.23597220
1808     0.00001244     0.78970505     0.00458209     0.01505390     0.00000000     0.08337098     0.08630325     0.10462810     0.00005200     0.00013323     0.08033606
1809     0.00001432     0.90937696     0.00452653     0.01560963     0.00000000     0.02790415     0.54641031     0.00159849     0.00028621     0.00004988     0.10581615
1810     0.00001540     0.97817278     0.00375091     0.01631229     0.00000000     0.01030411     0.77050860     0.00315749     0.00079975     0.00012776     0.20067448
1811     0.00001633     1.03710427     0.00199884     0.01709040     0.00000000     0.01563074     0.44119291     0.00935587     0.00016983     0.00000394     0.23090534
1812     0.00001575     1.00015329     0.00296308     0.01766825     0.00000000     0.02531449     0.21391674     0.27276254     0.00020201     0.00063767     2.30383450
1813     0.00001399     0.88845834     0.00266299     0.01775898     0.00000000     0.03308053     0.10731397     0.21829156     0.00000001     0.00183700     0.17329567
1814     0.00001259     0.79949663     0.00245250     0.01805881     0.00000000     0.02215574     0.18170673     0.22132347     0.00019960     0.00004118     0.27993166
1815     0.00001250     0.79397671     0.00382735     0.01888013     0.00000000     0.00051741     0.75088112     0.01756963     0.00025044     0.00003780     0.28113112
1816     0.00001354     0.85991116     0.00225867     0.01981794     0.00000000     0.00521978     1.21911598     0.04789677     0.00135818     0.00011497     0.39637209
1817     0.00001439     0.91368337     0.00073005     0.02086529     0.00000000     0.00168550     0.70882772     0.10220609     0.00035500     0.00000302     0.60387396
1818     0.00001177     0.74743327     0.00137042     0.02171260     0.00000000     0.00075516     0.21476309     1.76104282     0.00031981     0.00065391     7.63351096
1819     0.00000672     0.42671388     0.00129270     0.02196743     0.00000000     0.00527605     0.04731644     1.82828435     0.00000098     0.00197386     7.85383545
1820     0.00000317     0.20141426     0.00094562     0.02229419     0.00000000     0.01023042     0.00555194     1.44282684     0.00017574     0.00008466     3.27447011
1821     0.00000114     0.07257717     0.00088919     0.02272000     0.00000000     0.01311305     0.00000439     1.05925380     0.00000083     0.00082079     0.85306310
1822     0.00000022     0.01366702     0.00054262     0.02258881     0.00000000     0.01078551     0.00062618     0.74439650     0.00011549     0.00234680     3.43854539
1823     0.00000004     0.00258765     0.00047970     0.02277697     0.00000000     0.00626488     0.01296695     0.04921960     0.00000503     0.00001264     0.21245672
1824     0.00000000     0.00024751     0.00034359     0.02313852     0.00000000     0.00498607     0.01169081     0.71430471     0.00010232     0.00120781     3.71384941
1825     0.00000036     0.02305659     0.00018947     0.02275626     0.00000000     0.00683212     0.00052504     0.59819174     0.00000719     0.00310500     4.42398936
1826     0.00000120     0.07652379     0.00008876     0.02242186     0.00000000     0.00793012     0.00198354     0.46083996     0.00005888     0.00051870     3.21408207
1827     0.00000235     0.14939506     0.00004860     0.02212029     0.00000000     0.00818236     0.00714086     0.33349365     0.00001635     0.00199645     0.16743829
1828     0.00000382     0.24227865     0.00000072     0.02119405     0.00000000     0.00821767     0.01153808     0.35598093     0.00001402     0.00450683     1.92624111
1829     0.00000556     0.35290929     0.00000254     0.02033954     0.00000000     0.00562483     0.00621128     0.25703951     0.00000978     0.00128270     0.00401619
1830     0.00000656     0.41666628     0.00008553     0.02023893     0.00000000     0.00113862     0.00303080     0.01364266     0.00002273     0.00022043     0.13506325
1831     0.00000676     0.42918511     0.00017334     0.02057471     0.00000000     0.00025169     0.03451584     0.01774725     0.00000849     0.00005214     0.17419828
1832     0.00000800     0.50802797     0.00021775     0.02031448     0.00000000     0.00104032     0.02557467     0.26734315     0.00000447     0.00282642     1.18101059
1833     0.00001013     0.64350877     0.00040619     0.01975788     0.00000000     0.00052095     0.00233199     0.10855497     0.00001103     0.00055587     1.63668004
1834     0.00001181     0.75011360     0.00085001     0.01918571     0.00000000     0.00162420     0.00254532     0.04554996     0.00000035     0.00239071     0.06947148
1835     0.00001280     0.81256856     0.00087452     0.01879881     0.00000000     0.00787107     0.02993700     0.00011931     0.00003279     0.00034872     0.00634210
1836     0.00001336     0.84866332     0.00124678     0.01895605     0.00000000     0.01231021     0.03608864     0.00024380     0.00004897     0.00013497     0.00225942
1837     0.00001383     0.87825517     0.00150012     0.01831261     0.00000000     0.00952646     0.00469088     0.00847607     0.00000031     0.00533527     0.10696499
1838     0.00001383     0.87815712     0.00209271     0.01718669     0.00000000     0.00538981     0.00255913     0.04317661     0.00000546     0.00210024     0.00054443
1839     0.00001342     0.85244502     0.00305420     0.01608997     0.00000000     0.00317107     0.01487530     0.06733784     0.00000039     0.00543009     0.51866407
1840     0.00001268     0.80546976     0.00251850     0.01499939     0.00000000     0.00185471     0.02484239     0.11751151     0.00000129     0.00229403     0.71486769
1841     0.00001148     0.72885490     0.00290987     0.01388036     0.00000000     0.00084854     0.02941570     0.19890190     0.00001115     0.00596687     0.39788700
1842     0.00001005     0.63806001     0.00337671     0.01272119     0.00000000     0.00037333     0.02989613     0.19716228     0.00000008     0.00280018     1.05454868
1843     0.00000864     0.54854777     0.00344864     0.01201844     0.00000000     0.00004908     0.02804311     0.20327410     0.00001406     0.00085449     0.00267316
1844     0.00002894     0.45939073     0.00540743     0.01123943     0.00000000     0.00001018     0.02604269     0.21705057     0.00001221     0.00366227     1.08234191
1845     0.00002426     0.38512778     0.00459245     0.01043630     0.00000000     0.00017545     0.02386968     0.13864391     0.00000593     0.00144482     0.58826115
1846     0.00002113     0.33552368     0.00771082     0.00962182     0.00000000     0.00049281     0.01852532     0.08076818     0.00005339     0.00497221     1.32673276
1847     0.00001852     0.29399422     0.00520052     0.00873760     0.00000000     0.00071329     0.01346916     0.09387348     0.00011198     0.00242726     1.61822169
1848     0.00001633     0.25929642     0.01069142     0.00774122     0.00000000     0.00130838     0.01437295     0.04494488     0.00040555     0.00691693     0.46696491
1849     0.00001519     0.24121489     0.00518176     0.00668462     0.00000000     0.00260817     0.01771814     0.01752583     0.00060429     0.00403139     2.79876157
1850     0.00001435     0.22782540     0.01994521     0.00600169     0.00000000     0.00370858     0.01927478     0.03238262     0.00164111     0.00198203     0.16872041
1851     0.00001373     0.21107224     0.01052204     0.00528816     0.00000000     0.00516994     0.01914647     0.01249927     0.00274132     0.00649178     3.09735890
1852     0.00001317     0.25076416     0.00877471     0.00449452     0.00000000     0.00645175     0.01800567     0.02674164     0.00236950     0.00395846     2.97805280
1853     0.00001194     0.22408224     0.01820468     0.00389957     0.00000000     0.00728963     0.01372648     0.04797229     0.00147297     0.00210994     0.08517400
1854     0.00002417     0.20163339     0.00535382     0.00320864     0.00000000     0.00803329     0.00862184     0.02128017     0.00072995     0.00705884     0.00223107
1855     0.00002185     0.17963660     0.03629792     0.00247142     0.00000000     0.00883955     0.00706116     0.03361150     0.00000916     0.00469633     0.14692965
1856     0.00001993     0.16628185     0.00742340     0.00193423     0.00000000     0.00998763     0.00673974     0.01190981     0.00058070     0.00290039     0.00624932
1857     0.00001834     0.15524653     0.02523828     0.00137288     0.00000000     0.01163812     0.00617308     0.02337928     0.00199097     0.00889667     0.40176014
1858     0.00001710     0.14893891     0.01562113     0.00083913     0.00000000     0.01324998     0.00740038     0.00665670     0.00249644     0.00659978     0.14079690
1859     0.00001717     0.15170809     0.02306026     0.00048536     0.00000000     0.01603152     0.00952027     0.00036343     0.00334359     0.00475984     0.77880465
1860     0.00003054     0.15394485     0.02274722     0.00025077     0.00000000     0.01829087     0.01127752     0.00661661     0.00303149     0.00330522     0.04943078
1861     0.00003016     0.15855300     0.02286903     0.00006248     0.00000000     0.01997398     0.01232336     0.00101737     0.00363870     0.01023458     0.26558638
1862     0.00002968     0.12731807     0.03101432     0.00000240     0.00000000     0.02153959     0.01258750     0.00912753     0.00248595     0.00834740     2.08570839
1863     0.00002767     0.11872103     0.02105706     0.00009990     0.00000000     0.02241182     0.01198384     0.02329439     0.00205042     0.00681418     0.08143271
1864     0.00002787     0.11956304     0.04626958     0.00031011     0.00000000     0.02432590     0.01089812     0.00847681     0.00080554     0.00556963     1.47581698
1865     0.00004597     0.12622128     0.01360560     0.00059701     0.00000000     0.30829944     0.03385821     0.02166809     0.00002596     0.00455298     0.09601325
1866     0.00004022     0.11043766     0.04847536     0.00093204     0.00000000     0.19955438     0.02437905     0.04047165     0.00028131     0.00372261     0.35556960
1867     0.00002903     0.07848108     0.03314380     0.00131771     0.00000000     0.11257105     0.05487606     0.06763463     0.00074802     0.00304602     0.00482471
1868     0.00001866     0.05046105     0.03671036     0.00194778     0.00000000     0.07635035     0.02276738     0.10754665     0.00084773     0.01091402     0.29316569
1869     0.00001560     0.02885112     0.05631825     0.00293211     0.00000000     0.06504630     0.00934439     0.08278039     0.00034248     0.01004840     0.01342217
1870     0.00000670     0.01238579     0.02415928     0.00410758     0.00000000     0.05177382     0.01567474     0.14131205     0.00000156     0.00940524     0.00345045
1871     0.00000103     0.00204700     0.06191540     0.00546776     0.00000000     0.03164583     0.01184750     0.13280734     0.00049915     0.00897334     0.24784912
1872     0.00000043     0.00084041     0.04781503     0.00701261     0.00000000     0.02656797     0.07384748     0.15763544     0.00078961     0.00873620     0.00141778
1873     0.00000751     0.01530112     0.05008708     0.00876395     0.00000000     0.05190719     0.05844358     0.22364675     0.00097688     0.00867429     0.29616486
1874     0.00002606     0.05378981     0.07539252     0.01074062     0.00000000     0.05325054     0.02113462     0.20219109     0.00032146     0.00878599     0.91673277
1875     0.00007353     0.11912378     0.03554854     0.01291214     0.00000000     0.04304554     0.05141666     0.19849648     0.00000230     0.00907402     1.81520321
1876     0.00012833     0.21049036     0.08307306     0.01521898     0.00000000     0.04702732     0.01258333     0.21463270     0.00043860     0.00954279     2.68127621
1877     0.00019216     0.32302367     0.06266981     0.01759074     0.00000000     0.05843584     0.01960366     0.14558128     0.00161260     0.01019751     0.11641070
1878     0.00025612     0.43579962     0.07287039     0.02013456     0.00000000     0.06504059     0.03498296     0.09960313     0.00098945     0.01104945     2.57890317
1879     0.00032045     0.55189897     0.08988918     0.02310920     0.00000000     0.07674314     0.03274189     0.07045370     0.00127011     0.01213822     0.09645977
1880     0.00047245     0.65849636     0.06099614     0.02578156     0.00000000     0.10747487     0.08500149     0.01376630     0.00020250     0.00380967     0.13608046
1881     0.00063036     0.78103941     0.08684277     0.02793485     0.00000000     0.12631553     0.04377929     0.00000093     0.00019900     0.00466924     0.00112590
1882     0.00064466     0.69355207     0.07216169     0.03033322     0.00000000     0.13733375     0.00686574     0.01647596     0.00002110     0.00570588     0.01919366
1883     0.00081055     0.72949610     0.08012920     0.03179859     0.00000000     0.08739717     0.02927192     0.00263478     0.00058596     0.00043295     0.00007610
1884     0.00087186     0.78467408     0.09708828     0.03212902     0.00000000     0.03940555     0.30381863     0.01791253     0.00021832     0.00051919     0.11897593
1885     0.00092162     0.83953907     0.11158853     0.03239474     0.00000000     0.02952417     0.25220858     0.04031075     0.00155157     0.00061414     0.17495462
1886     0.00076374     0.69572196     0.10321284     0.03335465     0.00000000     0.03985550     0.06062294     0.76965269     0.00017008     0.00280062     4.14444521
1887     0.00054017     0.41346678     0.10190286     0.03539551     0.00000000     0.05039648     0.00111246     0.82478558     0.00001547     0.00378365     0.50021880
1888     0.00031518     0.20309514     0.11068466     0.03804833     0.00000000     0.06031624     0.01124672     0.66283806     0.00002653     0.00498856     0.43914758
1889     0.00012088     0.07788892     0.11148270     0.04033289     0.00000000     0.06558042     0.00116543     0.53730223     0.00002040     0.00067028     1.99648807
1890     0.00007206     0.03955536     0.12808376     0.04172032     0.00000000     0.06622100     0.01402747     0.03045014     0.00025564     0.00008065     0.00190913
1891     0.00004235     0.02000141     0.09132650     0.04470042     0.00000000     0.11298810     0.13648040     0.33990975     0.00040148     0.00217723     0.27936688
1892     0.00000146     0.00072435     0.10452767     0.04805789     0.00000000     0.11116704     0.03276351     0.33983621     0.00063488     0.00001501     0.05230391
1893     0.00001215     0.00602232     0.12109931     0.05115032     0.00000000     0.14163401     0.00241084     0.20924957     0.00028560     0.00025615     0.88583834
1894     0.00004796     0.02522355     0.11931837     0.05486731     0.00000000     0.15676734     0.04109734     0.10558354     0.00034082     0.00085420     0.78104094
1895     0.00009125     0.04267252     0.11293612     0.05812365     0.00000000     0.14915800     0.00613529     0.03271563     0.00043872     0.00004856     0.42513022
1896     0.00012440     0.05152995     0.09099402     0.06088348     0.00000000     0.12474918     0.07312092     0.00085999     0.00010910     0.00006949     0.67018380
1897     0.00013282     0.04964460     0.15096476     0.06339988     0.00000000     0.17258399     0.03023770     0.01660624     0.00001131     0.00067342     0.75694860
1898     0.00009769     0.03277195     0.09175983     0.06591904     0.00000000     0.23125725     0.02966930     0.03333058     0.00044062     0.00007817     0.65489151
1899     0.00004525     0.01370043     0.12072652     0.06820349     0.00000000     0.18001859     0.00130001     0.02033518     0.00107663     0.00171224     0.00082720
1900     0.00001090     0.00299299     0.11410393     0.07004654     0.00000000     0.21437557     0.00210835     0.01633835     0.00110109     0.00051176     0.39091385
1901     0.00000181     0.00054054     0.06627996     0.07233740     0.00000000     0.21125614     0.00204311     0.02190191     0.00051709     0.00286309     0.01292970
1902     0.00004946     0.01350200     0.09837968     0.07325921     0.00000000     0.07213155     0.00000134     0.00440122     0.00001116     0.00696839     0.61522588
1903     0.00013698     0.03367811     0.06691334     0.07550232     0.00000000     0.03503789     0.00436721     0.00005318     0.00000764     0.00024048     0.00114509
1904     0.00019350     0.05053064     0.08173670     0.07971948     0.00000000     0.03939916     0.00360698     0.00149464     0.00267500     0.00050528     0.00474684
1905     0.00020373     0.04789990     0.05046760     0.08265971     0.00000000     0.06515652     0.00189870     0.06546254     0.00017279     0.00435893     0.39332601
1906     0.00011319     0.02619952     0.07442915     0.08429544     0.00000000     0.18425200     0.01345075     0.15863510     0.00154173     0.00731446     1.00225568
1907     0.00006654     0.01268317     0.06172643     0.08571263     0.00000000     0.13045158     0.00348860     0.14428248     0.00030568     0.01179675     2.89155554
1908     0.00003073     0.00631281     0.05522369     0.08776740     0.00000000     0.09681222     0.00270851     0.12636294     0.00214240     0.00700852     2.75792483
1909     0.00000823     0.00159859     0.04598494     0.08968694     0.00000000     0.10124685     0.01413187     0.11129991     0.00038412     0.01104261     2.43335945
1910     0.00000018     0.00003005     0.06208239     0.09032032     0.00000000     0.08356750     0.04958317     0.09243177     0.00299776     0.01578751     2.89076891
1911     0.00000402     0.00060860     0.05325838     0.09074422     0.00000000     0.03935243     0.04032375     0.08287308     0.00098583     0.02108081     4.47255741
1912     0.00002234     0.00271745     0.05145854     0.09083770     0.00000000     0.03670215     0.02886183     0.03613197     0.00281774     0.01352268     1.64726016
1913     0.00007829     0.00742211     0.03827850     0.09066406     0.00000000     0.09039809     0.04441406     0.05428699     0.00160809     0.01774835     1.07824518
1914     0.00013760     0.01577111     0.04172400     0.08913464     0.00000000     0.13504802     0.11917071     0.03389023     0.00335159     0.02220252     0.35049042
1915     0.00019596     0.02148422     0.04159071     0.08760531     0.00000000     0.18618932     0.06188012     0.02633146     0.00139400     0.02358445     2.16465521
1916     0.00023608     0.02282806     0.03397370     0.08844681     0.00000000     0.19382977     0.07763430     0.01533402     0.00460421     0.01492509     2.58832200
1917     0.00036263     0.03111607     0.04472940     0.09073741     0.00000000     0.36620812     0.15259800     0.02954841     0.00048659     0.01782921    12.70729187
1918     0.00044117     0.03992918     0.02540994     0.09167248     0.00000000     0.88504880     0.26615732     0.00963863     0.00246083     0.02057849     6.89510998
1919     0.00022370     0.02737659     0.03268362     0.09073226     0.00000000     0.64498555     0.71407280     0.00377698     0.00040751     0.02318468     1.48977447
1920     0.00015184     0.01389926     0.02950693     0.08846437     0.00000000     0.66286074     0.22050134     0.00037568     0.00154889     0.02566369     1.83310714
1921     0.00005943     0.00829231     0.03894399     0.08661309     0.00000000     0.80103553     0.17837410     0.00687085     0.00030387     0.01347351     0.12513974
1922     0.00001822     0.00218103     0.01755966     0.08592404     0.00000000     0.71929765     0.08839894     0.02790616     0.00067821     0.01499592     3.14570411
1923     0.00000096     0.00008960     0.02968232     0.08469209     0.00000000     0.58121236     0.05645431     0.00822448     0.00001027     0.01645787     2.01636931
1924     0.00004668     0.00438559     0.01569401     0.08230173     0.00000000     0.53491824     0.02100652     0.00764930     0.00005964     0.01787959     5.04479675
1925     0.00011172     0.01049505     0.02431866     0.07836953     0.00000000     0.45561387     0.03916838     0.03688553     0.00000007     0.01931870     0.78575927
1926     0.00014322     0.01359665     0.01252829     0.07311262     0.00000000     0.29290553     0.09568392     0.02899317     0.00011958     0.02085429     1.06620178
1927     0.00019112     0.01733511     0.02189013     0.06813124     0.00000000     0.33368796     0.08614794     0.01288895     0.00017394     0.02010176     0.63150819
1928     0.00024088     0.02084429     0.00833675     0.06458880     0.00000000     0.34560058     0.03915672     0.02224707     0.00048428     0.01167515     0.82421410
1929     0.00029347     0.02219073     0.02155505     0.06101535     0.00000000     0.24093198     0.00957794     0.03619157     0.00054964     0.01291978     7.28194512
1930     0.00020133     0.01844426     0.01095816     0.05553478     0.00000000     0.22706129     0.00158267     0.01864701     0.00246792     0.01429917     1.08142684
1931     0.00008908     0.01036949     0.01344797     0.04867997     0.00000000     0.23628044     0.00042194     0.06612905     0.00058861     0.01598203     5.12543862
1932     0.00000787     0.00113307     0.01243088     0.04305992     0.00000000     0.21326318     0.00903365     0.19378349     0.00179206     0.01624602     0.05117416
1933     0.00003896     0.00495544     0.00686532     0.03808864     0.00000000     0.22239837     0.03798499     0.28725131     0.00069067     0.01856218     2.75445220
1934     0.00047109     0.04955574     0.01410241     0.03224605     0.00000000     0.20581342     0.22113606     0.40128554     0.00175188     0.02138601     0.25367635
1935     0.00193013     0.18188006     0.00785236     0.02573212     0.00000000     0.22362008     0.70384572     0.55654266     0.00008687     0.02488683     0.10958938
1936     0.00570744     0.45547928     0.00882101     0.01898011     0.00000000     0.13296194     0.00722338     0.76816499     0.00191254     0.02929462     0.34639012
1937     0.01237737     0.81709974     0.00834424     0.01250346     0.00000000     0.07223005     0.00271334     0.62297516     0.00000012     0.03150289     2.92469807
1938     0.01840336     1.32285045     0.00518944     0.00748347     0.00000000     0.04595410     0.07669638     0.58440408     0.00201303     0.02538459    22.42302976
1939     0.02847564     1.86060790     0.00938682     0.00438698     0.00000000     0.02431120     0.22641693     0.46872721     0.00074020     0.03187974     6.18892267
1940     0.04281373     2.28635495     0.00206753     0.00253988     0.00000000     0.00577657     0.45430961     0.37280576     0.00081452     0.03974293     7.15192415
1941     0.05423037     2.78777676     0.00467769     0.00120306     0.00000000     0.00021214     0.36791730     0.17978957     0.00112391     0.04309082     1.74335456
1942     0.06550081     3.45168584     0.00378692     0.00007046     0.00000000     0.00000679     0.36053900     0.02567854     0.00298508     0.04861212     0.00035645
1943     0.07723120     3.74581442     0.00808919     0.00080868     0.00000000     0.00136655     0.43270502     0.00617489     0.00053477     0.05294570     8.90334434
1944     0.07593420     3.89677559     0.00176687     0.00485707     0.00000000     0.00569421     0.15636871     0.09796699     0.00344746     0.05657739    27.32480758
1945     0.04997406     3.70355888     0.00629621     0.01048756     0.00000000     0.01367611     1.09013279     0.14418183     0.00481227     0.05428449    11.12220659
1946     0.05197440     3.98839149     0.00241091     0.01456253     0.00000000     0.02267706     0.76710645     0.16565905     0.00057027     0.05594669     3.91723528
1947     0.05582644     3.60486263     0.00102472     0.01807297     0.00000000     0.01209979     0.67872610     0.14196049     0.00739750     0.05605466     2.89142391
1948     0.05256469     3.16753097     0.00273369     0.02287572     0.00000000     0.01424738     1.42986352     0.19859603     0.00062613     0.05468256     0.94868747
1949     0.04088226     2.68577206     0.00039158     0.02823423     0.00000000     0.01360995     2.40890108     0.20218653     0.00599507     0.04768343     4.96527432
1950     0.04323422     2.24126365     0.00047402     0.03495054     0.00000000     0.01030523     1.03589456     0.28883950     0.00082109     0.04450008     2.20180996
1951     0.04140943     2.72538113     0.00021992     0.04138065     0.00000000     0.01594615     1.81900571     0.20669563     0.00406173     0.02937514     0.67279236
1952     0.03461287     2.45198598     0.00020758     0.04835115     0.00000000     0.02467657     0.57772537     0.14437231     0.00123033     0.02613089     0.13803031
1953     0.02909736     1.95135330     0.00026207     0.05452048     0.00000000     0.03050324     0.23772524     0.13068156     0.00373894     0.02089255     0.78181487
1954     0.02260343     1.60503843     0.00138592     0.05714977     0.00000000     0.02242681     0.19923348     0.08589219     0.00023677     0.01750050    10.61028268
1955     0.02095643     1.34121124     0.00053266     0.06017114     0.00000000     0.03050631     0.26775264     0.04126849     0.00179576     0.01382944     3.56095057
1956     0.01993089     1.23197084     0.00097277     0.06843801     0.00000000     0.02617906     0.24273124     0.04951794     0.00067383     0.01027192     7.63899032
1957     0.01903715     1.12003098     0.00140232     0.08330618     0.00000000     0.01388887     0.12165460     0.09904341     0.00000268     0.00668431     1.65549849
1958     0.01657003     0.96577162     0.00094889     0.10148876     0.00000000     0.00784543     0.22665225     0.12304083     0.00042518     0.00453213     1.58887547
1959     0.01763696     0.78386514     0.00074820     0.11697469     0.00000000     0.00350367     0.20273817     0.00052608     0.00000345     0.00288796     0.06214955
1960     0.02045116     0.81446039     0.00000021     0.13161397     0.00000000     0.00747225     0.18537121     0.02512429     0.00009221     0.00162118     0.31837214
1961     0.02564196     1.17497774     0.00036642     0.16192517     0.00000000     0.02179148     0.09319466     0.00007204     0.00010321     0.00058024     0.52891640
1962     0.03241866     1.40898956     0.00042856     0.18184963     0.00000000     0.02997080     0.11634374     0.03511122     0.00001647     0.01710788     1.99321521
1963     0.04907712     1.96853803     0.00009263     0.19464413     0.00000000     0.06585852     0.06276176     0.00018490     0.00000011     0.00103223     1.19550528
1964     0.05530525     2.08046115     0.00004808     0.21180640     0.00000000     0.08767002     0.05459704     0.00936210     0.00012011     0.00069282     0.20272443
1965     0.04080769     1.43046910     0.00192644     0.22145668     0.00000000     0.08238785     0.12060420     0.19549808     0.00001669     0.00786312     1.60250709
1966     0.03978127     1.33265378     0.00002835     0.22983826     0.00000000     0.05590176     0.13002748     0.01180110     0.00000646     0.00633537     0.59864797
1967     0.03415479     1.08350521     0.00178127     0.24905478     0.00000000     0.03577279     0.11599229     0.01667395     0.00088503     0.00595499     1.10093904
1968     0.03307647     0.95560054     0.00020339     0.27311093     0.00000000     0.03246706     0.22970301     0.03101945     0.00002880     0.00638960     0.39387109
1969     0.05414848     1.41859476     0.00228084     0.29836624     0.00000000     0.03661584     0.15617191     0.06297516     0.00123926     0.00363115     8.43207625
1970     0.09416322     2.09039457     0.00111793     0.31646523     0.00000000     0.04686943     0.26500699     0.06282152     0.00054287     0.00212476     1.00125457
1971     0.09514568     1.67931522     0.00006159     0.31648127     0.00000000     0.04311536     0.21500534     0.01675013     0.00035009     0.00143455     0.11086067
1972     0.08377983     1.29516873     0.00277142     0.31128100     0.00000000     0.03605755     0.32682565     0.13816392     0.00038035     0.00126116     0.00227474
1973     0.13509263     1.98977978     0.00134040     0.31368795     0.00000000     0.04911806     0.32070915     0.45967735     0.00009580     0.00015509     7.17642762
1974     0.18048825     2.62990307     0.00457967     0.29337641     0.00000000     0.05375332     0.34850995     0.09544403     0.00089772     0.00001117     0.01942502
1975     0.18361412     2.73501197     0.00441757     0.26945642     0.00000000     0.05311813     0.72108667     0.06431033     0.00015200     0.00008073     0.01037515
1976     0.12340814     2.00502500     0.00647981     0.22786839     0.00000000     0.04722720     0.41954128     0.17818772     0.00123862     0.00000586     7.91104659
1977     0.09209216     1.48081505     0.00998111     0.20007502     0.00000000     0.03518051     0.24662863     0.04545938     0.00005373     0.00150174     0.29655721
1978     0.07615783     1.20655083     0.02156137     0.18868489     0.00000000     0.03710084     0.34993556     0.04247386     0.00057713     0.00072237    13.49345354
1979     0.08408597     1.21123142     0.00887082     0.22261773     0.00000000     0.04186932     0.24050424     0.01770064     0.00001790     0.02475926     0.18076862
1980     0.08449900     1.21532397     0.04019808     0.22615122     0.00000000     0.05879099     0.33233305     0.00393618     0.00012225     0.01844682     1.17290358
1981     0.06263779     1.09213407     0.06406468     0.20426861     0.00000000     0.06529091     0.28909426     0.11579622     0.00001397     0.00287299     0.01518403
1982     0.05360438     1.20381136     0.06416233     0.22463172     0.00000000     0.08573647     0.27874498     0.05707677     0.00099289     0.00355358     0.66166878
1983     0.05130056     1.22504888     0.10779353     0.23557540     0.00000000     0.10605986     0.27208193     0.05601003     0.00020259     0.00126712     0.01054094
1984     0.05008814     1.18167160     0.05835196     0.27662191     0.00000000     0.10763347     0.24810170     0.00091553     0.00141160     0.01400407     0.01893625
1985     0.05667470     1.29874230     0.01562654     0.26921164     0.00000000     0.09961943     0.29956351     0.02291899     0.00001301     0.01363371     3.01717094
1986     0.05380089     1.20644449     0.03522458     0.29854741     0.00000000     0.09156121     0.37378975     0.16958677     0.00109784     0.04655481     0.70723702
1987     0.02774019     0.60639288     0.01922508     0.26955187     0.00000000     0.06130605     0.41476214     0.28822321     0.00007795     0.14441360     1.61838900
1988     0.03617291     0.74560893     0.01261230     0.14407132     0.00000000     0.05986286     0.50856421     0.21189198     0.00481501     0.06360596     2.74409753
1989     0.09257460     1.84536466     0.01015003     0.19927047     0.00000000     0.08219992     0.44057300     0.25652933     0.00000123     0.16877349     2.60336420
1990     0.17176200     3.33766149     0.01260602     0.39047383     0.00000000     0.11534505     0.59253057     0.01801261     0.00216858     0.07913644     1.00013434
1991     0.20062986     4.56698408     0.03959917     0.47031077     0.00000000     0.14522076     0.47487692     0.00646993     0.00103581     0.01138329     0.02526170
1992     0.20724652     4.36660242     0.01382597     0.46270943     0.00000000     0.16407384     0.36437329     0.00505448     0.00903931     0.00002705     0.89403180
1993     0.12908940     2.68114635     0.01395202     0.47593051     0.00000000     0.12645860     0.27785461     0.50537603     0.00056715     0.01196366     2.55964967
1994     0.06302831     1.22466993     0.05155930     0.44669152     0.00000000     0.07926828     0.41575651     0.08650749     0.00164494     0.05575732     2.03754163
1995     0.07324311     1.31324341     0.01962021     0.39790751     0.00000000     0.06338061     0.44439633     0.01193511     0.00005454     0.00233408     4.61381521
1996     0.11442945     1.90141917     0.00007821     0.36075141     0.00000000     0.06091414     1.07159623     0.02611811     0.00122214     0.03112237     0.00650455
1997     0.08553757     1.34809882     0.02371853     0.28964084     0.00000000     0.05324512     0.61754049     0.73822885     0.00930980     0.03846803     1.48303053
1998     0.07464878     1.14990175     0.06185344     0.19776362     0.00000000     0.04519045     0.63122133     0.00796477     0.00023616     0.11033850    15.19734396
1999     0.05913395     0.93525763     0.00194709     0.09070843     0.00000000     0.03523663     0.51550065     0.10513085     0.00412924     0.15030304     2.44915280
2000     0.02923996     0.45376972     0.00309406     0.01186724     0.00000000     0.00000000     0.00000000     1.34957436     0.00013113     0.27232797     2.38105820
