YEAR RADTTL RADANT RADAER RADCO2 RADCH4 RADN2O RADSO2 RADO3TRP RADO3STR RADrOH RADNOx RADEESC RADSF6 RADCO RADVOC RADCRBAER RADAERIND RADH20STR
2000   1.4588   1.3248  -1.4791   1.5471   0.4865   0.1556  -0.4551   0.3780  -0.1174   0.1000   0.1000   0.1000   0.0024   0.1000   0.1000  -0.1138  -0.9102   0.0194
2001   1.5181   1.3875  -1.4591   1.5835   0.4863   0.1584  -0.4460   0.3750  -0.1149   0.1000   0.1000   0.1000   0.0024   0.1000   0.1000  -0.1149  -0.8981   0.0194
2002   1.5775   1.4502  -1.4390   1.6186   0.4872   0.1612  -0.4370   0.3724  -0.1126   0.1000   0.1000   0.1000   0.0024   0.1000   0.1000  -0.1161  -0.8859   0.0194
2003   1.6391   1.5152  -1.4187   1.6534   0.4894   0.1641  -0.4279   0.3710  -0.1106   0.1000   0.1000   0.1000   0.0025   0.1000   0.1000  -0.1172  -0.8735   0.0195
2004   1.7002   1.5796  -1.3982   1.6882   0.4927   0.1670  -0.4188   0.3690  -0.1096   0.1000   0.1000   0.1000   0.0025   0.1000   0.1000  -0.1184  -0.8610   0.0197
2005   1.7651   1.6479  -1.3759   1.7228   0.4972   0.1700  -0.4090   0.3676  -0.1083   0.1000   0.1000   0.1000   0.0026   0.1000   0.1000  -0.1197  -0.8472   0.0198
2006   1.8299   1.7161  -1.3550   1.7574   0.5028   0.1730  -0.3999   0.3663  -0.1071   0.1000   0.1000   0.1000   0.0026   0.1000   0.1000  -0.1207  -0.8344   0.0201
2007   1.8947   1.7843  -1.3342   1.7919   0.5087   0.1760  -0.3909   0.3652  -0.1059   0.1000   0.1000   0.1000   0.0026   0.1000   0.1000  -0.1220  -0.8214   0.0203
2008   1.9597   1.8526  -1.3131   1.8263   0.5147   0.1789  -0.3818   0.3641  -0.1049   0.1000   0.1000   0.1000   0.0026   0.1000   0.1000  -0.1231  -0.8082   0.0205
2009   2.0250   1.9212  -1.2918   1.8608   0.5210   0.1817  -0.3727   0.3630  -0.1039   0.1000   0.1000   0.1000   0.0026   0.1000   0.1000  -0.1243  -0.7948   0.0208
2010   2.0908   1.9904  -1.2703   1.8952   0.5277   0.1846  -0.3636   0.3620  -0.1029   0.1000   0.1000   0.1000   0.0027   0.1000   0.1000  -0.1254  -0.7813   0.0211
2011   2.1570   2.0600  -1.2517   1.9302   0.5347   0.1874  -0.3553   0.3640  -0.1019   0.1000   0.1000   0.1000   0.0027   0.1000   0.1000  -0.1277  -0.7687   0.0213
2012   2.2217   2.1280  -1.2350   1.9661   0.5420   0.1902  -0.3478   0.3656  -0.1009   0.1000   0.1000   0.1000   0.0027   0.1000   0.1000  -0.1302  -0.7571   0.0216
2013   2.2872   2.1969  -1.2180   2.0031   0.5495   0.1930  -0.3402   0.3671  -0.1000   0.1000   0.1000   0.1000   0.0027   0.1000   0.1000  -0.1324  -0.7454   0.0219
2014   2.3542   2.2673  -1.2010   2.0411   0.5571   0.1959  -0.3326   0.3696  -0.0989   0.1000   0.1000   0.1000   0.0027   0.1000   0.1000  -0.1348  -0.7336   0.0222
2015   2.4209   2.3373  -1.1838   2.0800   0.5647   0.1988  -0.3251   0.3712  -0.0978   0.1000   0.1000   0.1000   0.0027   0.1000   0.1000  -0.1371  -0.7216   0.0226
2016   2.4870   2.4068  -1.1665   2.1197   0.5717   0.2016  -0.3175   0.3726  -0.0966   0.1000   0.1000   0.1000   0.0027   0.1000   0.1000  -0.1395  -0.7095   0.0228
2017   2.5509   2.4740  -1.1509   2.1603   0.5776   0.2044  -0.3107   0.3739  -0.0953   0.1000   0.1000   0.1000   0.0027   0.1000   0.1000  -0.1417  -0.6985   0.0231
2018   2.6174   2.5439  -1.1314   2.2016   0.5826   0.2071  -0.3024   0.3747  -0.0939   0.1000   0.1000   0.1000   0.0027   0.1000   0.1000  -0.1441  -0.6848   0.0233
2019   2.6821   2.6119  -1.1136   2.2438   0.5868   0.2098  -0.2948   0.3759  -0.0925   0.1000   0.1000   0.1000   0.0027   0.1000   0.1000  -0.1464  -0.6723   0.0234
2020   2.7456   2.6788  -1.0956   2.2867   0.5903   0.2124  -0.2873   0.3762  -0.0910   0.1000   0.1000   0.1000   0.0027   0.1000   0.1000  -0.1487  -0.6596   0.0236
2021   2.8039   2.7405  -1.0811   2.3300   0.5927   0.2150  -0.2812   0.3757  -0.0893   0.1000   0.1000   0.1000   0.0028   0.1000   0.1000  -0.1506  -0.6493   0.0237
2022   2.8615   2.8015  -1.0644   2.3732   0.5938   0.2174  -0.2744   0.3742  -0.0876   0.1000   0.1000   0.1000   0.0028   0.1000   0.1000  -0.1524  -0.6376   0.0237
2023   2.9132   2.8565  -1.0518   2.4155   0.5937   0.2197  -0.2691   0.3731  -0.0857   0.1000   0.1000   0.1000   0.0028   0.1000   0.1000  -0.1543  -0.6284   0.0237
2024   2.9657   2.9124  -1.0350   2.4563   0.5925   0.2220  -0.2623   0.3717  -0.0838   0.1000   0.1000   0.1000   0.0028   0.1000   0.1000  -0.1562  -0.6164   0.0237
2025   3.0126   2.9626  -1.0201   2.4951   0.5902   0.2240  -0.2563   0.3700  -0.0819   0.1000   0.1000   0.1000   0.0028   0.1000   0.1000  -0.1581  -0.6057   0.0236
2026   3.0549   3.0083  -1.0050   2.5310   0.5870   0.2260  -0.2502   0.3678  -0.0800   0.1000   0.1000   0.1000   0.0028   0.1000   0.1000  -0.1599  -0.5949   0.0234
2027   3.0920   3.0488  -0.9899   2.5634   0.5828   0.2279  -0.2442   0.3649  -0.0782   0.1000   0.1000   0.1000   0.0028   0.1000   0.1000  -0.1618  -0.5839   0.0233
2028   3.1244   3.0845  -0.9746   2.5920   0.5779   0.2296  -0.2381   0.3624  -0.0763   0.1000   0.1000   0.1000   0.0028   0.1000   0.1000  -0.1636  -0.5728   0.0231
2029   3.1534   3.1169  -0.9570   2.6166   0.5722   0.2313  -0.2313   0.3591  -0.0744   0.1000   0.1000   0.1000   0.0029   0.1000   0.1000  -0.1655  -0.5602   0.0229
2030   3.1759   3.1427  -0.9415   2.6372   0.5658   0.2328  -0.2253   0.3564  -0.0726   0.1000   0.1000   0.1000   0.0029   0.1000   0.1000  -0.1673  -0.5489   0.0226
2031   3.1927   3.1595  -0.9307   2.6537   0.5590   0.2343  -0.2208   0.3539  -0.0707   0.1000   0.1000   0.1000   0.0029   0.1000   0.1000  -0.1696  -0.5403   0.0223
2032   3.2063   3.1731  -0.9198   2.6660   0.5525   0.2357  -0.2162   0.3519  -0.0689   0.1000   0.1000   0.1000   0.0029   0.1000   0.1000  -0.1719  -0.5316   0.0221
2033   3.2156   3.1825  -0.9087   2.6741   0.5462   0.2371  -0.2117   0.3494  -0.0670   0.1000   0.1000   0.1000   0.0029   0.1000   0.1000  -0.1741  -0.5229   0.0218
2034   3.2236   3.1905  -0.8954   2.6777   0.5400   0.2386  -0.2064   0.3475  -0.0652   0.1000   0.1000   0.1000   0.0029   0.1000   0.1000  -0.1764  -0.5126   0.0216
2035   3.2248   3.1917  -0.8843   2.6769   0.5340   0.2400  -0.2019   0.3451  -0.0634   0.1000   0.1000   0.1000   0.0029   0.1000   0.1000  -0.1787  -0.5037   0.0213
2036   3.2250   3.1919  -0.8707   2.6714   0.5281   0.2414  -0.1966   0.3438  -0.0616   0.1000   0.1000   0.1000   0.0029   0.1000   0.1000  -0.1809  -0.4932   0.0211
2037   3.2178   3.1847  -0.8594   2.6616   0.5223   0.2427  -0.1920   0.3415  -0.0599   0.1000   0.1000   0.1000   0.0030   0.1000   0.1000  -0.1832  -0.4841   0.0208
2038   3.2077   3.1746  -0.8480   2.6481   0.5166   0.2441  -0.1875   0.3397  -0.0583   0.1000   0.1000   0.1000   0.0030   0.1000   0.1000  -0.1856  -0.4750   0.0206
2039   3.1942   3.1610  -0.8366   2.6315   0.5110   0.2454  -0.1830   0.3373  -0.0566   0.1000   0.1000   0.1000   0.0030   0.1000   0.1000  -0.1879  -0.4657   0.0204
2040   3.1817   3.1486  -0.8226   2.6127   0.5055   0.2468  -0.1777   0.3357  -0.0551   0.1000   0.1000   0.1000   0.0030   0.1000   0.1000  -0.1901  -0.4549   0.0202
2041   3.1587   3.1256  -0.8172   2.5922   0.5001   0.2481  -0.1754   0.3336  -0.0535   0.1000   0.1000   0.1000   0.0030   0.1000   0.1000  -0.1917  -0.4502   0.0200
2042   3.1396   3.1065  -0.8073   2.5709   0.4949   0.2494  -0.1716   0.3316  -0.0520   0.1000   0.1000   0.1000   0.0030   0.1000   0.1000  -0.1934  -0.4423   0.0197
2043   3.1170   3.0839  -0.8019   2.5496   0.4898   0.2507  -0.1693   0.3306  -0.0506   0.1000   0.1000   0.1000   0.0030   0.1000   0.1000  -0.1950  -0.4375   0.0195
2044   3.0962   3.0630  -0.7942   2.5287   0.4848   0.2519  -0.1663   0.3286  -0.0491   0.1000   0.1000   0.1000   0.0031   0.1000   0.1000  -0.1967  -0.4311   0.0193
2045   3.0740   3.0408  -0.7888   2.5081   0.4799   0.2531  -0.1641   0.3272  -0.0477   0.1000   0.1000   0.1000   0.0031   0.1000   0.1000  -0.1984  -0.4263   0.0191
2046   3.0516   3.0185  -0.7834   2.4878   0.4751   0.2543  -0.1618   0.3253  -0.0462   0.1000   0.1000   0.1000   0.0031   0.1000   0.1000  -0.2001  -0.4215   0.0189
2047   3.0326   2.9994  -0.7755   2.4678   0.4704   0.2555  -0.1588   0.3239  -0.0448   0.1000   0.1000   0.1000   0.0031   0.1000   0.1000  -0.2017  -0.4150   0.0188
2048   3.0132   2.9801  -0.7677   2.4480   0.4658   0.2566  -0.1557   0.3220  -0.0434   0.1000   0.1000   0.1000   0.0031   0.1000   0.1000  -0.2034  -0.4085   0.0186
2049   2.9943   2.9612  -0.7597   2.4284   0.4612   0.2577  -0.1527   0.3202  -0.0420   0.1000   0.1000   0.1000   0.0031   0.1000   0.1000  -0.2051  -0.4019   0.0184
2050   2.9738   2.9407  -0.7542   2.4090   0.4568   0.2588  -0.1504   0.3190  -0.0407   0.1000   0.1000   0.1000   0.0032   0.1000   0.1000  -0.2068  -0.3970   0.0182
2051   2.9514   2.9183  -0.7501   2.3897   0.4525   0.2599  -0.1489   0.3171  -0.0394   0.1000   0.1000   0.1000   0.0032   0.1000   0.1000  -0.2075  -0.3937   0.0180
2052   2.9290   2.8958  -0.7461   2.3705   0.4483   0.2610  -0.1474   0.3149  -0.0381   0.1000   0.1000   0.1000   0.0032   0.1000   0.1000  -0.2083  -0.3904   0.0179
2053   2.9074   2.8743  -0.7420   2.3513   0.4444   0.2620  -0.1459   0.3132  -0.0368   0.1000   0.1000   0.1000   0.0032   0.1000   0.1000  -0.2091  -0.3870   0.0177
2054   2.8887   2.8556  -0.7354   2.3321   0.4407   0.2631  -0.1436   0.3116  -0.0355   0.1000   0.1000   0.1000   0.0033   0.1000   0.1000  -0.2098  -0.3820   0.0176
2055   2.8677   2.8346  -0.7315   2.3129   0.4371   0.2641  -0.1421   0.3101  -0.0343   0.1000   0.1000   0.1000   0.0033   0.1000   0.1000  -0.2107  -0.3786   0.0174
2056   2.8469   2.8138  -0.7274   2.2937   0.4337   0.2651  -0.1406   0.3085  -0.0330   0.1000   0.1000   0.1000   0.0033   0.1000   0.1000  -0.2115  -0.3753   0.0173
2057   2.8271   2.7939  -0.7232   2.2746   0.4304   0.2661  -0.1391   0.3075  -0.0318   0.1000   0.1000   0.1000   0.0033   0.1000   0.1000  -0.2122  -0.3719   0.0172
2058   2.8068   2.7736  -0.7191   2.2554   0.4272   0.2671  -0.1376   0.3061  -0.0306   0.1000   0.1000   0.1000   0.0034   0.1000   0.1000  -0.2130  -0.3685   0.0170
2059   2.7867   2.7535  -0.7150   2.2362   0.4241   0.2680  -0.1361   0.3048  -0.0295   0.1000   0.1000   0.1000   0.0034   0.1000   0.1000  -0.2138  -0.3651   0.0169
2060   2.7662   2.7331  -0.7108   2.2169   0.4211   0.2690  -0.1346   0.3028  -0.0284   0.1000   0.1000   0.1000   0.0034   0.1000   0.1000  -0.2145  -0.3617   0.0168
2061   2.7441   2.7110  -0.7089   2.1976   0.4183   0.2699  -0.1338   0.3015  -0.0273   0.1000   0.1000   0.1000   0.0034   0.1000   0.1000  -0.2151  -0.3600   0.0167
2062   2.7222   2.6891  -0.7069   2.1783   0.4156   0.2708  -0.1331   0.3001  -0.0262   0.1000   0.1000   0.1000   0.0035   0.1000   0.1000  -0.2156  -0.3582   0.0166
2063   2.7007   2.6675  -0.7050   2.1591   0.4129   0.2717  -0.1323   0.2990  -0.0252   0.1000   0.1000   0.1000   0.0035   0.1000   0.1000  -0.2161  -0.3565   0.0165
2064   2.6791   2.6459  -0.7029   2.1399   0.4103   0.2726  -0.1315   0.2976  -0.0242   0.1000   0.1000   0.1000   0.0035   0.1000   0.1000  -0.2166  -0.3548   0.0163
2065   2.6551   2.6220  -0.7034   2.1207   0.4077   0.2735  -0.1315   0.2963  -0.0232   0.1000   0.1000   0.1000   0.0036   0.1000   0.1000  -0.2171  -0.3548   0.0162
2066   2.6343   2.6012  -0.7014   2.1015   0.4052   0.2744  -0.1308   0.2955  -0.0222   0.1000   0.1000   0.1000   0.0036   0.1000   0.1000  -0.2175  -0.3531   0.0161
2067   2.6129   2.5798  -0.6994   2.0823   0.4028   0.2753  -0.1300   0.2940  -0.0212   0.1000   0.1000   0.1000   0.0036   0.1000   0.1000  -0.2180  -0.3513   0.0160
2068   2.5917   2.5586  -0.6975   2.0632   0.4004   0.2762  -0.1293   0.2928  -0.0203   0.1000   0.1000   0.1000   0.0036   0.1000   0.1000  -0.2186  -0.3496   0.0160
2069   2.5707   2.5375  -0.6954   2.0440   0.3981   0.2771  -0.1285   0.2915  -0.0194   0.1000   0.1000   0.1000   0.0037   0.1000   0.1000  -0.2190  -0.3479   0.0159
2070   2.5501   2.5170  -0.6935   2.0248   0.3958   0.2779  -0.1278   0.2908  -0.0185   0.1000   0.1000   0.1000   0.0037   0.1000   0.1000  -0.2196  -0.3461   0.0158
2071   2.5290   2.4958  -0.6904   2.0056   0.3936   0.2788  -0.1270   0.2883  -0.0176   0.1000   0.1000   0.1000   0.0037   0.1000   0.1000  -0.2190  -0.3444   0.0157
2072   2.5110   2.4778  -0.6847   1.9864   0.3912   0.2796  -0.1255   0.2865  -0.0167   0.1000   0.1000   0.1000   0.0038   0.1000   0.1000  -0.2183  -0.3409   0.0156
2073   2.4875   2.4544  -0.6843   1.9673   0.3888   0.2805  -0.1255   0.2844  -0.0159   0.1000   0.1000   0.1000   0.0038   0.1000   0.1000  -0.2179  -0.3409   0.0155
2074   2.4668   2.4337  -0.6812   1.9482   0.3863   0.2813  -0.1247   0.2825  -0.0151   0.1000   0.1000   0.1000   0.0038   0.1000   0.1000  -0.2173  -0.3392   0.0154
2075   2.4460   2.4128  -0.6781   1.9291   0.3837   0.2821  -0.1240   0.2804  -0.0142   0.1000   0.1000   0.1000   0.0038   0.1000   0.1000  -0.2167  -0.3374   0.0153
2076   2.4227   2.3896  -0.6775   1.9100   0.3811   0.2830  -0.1240   0.2785  -0.0134   0.1000   0.1000   0.1000   0.0039   0.1000   0.1000  -0.2161  -0.3374   0.0152
2077   2.4015   2.3683  -0.6745   1.8909   0.3785   0.2838  -0.1232   0.2760  -0.0125   0.1000   0.1000   0.1000   0.0039   0.1000   0.1000  -0.2156  -0.3357   0.0151
2078   2.3805   2.3474  -0.6715   1.8718   0.3758   0.2846  -0.1225   0.2739  -0.0117   0.1000   0.1000   0.1000   0.0039   0.1000   0.1000  -0.2151  -0.3339   0.0150
2079   2.3573   2.3241  -0.6708   1.8528   0.3731   0.2854  -0.1225   0.2719  -0.0109   0.1000   0.1000   0.1000   0.0040   0.1000   0.1000  -0.2144  -0.3339   0.0149
2080   2.3387   2.3056  -0.6653   1.8338   0.3703   0.2862  -0.1210   0.2698  -0.0101   0.1000   0.1000   0.1000   0.0040   0.1000   0.1000  -0.2139  -0.3304   0.0147
2081   2.3154   2.2823  -0.6645   1.8147   0.3676   0.2869  -0.1210   0.2677  -0.0093   0.1000   0.1000   0.1000   0.0040   0.1000   0.1000  -0.2131  -0.3304   0.0146
2082   2.2916   2.2585  -0.6637   1.7957   0.3648   0.2877  -0.1210   0.2650  -0.0085   0.1000   0.1000   0.1000   0.0041   0.1000   0.1000  -0.2123  -0.3304   0.0145
2083   2.2712   2.2381  -0.6603   1.7768   0.3620   0.2885  -0.1202   0.2631  -0.0077   0.1000   0.1000   0.1000   0.0041   0.1000   0.1000  -0.2115  -0.3286   0.0144
2084   2.2480   2.2148  -0.6595   1.7580   0.3591   0.2893  -0.1202   0.2608  -0.0070   0.1000   0.1000   0.1000   0.0041   0.1000   0.1000  -0.2107  -0.3286   0.0143
2085   2.2279   2.1948  -0.6563   1.7392   0.3562   0.2901  -0.1194   0.2592  -0.0062   0.1000   0.1000   0.1000   0.0042   0.1000   0.1000  -0.2100  -0.3269   0.0142
2086   2.2072   2.1741  -0.6529   1.7205   0.3533   0.2909  -0.1187   0.2568  -0.0055   0.1000   0.1000   0.1000   0.0042   0.1000   0.1000  -0.2091  -0.3251   0.0141
2087   2.1835   2.1504  -0.6522   1.7018   0.3504   0.2917  -0.1187   0.2540  -0.0047   0.1000   0.1000   0.1000   0.0042   0.1000   0.1000  -0.2084  -0.3251   0.0139
2088   2.1635   2.1304  -0.6488   1.6831   0.3475   0.2925  -0.1179   0.2522  -0.0040   0.1000   0.1000   0.1000   0.0043   0.1000   0.1000  -0.2076  -0.3233   0.0138
2089   2.1405   2.1073  -0.6480   1.6645   0.3446   0.2933  -0.1179   0.2499  -0.0032   0.1000   0.1000   0.1000   0.0043   0.1000   0.1000  -0.2068  -0.3233   0.0137
2090   2.1200   2.0869  -0.6447   1.6459   0.3417   0.2941  -0.1172   0.2476  -0.0025   0.1000   0.1000   0.1000   0.0044   0.1000   0.1000  -0.2060  -0.3215   0.0136
2091   2.0980   2.0648  -0.6446   1.6274   0.3387   0.2949  -0.1172   0.2469  -0.0018   0.1000   0.1000   0.1000   0.0044   0.1000   0.1000  -0.2059  -0.3215   0.0135
2092   2.0782   2.0450  -0.6418   1.6089   0.3359   0.2957  -0.1164   0.2456  -0.0011   0.1000   0.1000   0.1000   0.0044   0.1000   0.1000  -0.2056  -0.3197   0.0134
2093   2.0559   2.0227  -0.6417   1.5904   0.3331   0.2965  -0.1164   0.2445  -0.0004   0.1000   0.1000   0.1000   0.0045   0.1000   0.1000  -0.2055  -0.3197   0.0133
2094   2.0362   2.0031  -0.6390   1.5719   0.3304   0.2973  -0.1157   0.2433   0.0003   0.1000   0.1000   0.1000   0.0045   0.1000   0.1000  -0.2054  -0.3180   0.0131
2095   2.0143   1.9812  -0.6388   1.5534   0.3277   0.2981  -0.1157   0.2422   0.0009   0.1000   0.1000   0.1000   0.0046   0.1000   0.1000  -0.2052  -0.3180   0.0130
2096   1.9952   1.9621  -0.6361   1.5349   0.3251   0.2989  -0.1149   0.2415   0.0015   0.1000   0.1000   0.1000   0.0046   0.1000   0.1000  -0.2051  -0.3162   0.0129
2097   1.9733   1.9401  -0.6360   1.5165   0.3225   0.2996  -0.1149   0.2404   0.0021   0.1000   0.1000   0.1000   0.0046   0.1000   0.1000  -0.2049  -0.3162   0.0128
2098   1.9546   1.9215  -0.6332   1.4981   0.3200   0.3004  -0.1142   0.2399   0.0027   0.1000   0.1000   0.1000   0.0047   0.1000   0.1000  -0.2047  -0.3144   0.0127
2099   1.9322   1.8991  -0.6330   1.4797   0.3175   0.3012  -0.1142   0.2381   0.0033   0.1000   0.1000   0.1000   0.0047   0.1000   0.1000  -0.2045  -0.3144   0.0126
2100   1.9155   1.8824  -0.6279   1.4612   0.3151   0.3020  -0.1126   0.2370   0.0039   0.1000   0.1000   0.1000   0.0048   0.1000   0.1000  -0.2045  -0.3108   0.0125
2101   1.8941   1.8610  -0.6279   1.4429   0.3128   0.3028  -0.1126   0.2362   0.0045   0.1000   0.1000   0.1000   0.0048   0.1000   0.1000  -0.2045  -0.3108   0.0124
2102   1.8731   1.8399  -0.6279   1.4247   0.3106   0.3035  -0.1126   0.2354   0.0050   0.1000   0.1000   0.1000   0.0049   0.1000   0.1000  -0.2045  -0.3108   0.0124
2103   1.8524   1.8193  -0.6279   1.4066   0.3087   0.3043  -0.1126   0.2347   0.0056   0.1000   0.1000   0.1000   0.0049   0.1000   0.1000  -0.2045  -0.3108   0.0123
2104   1.8321   1.7990  -0.6279   1.3887   0.3069   0.3050  -0.1126   0.2340   0.0061   0.1000   0.1000   0.1000   0.0050   0.1000   0.1000  -0.2045  -0.3108   0.0122
2105   1.8121   1.7790  -0.6279   1.3708   0.3052   0.3058  -0.1126   0.2334   0.0066   0.1000   0.1000   0.1000   0.0050   0.1000   0.1000  -0.2045  -0.3108   0.0121
2106   1.7924   1.7593  -0.6279   1.3531   0.3037   0.3065  -0.1126   0.2329   0.0071   0.1000   0.1000   0.1000   0.0051   0.1000   0.1000  -0.2045  -0.3108   0.0121
2107   1.7730   1.7399  -0.6279   1.3355   0.3024   0.3073  -0.1126   0.2324   0.0075   0.1000   0.1000   0.1000   0.0051   0.1000   0.1000  -0.2045  -0.3108   0.0120
2108   1.7539   1.7207  -0.6279   1.3180   0.3011   0.3080  -0.1126   0.2319   0.0080   0.1000   0.1000   0.1000   0.0051   0.1000   0.1000  -0.2045  -0.3108   0.0120
2109   1.7350   1.7018  -0.6279   1.3006   0.2999   0.3087  -0.1126   0.2315   0.0085   0.1000   0.1000   0.1000   0.0052   0.1000   0.1000  -0.2045  -0.3108   0.0119
2110   1.7163   1.6832  -0.6279   1.2833   0.2989   0.3094  -0.1126   0.2311   0.0089   0.1000   0.1000   0.1000   0.0052   0.1000   0.1000  -0.2045  -0.3108   0.0119
2111   1.6979   1.6648  -0.6279   1.2661   0.2979   0.3101  -0.1126   0.2307   0.0093   0.1000   0.1000   0.1000   0.0053   0.1000   0.1000  -0.2045  -0.3108   0.0118
2112   1.6797   1.6466  -0.6279   1.2491   0.2970   0.3108  -0.1126   0.2304   0.0097   0.1000   0.1000   0.1000   0.0053   0.1000   0.1000  -0.2045  -0.3108   0.0118
2113   1.6617   1.6286  -0.6279   1.2321   0.2962   0.3115  -0.1126   0.2301   0.0101   0.1000   0.1000   0.1000   0.0054   0.1000   0.1000  -0.2045  -0.3108   0.0118
2114   1.6439   1.6108  -0.6279   1.2152   0.2955   0.3122  -0.1126   0.2298   0.0105   0.1000   0.1000   0.1000   0.0054   0.1000   0.1000  -0.2045  -0.3108   0.0118
2115   1.6272   1.5941  -0.6279   1.1994   0.2948   0.3129  -0.1126   0.2295   0.0109   0.1000   0.1000   0.1000   0.0055   0.1000   0.1000  -0.2045  -0.3108   0.0117
2116   1.6116   1.5785  -0.6279   1.1845   0.2942   0.3135  -0.1126   0.2293   0.0113   0.1000   0.1000   0.1000   0.0055   0.1000   0.1000  -0.2045  -0.3108   0.0117
2117   1.5971   1.5639  -0.6279   1.1706   0.2936   0.3142  -0.1126   0.2291   0.0117   0.1000   0.1000   0.1000   0.0055   0.1000   0.1000  -0.2045  -0.3108   0.0117
2118   1.5835   1.5504  -0.6279   1.1577   0.2931   0.3149  -0.1126   0.2289   0.0121   0.1000   0.1000   0.1000   0.0056   0.1000   0.1000  -0.2045  -0.3108   0.0117
2119   1.5691   1.5360  -0.6279   1.1438   0.2926   0.3155  -0.1126   0.2287   0.0124   0.1000   0.1000   0.1000   0.0056   0.1000   0.1000  -0.2045  -0.3108   0.0116
2120   1.5538   1.5207  -0.6279   1.1291   0.2921   0.3162  -0.1126   0.2286   0.0128   0.1000   0.1000   0.1000   0.0057   0.1000   0.1000  -0.2045  -0.3108   0.0116
2121   1.5378   1.5046  -0.6279   1.1134   0.2917   0.3168  -0.1126   0.2284   0.0131   0.1000   0.1000   0.1000   0.0057   0.1000   0.1000  -0.2045  -0.3108   0.0116
2122   1.5209   1.4878  -0.6279   1.0970   0.2914   0.3174  -0.1126   0.2283   0.0134   0.1000   0.1000   0.1000   0.0058   0.1000   0.1000  -0.2045  -0.3108   0.0116
2123   1.5042   1.4711  -0.6279   1.0806   0.2910   0.3181  -0.1126   0.2281   0.0138   0.1000   0.1000   0.1000   0.0058   0.1000   0.1000  -0.2045  -0.3108   0.0116
2124   1.4877   1.4545  -0.6279   1.0644   0.2907   0.3187  -0.1126   0.2280   0.0141   0.1000   0.1000   0.1000   0.0059   0.1000   0.1000  -0.2045  -0.3108   0.0116
2125   1.4713   1.4381  -0.6279   1.0483   0.2905   0.3193  -0.1126   0.2279   0.0144   0.1000   0.1000   0.1000   0.0059   0.1000   0.1000  -0.2045  -0.3108   0.0116
2126   1.4550   1.4219  -0.6279   1.0323   0.2902   0.3199  -0.1126   0.2278   0.0147   0.1000   0.1000   0.1000   0.0059   0.1000   0.1000  -0.2045  -0.3108   0.0115
2127   1.4389   1.4058  -0.6279   1.0164   0.2900   0.3205  -0.1126   0.2277   0.0150   0.1000   0.1000   0.1000   0.0060   0.1000   0.1000  -0.2045  -0.3108   0.0115
2128   1.4229   1.3898  -0.6279   1.0006   0.2898   0.3211  -0.1126   0.2277   0.0153   0.1000   0.1000   0.1000   0.0060   0.1000   0.1000  -0.2045  -0.3108   0.0115
2129   1.4071   1.3739  -0.6279   0.9849   0.2896   0.3217  -0.1126   0.2276   0.0156   0.1000   0.1000   0.1000   0.0061   0.1000   0.1000  -0.2045  -0.3108   0.0115
2130   1.3913   1.3582  -0.6279   0.9692   0.2894   0.3223  -0.1126   0.2275   0.0159   0.1000   0.1000   0.1000   0.0061   0.1000   0.1000  -0.2045  -0.3108   0.0115
2131   1.3757   1.3426  -0.6279   0.9537   0.2892   0.3229  -0.1126   0.2275   0.0162   0.1000   0.1000   0.1000   0.0062   0.1000   0.1000  -0.2045  -0.3108   0.0115
2132   1.3602   1.3270  -0.6279   0.9383   0.2891   0.3235  -0.1126   0.2274   0.0165   0.1000   0.1000   0.1000   0.0062   0.1000   0.1000  -0.2045  -0.3108   0.0115
2133   1.3447   1.3116  -0.6279   0.9229   0.2889   0.3240  -0.1126   0.2274   0.0168   0.1000   0.1000   0.1000   0.0063   0.1000   0.1000  -0.2045  -0.3108   0.0115
2134   1.3294   1.2963  -0.6279   0.9076   0.2888   0.3246  -0.1126   0.2273   0.0171   0.1000   0.1000   0.1000   0.0063   0.1000   0.1000  -0.2045  -0.3108   0.0115
2135   1.3142   1.2811  -0.6279   0.8925   0.2887   0.3252  -0.1126   0.2273   0.0173   0.1000   0.1000   0.1000   0.0064   0.1000   0.1000  -0.2045  -0.3108   0.0115
2136   1.2991   1.2659  -0.6279   0.8774   0.2886   0.3257  -0.1126   0.2272   0.0176   0.1000   0.1000   0.1000   0.0064   0.1000   0.1000  -0.2045  -0.3108   0.0115
2137   1.2840   1.2509  -0.6279   0.8623   0.2885   0.3263  -0.1126   0.2272   0.0178   0.1000   0.1000   0.1000   0.0064   0.1000   0.1000  -0.2045  -0.3108   0.0115
2138   1.2691   1.2360  -0.6279   0.8474   0.2884   0.3268  -0.1126   0.2272   0.0181   0.1000   0.1000   0.1000   0.0065   0.1000   0.1000  -0.2045  -0.3108   0.0115
2139   1.2542   1.2211  -0.6279   0.8325   0.2883   0.3273  -0.1126   0.2271   0.0184   0.1000   0.1000   0.1000   0.0065   0.1000   0.1000  -0.2045  -0.3108   0.0115
2140   1.2395   1.2063  -0.6279   0.8177   0.2882   0.3279  -0.1126   0.2271   0.0186   0.1000   0.1000   0.1000   0.0066   0.1000   0.1000  -0.2045  -0.3108   0.0115
2141   1.2248   1.1916  -0.6279   0.8030   0.2882   0.3284  -0.1126   0.2271   0.0188   0.1000   0.1000   0.1000   0.0066   0.1000   0.1000  -0.2045  -0.3108   0.0115
2142   1.2102   1.1770  -0.6279   0.7883   0.2881   0.3289  -0.1126   0.2271   0.0191   0.1000   0.1000   0.1000   0.0067   0.1000   0.1000  -0.2045  -0.3108   0.0115
2143   1.1956   1.1625  -0.6279   0.7738   0.2881   0.3294  -0.1126   0.2270   0.0193   0.1000   0.1000   0.1000   0.0067   0.1000   0.1000  -0.2045  -0.3108   0.0115
2144   1.1812   1.1481  -0.6279   0.7593   0.2880   0.3300  -0.1126   0.2270   0.0196   0.1000   0.1000   0.1000   0.0068   0.1000   0.1000  -0.2045  -0.3108   0.0115
2145   1.1668   1.1337  -0.6279   0.7448   0.2880   0.3305  -0.1126   0.2270   0.0198   0.1000   0.1000   0.1000   0.0068   0.1000   0.1000  -0.2045  -0.3108   0.0115
2146   1.1525   1.1194  -0.6279   0.7305   0.2879   0.3310  -0.1126   0.2270   0.0200   0.1000   0.1000   0.1000   0.0068   0.1000   0.1000  -0.2045  -0.3108   0.0114
2147   1.1383   1.1052  -0.6279   0.7162   0.2879   0.3315  -0.1126   0.2270   0.0202   0.1000   0.1000   0.1000   0.0069   0.1000   0.1000  -0.2045  -0.3108   0.0114
2148   1.1242   1.0910  -0.6279   0.7019   0.2878   0.3320  -0.1126   0.2269   0.0204   0.1000   0.1000   0.1000   0.0069   0.1000   0.1000  -0.2045  -0.3108   0.0114
2149   1.1101   1.0769  -0.6279   0.6878   0.2878   0.3325  -0.1126   0.2269   0.0207   0.1000   0.1000   0.1000   0.0070   0.1000   0.1000  -0.2045  -0.3108   0.0114
2150   1.0961   1.0629  -0.6279   0.6737   0.2878   0.3330  -0.1126   0.2269   0.0209   0.1000   0.1000   0.1000   0.0070   0.1000   0.1000  -0.2045  -0.3108   0.0114
2151   1.0821   1.0490  -0.6279   0.6596   0.2877   0.3334  -0.1126   0.2269   0.0211   0.1000   0.1000   0.1000   0.0071   0.1000   0.1000  -0.2045  -0.3108   0.0114
2152   1.0683   1.0351  -0.6279   0.6457   0.2877   0.3339  -0.1126   0.2269   0.0213   0.1000   0.1000   0.1000   0.0071   0.1000   0.1000  -0.2045  -0.3108   0.0114
2153   1.0544   1.0213  -0.6279   0.6318   0.2877   0.3344  -0.1126   0.2269   0.0215   0.1000   0.1000   0.1000   0.0072   0.1000   0.1000  -0.2045  -0.3108   0.0114
2154   1.0407   1.0076  -0.6279   0.6179   0.2877   0.3349  -0.1126   0.2269   0.0217   0.1000   0.1000   0.1000   0.0072   0.1000   0.1000  -0.2045  -0.3108   0.0114
2155   1.0270   0.9939  -0.6279   0.6042   0.2877   0.3353  -0.1126   0.2269   0.0219   0.1000   0.1000   0.1000   0.0072   0.1000   0.1000  -0.2045  -0.3108   0.0114
2156   1.0134   0.9803  -0.6279   0.5904   0.2876   0.3358  -0.1126   0.2269   0.0221   0.1000   0.1000   0.1000   0.0073   0.1000   0.1000  -0.2045  -0.3108   0.0114
2157   0.9999   0.9667  -0.6279   0.5768   0.2876   0.3362  -0.1126   0.2269   0.0223   0.1000   0.1000   0.1000   0.0073   0.1000   0.1000  -0.2045  -0.3108   0.0114
2158   0.9864   0.9532  -0.6279   0.5632   0.2876   0.3367  -0.1126   0.2269   0.0225   0.1000   0.1000   0.1000   0.0074   0.1000   0.1000  -0.2045  -0.3108   0.0114
2159   0.9729   0.9398  -0.6279   0.5496   0.2876   0.3371  -0.1126   0.2269   0.0227   0.1000   0.1000   0.1000   0.0074   0.1000   0.1000  -0.2045  -0.3108   0.0114
2160   0.9596   0.9264  -0.6279   0.5362   0.2876   0.3376  -0.1126   0.2269   0.0228   0.1000   0.1000   0.1000   0.0075   0.1000   0.1000  -0.2045  -0.3108   0.0114
2161   0.9462   0.9131  -0.6279   0.5227   0.2876   0.3380  -0.1126   0.2268   0.0230   0.1000   0.1000   0.1000   0.0075   0.1000   0.1000  -0.2045  -0.3108   0.0114
2162   0.9330   0.8999  -0.6279   0.5094   0.2876   0.3384  -0.1126   0.2268   0.0232   0.1000   0.1000   0.1000   0.0076   0.1000   0.1000  -0.2045  -0.3108   0.0114
2163   0.9198   0.8867  -0.6279   0.4960   0.2876   0.3389  -0.1126   0.2268   0.0234   0.1000   0.1000   0.1000   0.0076   0.1000   0.1000  -0.2045  -0.3108   0.0114
2164   0.9067   0.8735  -0.6279   0.4828   0.2875   0.3393  -0.1126   0.2268   0.0235   0.1000   0.1000   0.1000   0.0076   0.1000   0.1000  -0.2045  -0.3108   0.0114
2165   0.8936   0.8604  -0.6279   0.4696   0.2875   0.3397  -0.1126   0.2268   0.0237   0.1000   0.1000   0.1000   0.0077   0.1000   0.1000  -0.2045  -0.3108   0.0114
2166   0.8805   0.8474  -0.6279   0.4564   0.2875   0.3401  -0.1126   0.2268   0.0239   0.1000   0.1000   0.1000   0.0077   0.1000   0.1000  -0.2045  -0.3108   0.0114
2167   0.8676   0.8344  -0.6279   0.4433   0.2875   0.3406  -0.1126   0.2268   0.0241   0.1000   0.1000   0.1000   0.0078   0.1000   0.1000  -0.2045  -0.3108   0.0114
2168   0.8546   0.8215  -0.6279   0.4303   0.2875   0.3410  -0.1126   0.2268   0.0242   0.1000   0.1000   0.1000   0.0078   0.1000   0.1000  -0.2045  -0.3108   0.0114
2169   0.8418   0.8086  -0.6279   0.4173   0.2875   0.3414  -0.1126   0.2268   0.0244   0.1000   0.1000   0.1000   0.0079   0.1000   0.1000  -0.2045  -0.3108   0.0114
2170   0.8290   0.7958  -0.6279   0.4044   0.2875   0.3418  -0.1126   0.2268   0.0245   0.1000   0.1000   0.1000   0.0079   0.1000   0.1000  -0.2045  -0.3108   0.0114
2171   0.8162   0.7830  -0.6279   0.3915   0.2875   0.3422  -0.1126   0.2268   0.0247   0.1000   0.1000   0.1000   0.0079   0.1000   0.1000  -0.2045  -0.3108   0.0114
2172   0.8035   0.7703  -0.6279   0.3787   0.2875   0.3426  -0.1126   0.2268   0.0249   0.1000   0.1000   0.1000   0.0080   0.1000   0.1000  -0.2045  -0.3108   0.0114
2173   0.7908   0.7577  -0.6279   0.3659   0.2875   0.3430  -0.1126   0.2268   0.0250   0.1000   0.1000   0.1000   0.0080   0.1000   0.1000  -0.2045  -0.3108   0.0114
2174   0.7782   0.7451  -0.6279   0.3532   0.2875   0.3433  -0.1126   0.2268   0.0252   0.1000   0.1000   0.1000   0.0081   0.1000   0.1000  -0.2045  -0.3108   0.0114
2175   0.7656   0.7325  -0.6279   0.3405   0.2875   0.3437  -0.1126   0.2268   0.0253   0.1000   0.1000   0.1000   0.0081   0.1000   0.1000  -0.2045  -0.3108   0.0114
2176   0.7531   0.7200  -0.6279   0.3278   0.2875   0.3441  -0.1126   0.2268   0.0255   0.1000   0.1000   0.1000   0.0082   0.1000   0.1000  -0.2045  -0.3108   0.0114
2177   0.7407   0.7075  -0.6279   0.3152   0.2875   0.3445  -0.1126   0.2268   0.0256   0.1000   0.1000   0.1000   0.0082   0.1000   0.1000  -0.2045  -0.3108   0.0114
2178   0.7282   0.6951  -0.6279   0.3027   0.2875   0.3449  -0.1126   0.2268   0.0257   0.1000   0.1000   0.1000   0.0083   0.1000   0.1000  -0.2045  -0.3108   0.0114
2179   0.7159   0.6827  -0.6279   0.2902   0.2875   0.3452  -0.1126   0.2268   0.0259   0.1000   0.1000   0.1000   0.0083   0.1000   0.1000  -0.2045  -0.3108   0.0114
2180   0.7035   0.6704  -0.6279   0.2778   0.2875   0.3456  -0.1126   0.2268   0.0260   0.1000   0.1000   0.1000   0.0083   0.1000   0.1000  -0.2045  -0.3108   0.0114
2181   0.6913   0.6581  -0.6279   0.2654   0.2875   0.3460  -0.1126   0.2268   0.0262   0.1000   0.1000   0.1000   0.0084   0.1000   0.1000  -0.2045  -0.3108   0.0114
2182   0.6790   0.6459  -0.6279   0.2530   0.2875   0.3463  -0.1126   0.2268   0.0263   0.1000   0.1000   0.1000   0.0084   0.1000   0.1000  -0.2045  -0.3108   0.0114
2183   0.6668   0.6337  -0.6279   0.2407   0.2875   0.3467  -0.1126   0.2268   0.0264   0.1000   0.1000   0.1000   0.0085   0.1000   0.1000  -0.2045  -0.3108   0.0114
2184   0.6547   0.6216  -0.6279   0.2285   0.2875   0.3470  -0.1126   0.2268   0.0266   0.1000   0.1000   0.1000   0.0085   0.1000   0.1000  -0.2045  -0.3108   0.0114
2185   0.6426   0.6095  -0.6279   0.2162   0.2875   0.3474  -0.1126   0.2268   0.0267   0.1000   0.1000   0.1000   0.0086   0.1000   0.1000  -0.2045  -0.3108   0.0114
2186   0.6306   0.5974  -0.6279   0.2041   0.2875   0.3477  -0.1126   0.2268   0.0268   0.1000   0.1000   0.1000   0.0086   0.1000   0.1000  -0.2045  -0.3108   0.0114
2187   0.6185   0.5854  -0.6279   0.1919   0.2875   0.3481  -0.1126   0.2268   0.0269   0.1000   0.1000   0.1000   0.0087   0.1000   0.1000  -0.2045  -0.3108   0.0114
2188   0.6066   0.5734  -0.6279   0.1799   0.2875   0.3484  -0.1126   0.2268   0.0271   0.1000   0.1000   0.1000   0.0087   0.1000   0.1000  -0.2045  -0.3108   0.0114
2189   0.5947   0.5615  -0.6279   0.1678   0.2875   0.3488  -0.1126   0.2268   0.0272   0.1000   0.1000   0.1000   0.0087   0.1000   0.1000  -0.2045  -0.3108   0.0114
2190   0.5828   0.5496  -0.6279   0.1558   0.2875   0.3491  -0.1126   0.2268   0.0273   0.1000   0.1000   0.1000   0.0088   0.1000   0.1000  -0.2045  -0.3108   0.0114
2191   0.5709   0.5378  -0.6279   0.1439   0.2875   0.3494  -0.1126   0.2268   0.0274   0.1000   0.1000   0.1000   0.0088   0.1000   0.1000  -0.2045  -0.3108   0.0114
2192   0.5591   0.5260  -0.6279   0.1319   0.2875   0.3497  -0.1126   0.2268   0.0276   0.1000   0.1000   0.1000   0.0089   0.1000   0.1000  -0.2045  -0.3108   0.0114
2193   0.5474   0.5142  -0.6279   0.1201   0.2875   0.3501  -0.1126   0.2268   0.0277   0.1000   0.1000   0.1000   0.0089   0.1000   0.1000  -0.2045  -0.3108   0.0114
2194   0.5363   0.5031  -0.6279   0.1088   0.2875   0.3504  -0.1126   0.2268   0.0278   0.1000   0.1000   0.1000   0.0090   0.1000   0.1000  -0.2045  -0.3108   0.0114
2195   0.5275   0.4943  -0.6279   0.0999   0.2875   0.3507  -0.1126   0.2268   0.0279   0.1000   0.1000   0.1000   0.0090   0.1000   0.1000  -0.2045  -0.3108   0.0114
2196   0.5231   0.4900  -0.6279   0.0954   0.2875   0.3510  -0.1126   0.2268   0.0280   0.1000   0.1000   0.1000   0.0090   0.1000   0.1000  -0.2045  -0.3108   0.0114
2197   0.5252   0.4921  -0.6279   0.0975   0.2875   0.3513  -0.1126   0.2268   0.0281   0.1000   0.1000   0.1000   0.0091   0.1000   0.1000  -0.2045  -0.3108   0.0114
2198   0.5359   0.5027  -0.6279   0.1079   0.2875   0.3516  -0.1126   0.2268   0.0282   0.1000   0.1000   0.1000   0.0091   0.1000   0.1000  -0.2045  -0.3108   0.0114
2199   0.5568   0.5236  -0.6279   0.1287   0.2875   0.3520  -0.1126   0.2268   0.0284   0.1000   0.1000   0.1000   0.0092   0.1000   0.1000  -0.2045  -0.3108   0.0114
2200   0.5897   0.5565  -0.6279   0.1615   0.2875   0.3523  -0.1126   0.2268   0.0285   0.1000   0.1000   0.1000   0.0092   0.1000   0.1000  -0.2045  -0.3108   0.0114
2201   0.6340   0.6009  -0.6279   0.2057   0.2875   0.3526  -0.1126   0.2268   0.0286   0.1000   0.1000   0.1000   0.0093   0.1000   0.1000  -0.2045  -0.3108   0.0114
2202   0.6869   0.6538  -0.6279   0.2586   0.2875   0.3529  -0.1126   0.2268   0.0287   0.1000   0.1000   0.1000   0.0093   0.1000   0.1000  -0.2045  -0.3108   0.0114
2203   0.7459   0.7128  -0.6279   0.3174   0.2875   0.3532  -0.1126   0.2268   0.0288   0.1000   0.1000   0.1000   0.0094   0.1000   0.1000  -0.2045  -0.3108   0.0114
2204   0.8085   0.7754  -0.6279   0.3799   0.2875   0.3534  -0.1126   0.2268   0.0289   0.1000   0.1000   0.1000   0.0094   0.1000   0.1000  -0.2045  -0.3108   0.0114
2205   0.8725   0.8394  -0.6279   0.4438   0.2875   0.3537  -0.1126   0.2268   0.0290   0.1000   0.1000   0.1000   0.0094   0.1000   0.1000  -0.2045  -0.3108   0.0114
2206   0.9359   0.9028  -0.6279   0.5071   0.2875   0.3540  -0.1126   0.2268   0.0291   0.1000   0.1000   0.1000   0.0095   0.1000   0.1000  -0.2045  -0.3108   0.0114
2207   0.9968   0.9637  -0.6279   0.5679   0.2875   0.3543  -0.1126   0.2268   0.0292   0.1000   0.1000   0.1000   0.0095   0.1000   0.1000  -0.2045  -0.3108   0.0114
2208   1.0535   1.0203  -0.6279   0.6244   0.2875   0.3546  -0.1126   0.2268   0.0293   0.1000   0.1000   0.1000   0.0096   0.1000   0.1000  -0.2045  -0.3108   0.0114
2209   1.1042   1.0711  -0.6279   0.6750   0.2875   0.3549  -0.1126   0.2268   0.0294   0.1000   0.1000   0.1000   0.0096   0.1000   0.1000  -0.2045  -0.3108   0.0114
2210   1.1475   1.1143  -0.6279   0.7182   0.2875   0.3551  -0.1126   0.2268   0.0295   0.1000   0.1000   0.1000   0.0097   0.1000   0.1000  -0.2045  -0.3108   0.0114
2211   1.1835   1.1504  -0.6279   0.7541   0.2875   0.3554  -0.1126   0.2268   0.0296   0.1000   0.1000   0.1000   0.0097   0.1000   0.1000  -0.2045  -0.3108   0.0114
2212   1.2143   1.1812  -0.6279   0.7848   0.2875   0.3557  -0.1126   0.2268   0.0296   0.1000   0.1000   0.1000   0.0097   0.1000   0.1000  -0.2045  -0.3108   0.0114
2213   1.2419   1.2088  -0.6279   0.8123   0.2875   0.3560  -0.1126   0.2268   0.0297   0.1000   0.1000   0.1000   0.0098   0.1000   0.1000  -0.2045  -0.3108   0.0114
2214   1.2682   1.2350  -0.6279   0.8384   0.2875   0.3562  -0.1126   0.2268   0.0298   0.1000   0.1000   0.1000   0.0098   0.1000   0.1000  -0.2045  -0.3108   0.0114
2215   1.2949   1.2617  -0.6279   0.8650   0.2875   0.3565  -0.1126   0.2268   0.0299   0.1000   0.1000   0.1000   0.0099   0.1000   0.1000  -0.2045  -0.3108   0.0114
2216   1.3219   1.2888  -0.6279   0.8920   0.2875   0.3568  -0.1126   0.2268   0.0300   0.1000   0.1000   0.1000   0.0099   0.1000   0.1000  -0.2045  -0.3108   0.0114
2217   1.3493   1.3161  -0.6279   0.9192   0.2875   0.3570  -0.1126   0.2268   0.0301   0.1000   0.1000   0.1000   0.0100   0.1000   0.1000  -0.2045  -0.3108   0.0114
2218   1.3769   1.3438  -0.6279   0.9467   0.2875   0.3573  -0.1126   0.2268   0.0302   0.1000   0.1000   0.1000   0.0100   0.1000   0.1000  -0.2045  -0.3108   0.0114
2219   1.4028   1.3697  -0.6279   0.9725   0.2875   0.3575  -0.1126   0.2268   0.0303   0.1000   0.1000   0.1000   0.0101   0.1000   0.1000  -0.2045  -0.3108   0.0114
2220   1.4271   1.3940  -0.6279   0.9967   0.2875   0.3578  -0.1126   0.2268   0.0303   0.1000   0.1000   0.1000   0.0101   0.1000   0.1000  -0.2045  -0.3108   0.0114
2221   1.4499   1.4168  -0.6279   1.0194   0.2875   0.3580  -0.1126   0.2268   0.0304   0.1000   0.1000   0.1000   0.0101   0.1000   0.1000  -0.2045  -0.3108   0.0114
2222   1.4712   1.4381  -0.6279   1.0406   0.2875   0.3583  -0.1126   0.2268   0.0305   0.1000   0.1000   0.1000   0.0102   0.1000   0.1000  -0.2045  -0.3108   0.0114
2223   1.4911   1.4580  -0.6279   1.0604   0.2875   0.3585  -0.1126   0.2268   0.0306   0.1000   0.1000   0.1000   0.0102   0.1000   0.1000  -0.2045  -0.3108   0.0114
2224   1.5096   1.4765  -0.6279   1.0788   0.2875   0.3588  -0.1126   0.2268   0.0307   0.1000   0.1000   0.1000   0.0103   0.1000   0.1000  -0.2045  -0.3108   0.0114
2225   1.5287   1.4955  -0.6279   1.0977   0.2875   0.3590  -0.1126   0.2268   0.0307   0.1000   0.1000   0.1000   0.0103   0.1000   0.1000  -0.2045  -0.3108   0.0114
2226   1.5501   1.5170  -0.6279   1.1191   0.2875   0.3592  -0.1126   0.2268   0.0308   0.1000   0.1000   0.1000   0.0104   0.1000   0.1000  -0.2045  -0.3108   0.0114
2227   1.5738   1.5407  -0.6279   1.1427   0.2875   0.3595  -0.1126   0.2268   0.0309   0.1000   0.1000   0.1000   0.0104   0.1000   0.1000  -0.2045  -0.3108   0.0114
2228   1.5997   1.5666  -0.6279   1.1685   0.2875   0.3597  -0.1126   0.2268   0.0310   0.1000   0.1000   0.1000   0.0104   0.1000   0.1000  -0.2045  -0.3108   0.0114
2229   1.6277   1.5945  -0.6279   1.1963   0.2875   0.3599  -0.1126   0.2268   0.0311   0.1000   0.1000   0.1000   0.0105   0.1000   0.1000  -0.2045  -0.3108   0.0114
2230   1.6557   1.6226  -0.6279   1.2243   0.2875   0.3602  -0.1126   0.2268   0.0311   0.1000   0.1000   0.1000   0.0105   0.1000   0.1000  -0.2045  -0.3108   0.0114
2231   1.6821   1.6490  -0.6279   1.2505   0.2875   0.3604  -0.1126   0.2268   0.0312   0.1000   0.1000   0.1000   0.0106   0.1000   0.1000  -0.2045  -0.3108   0.0114
2232   1.7068   1.6737  -0.6279   1.2751   0.2875   0.3606  -0.1126   0.2268   0.0313   0.1000   0.1000   0.1000   0.0106   0.1000   0.1000  -0.2045  -0.3108   0.0114
2233   1.7301   1.6969  -0.6279   1.2982   0.2875   0.3608  -0.1126   0.2268   0.0313   0.1000   0.1000   0.1000   0.0107   0.1000   0.1000  -0.2045  -0.3108   0.0114
2234   1.7518   1.7187  -0.6279   1.3199   0.2875   0.3611  -0.1126   0.2268   0.0314   0.1000   0.1000   0.1000   0.0107   0.1000   0.1000  -0.2045  -0.3108   0.0114
2235   1.7722   1.7391  -0.6279   1.3402   0.2875   0.3613  -0.1126   0.2268   0.0315   0.1000   0.1000   0.1000   0.0107   0.1000   0.1000  -0.2045  -0.3108   0.0114
2236   1.7894   1.7563  -0.6279   1.3573   0.2875   0.3615  -0.1126   0.2268   0.0316   0.1000   0.1000   0.1000   0.0108   0.1000   0.1000  -0.2045  -0.3108   0.0114
2237   1.8037   1.7705  -0.6279   1.3714   0.2875   0.3617  -0.1126   0.2268   0.0316   0.1000   0.1000   0.1000   0.0108   0.1000   0.1000  -0.2045  -0.3108   0.0114
2238   1.8150   1.7818  -0.6279   1.3827   0.2875   0.3619  -0.1126   0.2268   0.0317   0.1000   0.1000   0.1000   0.0109   0.1000   0.1000  -0.2045  -0.3108   0.0114
2239   1.8235   1.7904  -0.6279   1.3911   0.2875   0.3621  -0.1126   0.2268   0.0318   0.1000   0.1000   0.1000   0.0109   0.1000   0.1000  -0.2045  -0.3108   0.0114
2240   1.8293   1.7962  -0.6279   1.3968   0.2875   0.3624  -0.1126   0.2268   0.0318   0.1000   0.1000   0.1000   0.0110   0.1000   0.1000  -0.2045  -0.3108   0.0114
2241   1.8306   1.7975  -0.6279   1.3980   0.2875   0.3626  -0.1126   0.2268   0.0319   0.1000   0.1000   0.1000   0.0110   0.1000   0.1000  -0.2045  -0.3108   0.0114
2242   1.8276   1.7945  -0.6279   1.3949   0.2875   0.3628  -0.1126   0.2268   0.0320   0.1000   0.1000   0.1000   0.0110   0.1000   0.1000  -0.2045  -0.3108   0.0114
2243   1.8222   1.7891  -0.6279   1.3894   0.2875   0.3630  -0.1126   0.2268   0.0320   0.1000   0.1000   0.1000   0.0111   0.1000   0.1000  -0.2045  -0.3108   0.0114
2244   1.8161   1.7830  -0.6279   1.3832   0.2875   0.3632  -0.1126   0.2268   0.0321   0.1000   0.1000   0.1000   0.0111   0.1000   0.1000  -0.2045  -0.3108   0.0114
2245   1.8095   1.7763  -0.6279   1.3764   0.2875   0.3634  -0.1126   0.2268   0.0321   0.1000   0.1000   0.1000   0.0112   0.1000   0.1000  -0.2045  -0.3108   0.0114
2246   1.8021   1.7689  -0.6279   1.3689   0.2875   0.3636  -0.1126   0.2268   0.0322   0.1000   0.1000   0.1000   0.0112   0.1000   0.1000  -0.2045  -0.3108   0.0114
2247   1.7958   1.7627  -0.6279   1.3626   0.2875   0.3638  -0.1126   0.2268   0.0323   0.1000   0.1000   0.1000   0.0113   0.1000   0.1000  -0.2045  -0.3108   0.0114
2248   1.7906   1.7575  -0.6279   1.3572   0.2875   0.3640  -0.1126   0.2268   0.0323   0.1000   0.1000   0.1000   0.0113   0.1000   0.1000  -0.2045  -0.3108   0.0114
2249   1.7863   1.7532  -0.6279   1.3529   0.2875   0.3642  -0.1126   0.2268   0.0324   0.1000   0.1000   0.1000   0.0113   0.1000   0.1000  -0.2045  -0.3108   0.0114
2250   1.7830   1.7499  -0.6279   1.3494   0.2875   0.3643  -0.1126   0.2268   0.0324   0.1000   0.1000   0.1000   0.0114   0.1000   0.1000  -0.2045  -0.3108   0.0114
2251   1.7805   1.7474  -0.6279   1.3469   0.2875   0.3645  -0.1126   0.2268   0.0325   0.1000   0.1000   0.1000   0.0114   0.1000   0.1000  -0.2045  -0.3108   0.0114
2252   1.7789   1.7458  -0.6279   1.3451   0.2875   0.3647  -0.1126   0.2268   0.0326   0.1000   0.1000   0.1000   0.0115   0.1000   0.1000  -0.2045  -0.3108   0.0114
2253   1.7781   1.7449  -0.6279   1.3442   0.2875   0.3649  -0.1126   0.2268   0.0326   0.1000   0.1000   0.1000   0.0115   0.1000   0.1000  -0.2045  -0.3108   0.0114
2254   1.7780   1.7448  -0.6279   1.3440   0.2875   0.3651  -0.1126   0.2268   0.0327   0.1000   0.1000   0.1000   0.0116   0.1000   0.1000  -0.2045  -0.3108   0.0114
2255   1.7786   1.7455  -0.6279   1.3446   0.2875   0.3653  -0.1126   0.2268   0.0327   0.1000   0.1000   0.1000   0.0116   0.1000   0.1000  -0.2045  -0.3108   0.0114
2256   1.7800   1.7469  -0.6279   1.3458   0.2875   0.3654  -0.1126   0.2268   0.0328   0.1000   0.1000   0.1000   0.0117   0.1000   0.1000  -0.2045  -0.3108   0.0114
2257   1.7820   1.7489  -0.6279   1.3478   0.2875   0.3656  -0.1126   0.2268   0.0328   0.1000   0.1000   0.1000   0.0117   0.1000   0.1000  -0.2045  -0.3108   0.0114
2258   1.7848   1.7516  -0.6279   1.3504   0.2875   0.3658  -0.1126   0.2268   0.0329   0.1000   0.1000   0.1000   0.0117   0.1000   0.1000  -0.2045  -0.3108   0.0114
2259   1.7881   1.7550  -0.6279   1.3537   0.2875   0.3660  -0.1126   0.2268   0.0329   0.1000   0.1000   0.1000   0.0118   0.1000   0.1000  -0.2045  -0.3108   0.0114
2260   1.7921   1.7589  -0.6279   1.3575   0.2875   0.3662  -0.1126   0.2268   0.0330   0.1000   0.1000   0.1000   0.0118   0.1000   0.1000  -0.2045  -0.3108   0.0114
2261   1.7967   1.7635  -0.6279   1.3620   0.2875   0.3663  -0.1126   0.2268   0.0330   0.1000   0.1000   0.1000   0.0119   0.1000   0.1000  -0.2045  -0.3108   0.0114
2262   1.8018   1.7687  -0.6279   1.3671   0.2875   0.3665  -0.1126   0.2268   0.0331   0.1000   0.1000   0.1000   0.0119   0.1000   0.1000  -0.2045  -0.3108   0.0114
2263   1.8076   1.7744  -0.6279   1.3727   0.2875   0.3667  -0.1126   0.2268   0.0331   0.1000   0.1000   0.1000   0.0120   0.1000   0.1000  -0.2045  -0.3108   0.0114
2264   1.8139   1.7807  -0.6279   1.3789   0.2875   0.3668  -0.1126   0.2268   0.0332   0.1000   0.1000   0.1000   0.0120   0.1000   0.1000  -0.2045  -0.3108   0.0114
2265   1.8207   1.7876  -0.6279   1.3857   0.2875   0.3670  -0.1126   0.2268   0.0332   0.1000   0.1000   0.1000   0.0120   0.1000   0.1000  -0.2045  -0.3108   0.0114
2266   1.8281   1.7950  -0.6279   1.3930   0.2875   0.3672  -0.1126   0.2268   0.0333   0.1000   0.1000   0.1000   0.0121   0.1000   0.1000  -0.2045  -0.3108   0.0114
2267   1.8360   1.8028  -0.6279   1.4008   0.2875   0.3673  -0.1126   0.2268   0.0333   0.1000   0.1000   0.1000   0.0121   0.1000   0.1000  -0.2045  -0.3108   0.0114
2268   1.8444   1.8112  -0.6279   1.4091   0.2875   0.3675  -0.1126   0.2268   0.0334   0.1000   0.1000   0.1000   0.0122   0.1000   0.1000  -0.2045  -0.3108   0.0114
2269   1.8515   1.8184  -0.6279   1.4161   0.2875   0.3676  -0.1126   0.2268   0.0334   0.1000   0.1000   0.1000   0.0122   0.1000   0.1000  -0.2045  -0.3108   0.0114
2270   1.8574   1.8242  -0.6279   1.4219   0.2875   0.3678  -0.1126   0.2268   0.0335   0.1000   0.1000   0.1000   0.0123   0.1000   0.1000  -0.2045  -0.3108   0.0114
2271   1.8621   1.8289  -0.6279   1.4264   0.2875   0.3680  -0.1126   0.2268   0.0335   0.1000   0.1000   0.1000   0.0123   0.1000   0.1000  -0.2045  -0.3108   0.0114
2272   1.8656   1.8325  -0.6279   1.4299   0.2875   0.3681  -0.1126   0.2268   0.0336   0.1000   0.1000   0.1000   0.0123   0.1000   0.1000  -0.2045  -0.3108   0.0114
2273   1.8680   1.8349  -0.6279   1.4322   0.2875   0.3683  -0.1126   0.2268   0.0336   0.1000   0.1000   0.1000   0.0124   0.1000   0.1000  -0.2045  -0.3108   0.0114
2274   1.8694   1.8362  -0.6279   1.4335   0.2875   0.3684  -0.1126   0.2268   0.0336   0.1000   0.1000   0.1000   0.0124   0.1000   0.1000  -0.2045  -0.3108   0.0114
2275   1.8697   1.8366  -0.6279   1.4337   0.2875   0.3686  -0.1126   0.2268   0.0337   0.1000   0.1000   0.1000   0.0125   0.1000   0.1000  -0.2045  -0.3108   0.0114
2276   1.8690   1.8358  -0.6279   1.4329   0.2875   0.3687  -0.1126   0.2268   0.0337   0.1000   0.1000   0.1000   0.0125   0.1000   0.1000  -0.2045  -0.3108   0.0114
2277   1.8673   1.8341  -0.6279   1.4311   0.2875   0.3689  -0.1126   0.2268   0.0338   0.1000   0.1000   0.1000   0.0126   0.1000   0.1000  -0.2045  -0.3108   0.0114
2278   1.8646   1.8314  -0.6279   1.4283   0.2875   0.3690  -0.1126   0.2268   0.0338   0.1000   0.1000   0.1000   0.0126   0.1000   0.1000  -0.2045  -0.3108   0.0114
2279   1.8609   1.8278  -0.6279   1.4246   0.2875   0.3692  -0.1126   0.2268   0.0339   0.1000   0.1000   0.1000   0.0126   0.1000   0.1000  -0.2045  -0.3108   0.0114
2280   1.8563   1.8232  -0.6279   1.4199   0.2875   0.3693  -0.1126   0.2268   0.0339   0.1000   0.1000   0.1000   0.0127   0.1000   0.1000  -0.2045  -0.3108   0.0114
2281   1.8508   1.8176  -0.6279   1.4142   0.2875   0.3695  -0.1126   0.2268   0.0339   0.1000   0.1000   0.1000   0.0127   0.1000   0.1000  -0.2045  -0.3108   0.0114
2282   1.8443   1.8112  -0.6279   1.4077   0.2875   0.3696  -0.1126   0.2268   0.0340   0.1000   0.1000   0.1000   0.0128   0.1000   0.1000  -0.2045  -0.3108   0.0114
2283   1.8369   1.8038  -0.6279   1.4002   0.2875   0.3697  -0.1126   0.2268   0.0340   0.1000   0.1000   0.1000   0.0128   0.1000   0.1000  -0.2045  -0.3108   0.0114
2284   1.8286   1.7955  -0.6279   1.3918   0.2875   0.3699  -0.1126   0.2268   0.0341   0.1000   0.1000   0.1000   0.0128   0.1000   0.1000  -0.2045  -0.3108   0.0114
2285   1.8194   1.7863  -0.6279   1.3825   0.2875   0.3700  -0.1126   0.2268   0.0341   0.1000   0.1000   0.1000   0.0129   0.1000   0.1000  -0.2045  -0.3108   0.0114
2286   1.8094   1.7762  -0.6279   1.3724   0.2875   0.3701  -0.1126   0.2268   0.0341   0.1000   0.1000   0.1000   0.0129   0.1000   0.1000  -0.2045  -0.3108   0.0114
2287   1.7984   1.7653  -0.6279   1.3613   0.2875   0.3703  -0.1126   0.2268   0.0342   0.1000   0.1000   0.1000   0.0130   0.1000   0.1000  -0.2045  -0.3108   0.0114
2288   1.7848   1.7517  -0.6279   1.3476   0.2875   0.3704  -0.1126   0.2268   0.0342   0.1000   0.1000   0.1000   0.0130   0.1000   0.1000  -0.2045  -0.3108   0.0114
2289   1.7686   1.7354  -0.6279   1.3313   0.2875   0.3705  -0.1126   0.2268   0.0343   0.1000   0.1000   0.1000   0.0131   0.1000   0.1000  -0.2045  -0.3108   0.0114
2290   1.7497   1.7166  -0.6279   1.3124   0.2875   0.3707  -0.1126   0.2268   0.0343   0.1000   0.1000   0.1000   0.0131   0.1000   0.1000  -0.2045  -0.3108   0.0114
2291   1.7284   1.6952  -0.6279   1.2909   0.2875   0.3708  -0.1126   0.2268   0.0343   0.1000   0.1000   0.1000   0.0131   0.1000   0.1000  -0.2045  -0.3108   0.0114
2292   1.7063   1.6732  -0.6279   1.2688   0.2875   0.3709  -0.1126   0.2268   0.0344   0.1000   0.1000   0.1000   0.0132   0.1000   0.1000  -0.2045  -0.3108   0.0114
2293   1.6855   1.6523  -0.6279   1.2478   0.2875   0.3711  -0.1126   0.2268   0.0344   0.1000   0.1000   0.1000   0.0132   0.1000   0.1000  -0.2045  -0.3108   0.0114
2294   1.6656   1.6325  -0.6279   1.2279   0.2875   0.3712  -0.1126   0.2268   0.0344   0.1000   0.1000   0.1000   0.0133   0.1000   0.1000  -0.2045  -0.3108   0.0114
2295   1.6450   1.6119  -0.6279   1.2072   0.2875   0.3713  -0.1126   0.2268   0.0345   0.1000   0.1000   0.1000   0.0133   0.1000   0.1000  -0.2045  -0.3108   0.0114
2296   1.6235   1.5904  -0.6279   1.1856   0.2875   0.3714  -0.1126   0.2268   0.0345   0.1000   0.1000   0.1000   0.0134   0.1000   0.1000  -0.2045  -0.3108   0.0114
2297   1.6023   1.5692  -0.6279   1.1643   0.2875   0.3716  -0.1126   0.2268   0.0345   0.1000   0.1000   0.1000   0.0134   0.1000   0.1000  -0.2045  -0.3108   0.0114
2298   1.5814   1.5483  -0.6279   1.1434   0.2875   0.3717  -0.1126   0.2268   0.0346   0.1000   0.1000   0.1000   0.0134   0.1000   0.1000  -0.2045  -0.3108   0.0114
2299   1.5609   1.5278  -0.6279   1.1228   0.2875   0.3718  -0.1126   0.2268   0.0346   0.1000   0.1000   0.1000   0.0135   0.1000   0.1000  -0.2045  -0.3108   0.0114
2300   1.5407   1.5076  -0.6279   1.1025   0.2875   0.3719  -0.1126   0.2268   0.0346   0.1000   0.1000   0.1000   0.0135   0.1000   0.1000  -0.2045  -0.3108   0.0114
2301   1.5208   1.4877  -0.6279   1.0825   0.2875   0.3720  -0.1126   0.2268   0.0347   0.1000   0.1000   0.1000   0.0136   0.1000   0.1000  -0.2045  -0.3108   0.0114
2302   1.5012   1.4680  -0.6279   1.0627   0.2875   0.3722  -0.1126   0.2268   0.0347   0.1000   0.1000   0.1000   0.0136   0.1000   0.1000  -0.2045  -0.3108   0.0114
2303   1.4818   1.4487  -0.6279   1.0433   0.2875   0.3723  -0.1126   0.2268   0.0347   0.1000   0.1000   0.1000   0.0137   0.1000   0.1000  -0.2045  -0.3108   0.0114
2304   1.4627   1.4295  -0.6279   1.0241   0.2875   0.3724  -0.1126   0.2268   0.0348   0.1000   0.1000   0.1000   0.0137   0.1000   0.1000  -0.2045  -0.3108   0.0114
2305   1.4438   1.4107  -0.6279   1.0051   0.2875   0.3725  -0.1126   0.2268   0.0348   0.1000   0.1000   0.1000   0.0137   0.1000   0.1000  -0.2045  -0.3108   0.0114
2306   1.4251   1.3920  -0.6279   0.9864   0.2875   0.3726  -0.1126   0.2268   0.0348   0.1000   0.1000   0.1000   0.0138   0.1000   0.1000  -0.2045  -0.3108   0.0114
2307   1.4067   1.3736  -0.6279   0.9678   0.2875   0.3727  -0.1126   0.2268   0.0349   0.1000   0.1000   0.1000   0.0138   0.1000   0.1000  -0.2045  -0.3108   0.0114
2308   1.3885   1.3553  -0.6279   0.9495   0.2875   0.3728  -0.1126   0.2268   0.0349   0.1000   0.1000   0.1000   0.0139   0.1000   0.1000  -0.2045  -0.3108   0.0114
2309   1.3704   1.3373  -0.6279   0.9314   0.2875   0.3730  -0.1126   0.2268   0.0349   0.1000   0.1000   0.1000   0.0139   0.1000   0.1000  -0.2045  -0.3108   0.0114
2310   1.3531   1.3199  -0.6279   0.9140   0.2875   0.3731  -0.1126   0.2268   0.0349   0.1000   0.1000   0.1000   0.0140   0.1000   0.1000  -0.2045  -0.3108   0.0114
2311   1.3359   1.3027  -0.6279   0.8967   0.2875   0.3732  -0.1126   0.2268   0.0350   0.1000   0.1000   0.1000   0.0140   0.1000   0.1000  -0.2045  -0.3108   0.0114
2312   1.3184   1.2852  -0.6279   0.8791   0.2875   0.3733  -0.1126   0.2268   0.0350   0.1000   0.1000   0.1000   0.0140   0.1000   0.1000  -0.2045  -0.3108   0.0114
2313   1.3010   1.2679  -0.6279   0.8617   0.2875   0.3734  -0.1126   0.2268   0.0350   0.1000   0.1000   0.1000   0.0141   0.1000   0.1000  -0.2045  -0.3108   0.0114
2314   1.2839   1.2507  -0.6279   0.8444   0.2875   0.3735  -0.1126   0.2268   0.0351   0.1000   0.1000   0.1000   0.0141   0.1000   0.1000  -0.2045  -0.3108   0.0114
2315   1.2668   1.2337  -0.6279   0.8273   0.2875   0.3736  -0.1126   0.2268   0.0351   0.1000   0.1000   0.1000   0.0142   0.1000   0.1000  -0.2045  -0.3108   0.0114
2316   1.2500   1.2168  -0.6279   0.8104   0.2875   0.3737  -0.1126   0.2268   0.0351   0.1000   0.1000   0.1000   0.0142   0.1000   0.1000  -0.2045  -0.3108   0.0114
2317   1.2333   1.2001  -0.6279   0.7936   0.2875   0.3738  -0.1126   0.2268   0.0351   0.1000   0.1000   0.1000   0.0142   0.1000   0.1000  -0.2045  -0.3108   0.0114
2318   1.2167   1.1836  -0.6279   0.7769   0.2875   0.3739  -0.1126   0.2268   0.0352   0.1000   0.1000   0.1000   0.0143   0.1000   0.1000  -0.2045  -0.3108   0.0114
2319   1.2003   1.1672  -0.6279   0.7604   0.2875   0.3740  -0.1126   0.2268   0.0352   0.1000   0.1000   0.1000   0.0143   0.1000   0.1000  -0.2045  -0.3108   0.0114
2320   1.1840   1.1509  -0.6279   0.7440   0.2875   0.3741  -0.1126   0.2268   0.0352   0.1000   0.1000   0.1000   0.0144   0.1000   0.1000  -0.2045  -0.3108   0.0114
2321   1.1679   1.1347  -0.6279   0.7278   0.2875   0.3742  -0.1126   0.2268   0.0352   0.1000   0.1000   0.1000   0.0144   0.1000   0.1000  -0.2045  -0.3108   0.0114
2322   1.1518   1.1187  -0.6279   0.7117   0.2875   0.3743  -0.1126   0.2268   0.0353   0.1000   0.1000   0.1000   0.0145   0.1000   0.1000  -0.2045  -0.3108   0.0114
2323   1.1359   1.1028  -0.6279   0.6957   0.2875   0.3744  -0.1126   0.2268   0.0353   0.1000   0.1000   0.1000   0.0145   0.1000   0.1000  -0.2045  -0.3108   0.0114
2324   1.1201   1.0870  -0.6279   0.6799   0.2875   0.3745  -0.1126   0.2268   0.0353   0.1000   0.1000   0.1000   0.0145   0.1000   0.1000  -0.2045  -0.3108   0.0114
2325   1.1045   1.0713  -0.6279   0.6641   0.2875   0.3746  -0.1126   0.2268   0.0354   0.1000   0.1000   0.1000   0.0146   0.1000   0.1000  -0.2045  -0.3108   0.0114
2326   1.0889   1.0558  -0.6279   0.6485   0.2875   0.3747  -0.1126   0.2268   0.0354   0.1000   0.1000   0.1000   0.0146   0.1000   0.1000  -0.2045  -0.3108   0.0114
2327   1.0735   1.0404  -0.6279   0.6330   0.2875   0.3748  -0.1126   0.2268   0.0354   0.1000   0.1000   0.1000   0.0147   0.1000   0.1000  -0.2045  -0.3108   0.0114
2328   1.0582   1.0250  -0.6279   0.6175   0.2875   0.3749  -0.1126   0.2268   0.0354   0.1000   0.1000   0.1000   0.0147   0.1000   0.1000  -0.2045  -0.3108   0.0114
2329   1.0430   1.0098  -0.6279   0.6022   0.2875   0.3750  -0.1126   0.2268   0.0354   0.1000   0.1000   0.1000   0.0148   0.1000   0.1000  -0.2045  -0.3108   0.0114
2330   1.0278   0.9947  -0.6279   0.5870   0.2875   0.3750  -0.1126   0.2268   0.0355   0.1000   0.1000   0.1000   0.0148   0.1000   0.1000  -0.2045  -0.3108   0.0114
2331   1.0128   0.9797  -0.6279   0.5719   0.2875   0.3751  -0.1126   0.2268   0.0355   0.1000   0.1000   0.1000   0.0148   0.1000   0.1000  -0.2045  -0.3108   0.0114
2332   0.9979   0.9648  -0.6279   0.5569   0.2875   0.3752  -0.1126   0.2268   0.0355   0.1000   0.1000   0.1000   0.0149   0.1000   0.1000  -0.2045  -0.3108   0.0114
2333   0.9831   0.9499  -0.6279   0.5420   0.2875   0.3753  -0.1126   0.2268   0.0355   0.1000   0.1000   0.1000   0.0149   0.1000   0.1000  -0.2045  -0.3108   0.0114
2334   0.9684   0.9352  -0.6279   0.5272   0.2875   0.3754  -0.1126   0.2268   0.0356   0.1000   0.1000   0.1000   0.0150   0.1000   0.1000  -0.2045  -0.3108   0.0114
2335   0.9537   0.9206  -0.6279   0.5125   0.2875   0.3755  -0.1126   0.2268   0.0356   0.1000   0.1000   0.1000   0.0150   0.1000   0.1000  -0.2045  -0.3108   0.0114
2336   0.9392   0.9061  -0.6279   0.4979   0.2875   0.3756  -0.1126   0.2268   0.0356   0.1000   0.1000   0.1000   0.0150   0.1000   0.1000  -0.2045  -0.3108   0.0114
2337   0.9247   0.8916  -0.6279   0.4834   0.2875   0.3757  -0.1126   0.2268   0.0356   0.1000   0.1000   0.1000   0.0151   0.1000   0.1000  -0.2045  -0.3108   0.0114
2338   0.9104   0.8772  -0.6279   0.4689   0.2875   0.3757  -0.1126   0.2268   0.0357   0.1000   0.1000   0.1000   0.0151   0.1000   0.1000  -0.2045  -0.3108   0.0114
2339   0.8961   0.8630  -0.6279   0.4546   0.2875   0.3758  -0.1126   0.2268   0.0357   0.1000   0.1000   0.1000   0.0152   0.1000   0.1000  -0.2045  -0.3108   0.0114
2340   0.8819   0.8488  -0.6279   0.4403   0.2875   0.3759  -0.1126   0.2268   0.0357   0.1000   0.1000   0.1000   0.0152   0.1000   0.1000  -0.2045  -0.3108   0.0114
2341   0.8678   0.8347  -0.6279   0.4261   0.2875   0.3760  -0.1126   0.2268   0.0357   0.1000   0.1000   0.1000   0.0153   0.1000   0.1000  -0.2045  -0.3108   0.0114
2342   0.8538   0.8206  -0.6279   0.4120   0.2875   0.3761  -0.1126   0.2268   0.0357   0.1000   0.1000   0.1000   0.0153   0.1000   0.1000  -0.2045  -0.3108   0.0114
2343   0.8398   0.8067  -0.6279   0.3980   0.2875   0.3762  -0.1126   0.2268   0.0358   0.1000   0.1000   0.1000   0.0153   0.1000   0.1000  -0.2045  -0.3108   0.0114
2344   0.8260   0.7928  -0.6279   0.3840   0.2875   0.3762  -0.1126   0.2268   0.0358   0.1000   0.1000   0.1000   0.0154   0.1000   0.1000  -0.2045  -0.3108   0.0114
2345   0.8122   0.7790  -0.6279   0.3702   0.2875   0.3763  -0.1126   0.2268   0.0358   0.1000   0.1000   0.1000   0.0154   0.1000   0.1000  -0.2045  -0.3108   0.0114
2346   0.7985   0.7653  -0.6279   0.3564   0.2875   0.3764  -0.1126   0.2268   0.0358   0.1000   0.1000   0.1000   0.0155   0.1000   0.1000  -0.2045  -0.3108   0.0114
2347   0.7848   0.7517  -0.6279   0.3427   0.2875   0.3765  -0.1126   0.2268   0.0358   0.1000   0.1000   0.1000   0.0155   0.1000   0.1000  -0.2045  -0.3108   0.0114
2348   0.7713   0.7381  -0.6279   0.3290   0.2875   0.3765  -0.1126   0.2268   0.0359   0.1000   0.1000   0.1000   0.0155   0.1000   0.1000  -0.2045  -0.3108   0.0114
2349   0.7578   0.7246  -0.6279   0.3154   0.2875   0.3766  -0.1126   0.2268   0.0359   0.1000   0.1000   0.1000   0.0156   0.1000   0.1000  -0.2045  -0.3108   0.0114
2350   0.7443   0.7112  -0.6279   0.3019   0.2875   0.3767  -0.1126   0.2268   0.0359   0.1000   0.1000   0.1000   0.0156   0.1000   0.1000  -0.2045  -0.3108   0.0114
2351   0.7310   0.6978  -0.6279   0.2885   0.2875   0.3768  -0.1126   0.2268   0.0359   0.1000   0.1000   0.1000   0.0157   0.1000   0.1000  -0.2045  -0.3108   0.0114
2352   0.7177   0.6846  -0.6279   0.2752   0.2875   0.3768  -0.1126   0.2268   0.0359   0.1000   0.1000   0.1000   0.0157   0.1000   0.1000  -0.2045  -0.3108   0.0114
2353   0.7045   0.6714  -0.6279   0.2619   0.2875   0.3769  -0.1126   0.2268   0.0360   0.1000   0.1000   0.1000   0.0158   0.1000   0.1000  -0.2045  -0.3108   0.0114
2354   0.6913   0.6582  -0.6279   0.2486   0.2875   0.3770  -0.1126   0.2268   0.0360   0.1000   0.1000   0.1000   0.0158   0.1000   0.1000  -0.2045  -0.3108   0.0114
2355   0.6783   0.6451  -0.6279   0.2355   0.2875   0.3771  -0.1126   0.2268   0.0360   0.1000   0.1000   0.1000   0.0158   0.1000   0.1000  -0.2045  -0.3108   0.0114
2356   0.6653   0.6321  -0.6279   0.2224   0.2875   0.3771  -0.1126   0.2268   0.0360   0.1000   0.1000   0.1000   0.0159   0.1000   0.1000  -0.2045  -0.3108   0.0114
2357   0.6523   0.6192  -0.6279   0.2094   0.2875   0.3772  -0.1126   0.2268   0.0360   0.1000   0.1000   0.1000   0.0159   0.1000   0.1000  -0.2045  -0.3108   0.0114
2358   0.6394   0.6063  -0.6279   0.1964   0.2875   0.3773  -0.1126   0.2268   0.0360   0.1000   0.1000   0.1000   0.0160   0.1000   0.1000  -0.2045  -0.3108   0.0114
2359   0.6266   0.5935  -0.6279   0.1835   0.2875   0.3773  -0.1126   0.2268   0.0361   0.1000   0.1000   0.1000   0.0160   0.1000   0.1000  -0.2045  -0.3108   0.0114
2360   0.6138   0.5807  -0.6279   0.1707   0.2875   0.3774  -0.1126   0.2268   0.0361   0.1000   0.1000   0.1000   0.0160   0.1000   0.1000  -0.2045  -0.3108   0.0114
2361   0.6011   0.5680  -0.6279   0.1579   0.2875   0.3775  -0.1126   0.2268   0.0361   0.1000   0.1000   0.1000   0.0161   0.1000   0.1000  -0.2045  -0.3108   0.0114
2362   0.5885   0.5554  -0.6279   0.1452   0.2875   0.3775  -0.1126   0.2268   0.0361   0.1000   0.1000   0.1000   0.0161   0.1000   0.1000  -0.2045  -0.3108   0.0114
2363   0.5759   0.5428  -0.6279   0.1325   0.2875   0.3776  -0.1126   0.2268   0.0361   0.1000   0.1000   0.1000   0.0162   0.1000   0.1000  -0.2045  -0.3108   0.0114
2364   0.5634   0.5303  -0.6279   0.1199   0.2875   0.3777  -0.1126   0.2268   0.0361   0.1000   0.1000   0.1000   0.0162   0.1000   0.1000  -0.2045  -0.3108   0.0114
2365   0.5510   0.5178  -0.6279   0.1074   0.2875   0.3777  -0.1126   0.2268   0.0362   0.1000   0.1000   0.1000   0.0163   0.1000   0.1000  -0.2045  -0.3108   0.0114
2366   0.5385   0.5054  -0.6279   0.0949   0.2875   0.3778  -0.1126   0.2268   0.0362   0.1000   0.1000   0.1000   0.0163   0.1000   0.1000  -0.2045  -0.3108   0.0114
2367   0.5262   0.4931  -0.6279   0.0825   0.2875   0.3779  -0.1126   0.2268   0.0362   0.1000   0.1000   0.1000   0.0163   0.1000   0.1000  -0.2045  -0.3108   0.0114
2368   0.5139   0.4808  -0.6279   0.0701   0.2875   0.3779  -0.1126   0.2268   0.0362   0.1000   0.1000   0.1000   0.0164   0.1000   0.1000  -0.2045  -0.3108   0.0114
2369   0.5017   0.4685  -0.6279   0.0578   0.2875   0.3780  -0.1126   0.2268   0.0362   0.1000   0.1000   0.1000   0.0164   0.1000   0.1000  -0.2045  -0.3108   0.0114
2370   0.4895   0.4564  -0.6279   0.0456   0.2875   0.3781  -0.1126   0.2268   0.0362   0.1000   0.1000   0.1000   0.0165   0.1000   0.1000  -0.2045  -0.3108   0.0114
2371   0.4774   0.4442  -0.6279   0.0334   0.2875   0.3781  -0.1126   0.2268   0.0363   0.1000   0.1000   0.1000   0.0165   0.1000   0.1000  -0.2045  -0.3108   0.0114
2372   0.4653   0.4322  -0.6279   0.0212   0.2875   0.3782  -0.1126   0.2268   0.0363   0.1000   0.1000   0.1000   0.0165   0.1000   0.1000  -0.2045  -0.3108   0.0114
2373   0.4533   0.4201  -0.6279   0.0091   0.2875   0.3782  -0.1126   0.2268   0.0363   0.1000   0.1000   0.1000   0.0166   0.1000   0.1000  -0.2045  -0.3108   0.0114
2374   0.4413   0.4082  -0.6279  -0.0029   0.2875   0.3783  -0.1126   0.2268   0.0363   0.1000   0.1000   0.1000   0.0166   0.1000   0.1000  -0.2045  -0.3108   0.0114
2375   0.4294   0.3962  -0.6279  -0.0149   0.2875   0.3784  -0.1126   0.2268   0.0363   0.1000   0.1000   0.1000   0.0167   0.1000   0.1000  -0.2045  -0.3108   0.0114
2376   0.4175   0.3844  -0.6279  -0.0269   0.2875   0.3784  -0.1126   0.2268   0.0363   0.1000   0.1000   0.1000   0.0167   0.1000   0.1000  -0.2045  -0.3108   0.0114
2377   0.4057   0.3726  -0.6279  -0.0388   0.2875   0.3785  -0.1126   0.2268   0.0363   0.1000   0.1000   0.1000   0.0168   0.1000   0.1000  -0.2045  -0.3108   0.0114
2378   0.3939   0.3608  -0.6279  -0.0506   0.2875   0.3785  -0.1126   0.2268   0.0364   0.1000   0.1000   0.1000   0.0168   0.1000   0.1000  -0.2045  -0.3108   0.0114
2379   0.3822   0.3491  -0.6279  -0.0624   0.2875   0.3786  -0.1126   0.2268   0.0364   0.1000   0.1000   0.1000   0.0168   0.1000   0.1000  -0.2045  -0.3108   0.0114
2380   0.3706   0.3374  -0.6279  -0.0741   0.2875   0.3787  -0.1126   0.2268   0.0364   0.1000   0.1000   0.1000   0.0169   0.1000   0.1000  -0.2045  -0.3108   0.0114
2381   0.3589   0.3258  -0.6279  -0.0858   0.2875   0.3787  -0.1126   0.2268   0.0364   0.1000   0.1000   0.1000   0.0169   0.1000   0.1000  -0.2045  -0.3108   0.0114
2382   0.3474   0.3142  -0.6279  -0.0975   0.2875   0.3788  -0.1126   0.2268   0.0364   0.1000   0.1000   0.1000   0.0170   0.1000   0.1000  -0.2045  -0.3108   0.0114
2383   0.3358   0.3027  -0.6279  -0.1091   0.2875   0.3788  -0.1126   0.2268   0.0364   0.1000   0.1000   0.1000   0.0170   0.1000   0.1000  -0.2045  -0.3108   0.0114
2384   0.3244   0.2912  -0.6279  -0.1206   0.2875   0.3789  -0.1126   0.2268   0.0364   0.1000   0.1000   0.1000   0.0170   0.1000   0.1000  -0.2045  -0.3108   0.0114
2385   0.3129   0.2798  -0.6279  -0.1321   0.2875   0.3789  -0.1126   0.2268   0.0365   0.1000   0.1000   0.1000   0.0171   0.1000   0.1000  -0.2045  -0.3108   0.0114
2386   0.3015   0.2684  -0.6279  -0.1436   0.2875   0.3790  -0.1126   0.2268   0.0365   0.1000   0.1000   0.1000   0.0171   0.1000   0.1000  -0.2045  -0.3108   0.0114
2387   0.2902   0.2571  -0.6279  -0.1550   0.2875   0.3790  -0.1126   0.2268   0.0365   0.1000   0.1000   0.1000   0.0172   0.1000   0.1000  -0.2045  -0.3108   0.0114
2388   0.2789   0.2458  -0.6279  -0.1664   0.2875   0.3791  -0.1126   0.2268   0.0365   0.1000   0.1000   0.1000   0.0172   0.1000   0.1000  -0.2045  -0.3108   0.0114
2389   0.2676   0.2345  -0.6279  -0.1777   0.2875   0.3791  -0.1126   0.2268   0.0365   0.1000   0.1000   0.1000   0.0172   0.1000   0.1000  -0.2045  -0.3108   0.0114
2390   0.2564   0.2233  -0.6279  -0.1890   0.2875   0.3792  -0.1126   0.2268   0.0365   0.1000   0.1000   0.1000   0.0173   0.1000   0.1000  -0.2045  -0.3108   0.0114
2391   0.2453   0.2121  -0.6279  -0.2002   0.2875   0.3793  -0.1126   0.2268   0.0365   0.1000   0.1000   0.1000   0.0173   0.1000   0.1000  -0.2045  -0.3108   0.0114
2392   0.2341   0.2010  -0.6279  -0.2114   0.2875   0.3793  -0.1126   0.2268   0.0365   0.1000   0.1000   0.1000   0.0174   0.1000   0.1000  -0.2045  -0.3108   0.0114
2393   0.2231   0.1899  -0.6279  -0.2226   0.2875   0.3794  -0.1126   0.2268   0.0366   0.1000   0.1000   0.1000   0.0174   0.1000   0.1000  -0.2045  -0.3108   0.0114
2394   0.2120   0.1789  -0.6279  -0.2337   0.2875   0.3794  -0.1126   0.2268   0.0366   0.1000   0.1000   0.1000   0.0175   0.1000   0.1000  -0.2045  -0.3108   0.0114
2395   0.2010   0.1679  -0.6279  -0.2448   0.2875   0.3795  -0.1126   0.2268   0.0366   0.1000   0.1000   0.1000   0.0175   0.1000   0.1000  -0.2045  -0.3108   0.0114
2396   0.1901   0.1569  -0.6279  -0.2558   0.2875   0.3795  -0.1126   0.2268   0.0366   0.1000   0.1000   0.1000   0.0175   0.1000   0.1000  -0.2045  -0.3108   0.0114
2397   0.1791   0.1460  -0.6279  -0.2668   0.2875   0.3796  -0.1126   0.2268   0.0366   0.1000   0.1000   0.1000   0.0176   0.1000   0.1000  -0.2045  -0.3108   0.0114
2398   0.1683   0.1351  -0.6279  -0.2777   0.2875   0.3796  -0.1126   0.2268   0.0366   0.1000   0.1000   0.1000   0.0176   0.1000   0.1000  -0.2045  -0.3108   0.0114
2399   0.1574   0.1243  -0.6279  -0.2887   0.2875   0.3796  -0.1126   0.2268   0.0366   0.1000   0.1000   0.1000   0.0177   0.1000   0.1000  -0.2045  -0.3108   0.0114
2400   0.1466   0.1135  -0.6279  -0.2995   0.2875   0.3797  -0.1126   0.2268   0.0366   0.1000   0.1000   0.1000   0.0177   0.1000   0.1000  -0.2045  -0.3108   0.0114
2401   0.1359   0.1027  -0.6279  -0.3104   0.2875   0.3797  -0.1126   0.2268   0.0366   0.1000   0.1000   0.1000   0.0177   0.1000   0.1000  -0.2045  -0.3108   0.0114
2402   0.1251   0.0920  -0.6279  -0.3212   0.2875   0.3798  -0.1126   0.2268   0.0367   0.1000   0.1000   0.1000   0.0178   0.1000   0.1000  -0.2045  -0.3108   0.0114
2403   0.1144   0.0813  -0.6279  -0.3319   0.2875   0.3798  -0.1126   0.2268   0.0367   0.1000   0.1000   0.1000   0.0178   0.1000   0.1000  -0.2045  -0.3108   0.0114
2404   0.1038   0.0707  -0.6279  -0.3426   0.2875   0.3799  -0.1126   0.2268   0.0367   0.1000   0.1000   0.1000   0.0179   0.1000   0.1000  -0.2045  -0.3108   0.0114
2405   0.0932   0.0600  -0.6279  -0.3533   0.2875   0.3799  -0.1126   0.2268   0.0367   0.1000   0.1000   0.1000   0.0179   0.1000   0.1000  -0.2045  -0.3108   0.0114
2406   0.0826   0.0495  -0.6279  -0.3640   0.2875   0.3800  -0.1126   0.2268   0.0367   0.1000   0.1000   0.1000   0.0179   0.1000   0.1000  -0.2045  -0.3108   0.0114
2407   0.0721   0.0389  -0.6279  -0.3746   0.2875   0.3800  -0.1126   0.2268   0.0367   0.1000   0.1000   0.1000   0.0180   0.1000   0.1000  -0.2045  -0.3108   0.0114
2408   0.0616   0.0284  -0.6279  -0.3851   0.2875   0.3801  -0.1126   0.2268   0.0367   0.1000   0.1000   0.1000   0.0180   0.1000   0.1000  -0.2045  -0.3108   0.0114
2409   0.0511   0.0180  -0.6279  -0.3957   0.2875   0.3801  -0.1126   0.2268   0.0367   0.1000   0.1000   0.1000   0.0181   0.1000   0.1000  -0.2045  -0.3108   0.0114
2410   0.0407   0.0075  -0.6279  -0.4062   0.2875   0.3801  -0.1126   0.2268   0.0367   0.1000   0.1000   0.1000   0.0181   0.1000   0.1000  -0.2045  -0.3108   0.0114
2411   0.0303  -0.0029  -0.6279  -0.4166   0.2875   0.3802  -0.1126   0.2268   0.0368   0.1000   0.1000   0.1000   0.0182   0.1000   0.1000  -0.2045  -0.3108   0.0114
2412   0.0199  -0.0132  -0.6279  -0.4271   0.2875   0.3802  -0.1126   0.2268   0.0368   0.1000   0.1000   0.1000   0.0182   0.1000   0.1000  -0.2045  -0.3108   0.0114
2413   0.0096  -0.0235  -0.6279  -0.4375   0.2875   0.3803  -0.1126   0.2268   0.0368   0.1000   0.1000   0.1000   0.0182   0.1000   0.1000  -0.2045  -0.3108   0.0114
2414  -0.0007  -0.0338  -0.6279  -0.4478   0.2875   0.3803  -0.1126   0.2268   0.0368   0.1000   0.1000   0.1000   0.0183   0.1000   0.1000  -0.2045  -0.3108   0.0114
2415  -0.0110  -0.0441  -0.6279  -0.4582   0.2875   0.3804  -0.1126   0.2268   0.0368   0.1000   0.1000   0.1000   0.0183   0.1000   0.1000  -0.2045  -0.3108   0.0114
2416  -0.0212  -0.0543  -0.6279  -0.4685   0.2875   0.3804  -0.1126   0.2268   0.0368   0.1000   0.1000   0.1000   0.0184   0.1000   0.1000  -0.2045  -0.3108   0.0114
2417  -0.0314  -0.0645  -0.6279  -0.4787   0.2875   0.3804  -0.1126   0.2268   0.0368   0.1000   0.1000   0.1000   0.0184   0.1000   0.1000  -0.2045  -0.3108   0.0114
2418  -0.0415  -0.0747  -0.6279  -0.4890   0.2875   0.3805  -0.1126   0.2268   0.0368   0.1000   0.1000   0.1000   0.0184   0.1000   0.1000  -0.2045  -0.3108   0.0114
2419  -0.0517  -0.0848  -0.6279  -0.4991   0.2875   0.3805  -0.1126   0.2268   0.0368   0.1000   0.1000   0.1000   0.0185   0.1000   0.1000  -0.2045  -0.3108   0.0114
2420  -0.0617  -0.0949  -0.6279  -0.5093   0.2875   0.3806  -0.1126   0.2268   0.0368   0.1000   0.1000   0.1000   0.0185   0.1000   0.1000  -0.2045  -0.3108   0.0114
2421  -0.0718  -0.1050  -0.6279  -0.5194   0.2875   0.3806  -0.1126   0.2268   0.0368   0.1000   0.1000   0.1000   0.0186   0.1000   0.1000  -0.2045  -0.3108   0.0114
2422  -0.0818  -0.1150  -0.6279  -0.5295   0.2875   0.3806  -0.1126   0.2268   0.0369   0.1000   0.1000   0.1000   0.0186   0.1000   0.1000  -0.2045  -0.3108   0.0114
2423  -0.0918  -0.1250  -0.6279  -0.5396   0.2875   0.3807  -0.1126   0.2268   0.0369   0.1000   0.1000   0.1000   0.0186   0.1000   0.1000  -0.2045  -0.3108   0.0114
2424  -0.1018  -0.1350  -0.6279  -0.5497   0.2875   0.3807  -0.1126   0.2268   0.0369   0.1000   0.1000   0.1000   0.0187   0.1000   0.1000  -0.2045  -0.3108   0.0114
2425  -0.1117  -0.1449  -0.6279  -0.5597   0.2875   0.3807  -0.1126   0.2268   0.0369   0.1000   0.1000   0.1000   0.0187   0.1000   0.1000  -0.2045  -0.3108   0.0114
2426  -0.1217  -0.1548  -0.6279  -0.5696   0.2875   0.3808  -0.1126   0.2268   0.0369   0.1000   0.1000   0.1000   0.0188   0.1000   0.1000  -0.2045  -0.3108   0.0114
2427  -0.1315  -0.1647  -0.6279  -0.5796   0.2875   0.3808  -0.1126   0.2268   0.0369   0.1000   0.1000   0.1000   0.0188   0.1000   0.1000  -0.2045  -0.3108   0.0114
2428  -0.1414  -0.1745  -0.6279  -0.5895   0.2875   0.3809  -0.1126   0.2268   0.0369   0.1000   0.1000   0.1000   0.0188   0.1000   0.1000  -0.2045  -0.3108   0.0114
2429  -0.1512  -0.1843  -0.6279  -0.5994   0.2875   0.3809  -0.1126   0.2268   0.0369   0.1000   0.1000   0.1000   0.0189   0.1000   0.1000  -0.2045  -0.3108   0.0114
2430  -0.1610  -0.1941  -0.6279  -0.6092   0.2875   0.3809  -0.1126   0.2268   0.0369   0.1000   0.1000   0.1000   0.0189   0.1000   0.1000  -0.2045  -0.3108   0.0114
2431  -0.1708  -0.2039  -0.6279  -0.6191   0.2875   0.3810  -0.1126   0.2268   0.0369   0.1000   0.1000   0.1000   0.0190   0.1000   0.1000  -0.2045  -0.3108   0.0114
2432  -0.1805  -0.2136  -0.6279  -0.6289   0.2875   0.3810  -0.1126   0.2268   0.0369   0.1000   0.1000   0.1000   0.0190   0.1000   0.1000  -0.2045  -0.3108   0.0114
2433  -0.1902  -0.2233  -0.6279  -0.6386   0.2875   0.3810  -0.1126   0.2268   0.0369   0.1000   0.1000   0.1000   0.0191   0.1000   0.1000  -0.2045  -0.3108   0.0114
2434  -0.1996  -0.2328  -0.6279  -0.6482   0.2875   0.3811  -0.1126   0.2268   0.0370   0.1000   0.1000   0.1000   0.0191   0.1000   0.1000  -0.2045  -0.3108   0.0114
2435  -0.2091  -0.2422  -0.6279  -0.6577   0.2875   0.3811  -0.1126   0.2268   0.0370   0.1000   0.1000   0.1000   0.0191   0.1000   0.1000  -0.2045  -0.3108   0.0114
2436  -0.2177  -0.2508  -0.6279  -0.6664   0.2875   0.3811  -0.1126   0.2268   0.0370   0.1000   0.1000   0.1000   0.0192   0.1000   0.1000  -0.2045  -0.3108   0.0114
2437  -0.2255  -0.2586  -0.6279  -0.6742   0.2875   0.3812  -0.1126   0.2268   0.0370   0.1000   0.1000   0.1000   0.0192   0.1000   0.1000  -0.2045  -0.3108   0.0114
2438  -0.2324  -0.2656  -0.6279  -0.6812   0.2875   0.3812  -0.1126   0.2268   0.0370   0.1000   0.1000   0.1000   0.0193   0.1000   0.1000  -0.2045  -0.3108   0.0114
2439  -0.2387  -0.2718  -0.6279  -0.6875   0.2875   0.3812  -0.1126   0.2268   0.0370   0.1000   0.1000   0.1000   0.0193   0.1000   0.1000  -0.2045  -0.3108   0.0114
2440  -0.2467  -0.2798  -0.6279  -0.6956   0.2875   0.3813  -0.1126   0.2268   0.0370   0.1000   0.1000   0.1000   0.0193   0.1000   0.1000  -0.2045  -0.3108   0.0114
2441  -0.2564  -0.2896  -0.6279  -0.7054   0.2875   0.3813  -0.1126   0.2268   0.0370   0.1000   0.1000   0.1000   0.0194   0.1000   0.1000  -0.2045  -0.3108   0.0114
2442  -0.2652  -0.2984  -0.6279  -0.7143   0.2875   0.3813  -0.1126   0.2268   0.0370   0.1000   0.1000   0.1000   0.0194   0.1000   0.1000  -0.2045  -0.3108   0.0114
2443  -0.2732  -0.3063  -0.6279  -0.7223   0.2875   0.3814  -0.1126   0.2268   0.0370   0.1000   0.1000   0.1000   0.0195   0.1000   0.1000  -0.2045  -0.3108   0.0114
2444  -0.2803  -0.3134  -0.6279  -0.7295   0.2875   0.3814  -0.1126   0.2268   0.0370   0.1000   0.1000   0.1000   0.0195   0.1000   0.1000  -0.2045  -0.3108   0.0114
2445  -0.2866  -0.3197  -0.6279  -0.7359   0.2875   0.3814  -0.1126   0.2268   0.0370   0.1000   0.1000   0.1000   0.0195   0.1000   0.1000  -0.2045  -0.3108   0.0114
2446  -0.2921  -0.3253  -0.6279  -0.7415   0.2875   0.3815  -0.1126   0.2268   0.0370   0.1000   0.1000   0.1000   0.0196   0.1000   0.1000  -0.2045  -0.3108   0.0114
2447  -0.2970  -0.3301  -0.6279  -0.7464   0.2875   0.3815  -0.1126   0.2268   0.0371   0.1000   0.1000   0.1000   0.0196   0.1000   0.1000  -0.2045  -0.3108   0.0114
2448  -0.3011  -0.3342  -0.6279  -0.7506   0.2875   0.3815  -0.1126   0.2268   0.0371   0.1000   0.1000   0.1000   0.0197   0.1000   0.1000  -0.2045  -0.3108   0.0114
2449  -0.3045  -0.3376  -0.6279  -0.7541   0.2875   0.3816  -0.1126   0.2268   0.0371   0.1000   0.1000   0.1000   0.0197   0.1000   0.1000  -0.2045  -0.3108   0.0114
2450  -0.3098  -0.3430  -0.6279  -0.7595   0.2875   0.3816  -0.1126   0.2268   0.0371   0.1000   0.1000   0.1000   0.0197   0.1000   0.1000  -0.2045  -0.3108   0.0114
2451  -0.3169  -0.3501  -0.6279  -0.7666   0.2875   0.3816  -0.1126   0.2268   0.0371   0.1000   0.1000   0.1000   0.0198   0.1000   0.1000  -0.2045  -0.3108   0.0114
2452  -0.3257  -0.3589  -0.6279  -0.7755   0.2875   0.3816  -0.1126   0.2268   0.0371   0.1000   0.1000   0.1000   0.0198   0.1000   0.1000  -0.2045  -0.3108   0.0114
2453  -0.3362  -0.3693  -0.6279  -0.7860   0.2875   0.3817  -0.1126   0.2268   0.0371   0.1000   0.1000   0.1000   0.0199   0.1000   0.1000  -0.2045  -0.3108   0.0114
2454  -0.3455  -0.3787  -0.6279  -0.7954   0.2875   0.3817  -0.1126   0.2268   0.0371   0.1000   0.1000   0.1000   0.0199   0.1000   0.1000  -0.2045  -0.3108   0.0114
2455  -0.3540  -0.3871  -0.6279  -0.8039   0.2875   0.3817  -0.1126   0.2268   0.0371   0.1000   0.1000   0.1000   0.0199   0.1000   0.1000  -0.2045  -0.3108   0.0114
2456  -0.3615  -0.3946  -0.6279  -0.8115   0.2875   0.3818  -0.1126   0.2268   0.0371   0.1000   0.1000   0.1000   0.0200   0.1000   0.1000  -0.2045  -0.3108   0.0114
2457  -0.3665  -0.3996  -0.6279  -0.8166   0.2875   0.3818  -0.1126   0.2268   0.0371   0.1000   0.1000   0.1000   0.0200   0.1000   0.1000  -0.2045  -0.3108   0.0114
2458  -0.3701  -0.4032  -0.6279  -0.8202   0.2875   0.3818  -0.1126   0.2268   0.0371   0.1000   0.1000   0.1000   0.0201   0.1000   0.1000  -0.2045  -0.3108   0.0114
2459  -0.3723  -0.4054  -0.6279  -0.8225   0.2875   0.3818  -0.1126   0.2268   0.0371   0.1000   0.1000   0.1000   0.0201   0.1000   0.1000  -0.2045  -0.3108   0.0114
2460  -0.3706  -0.4037  -0.6279  -0.8209   0.2875   0.3819  -0.1126   0.2268   0.0371   0.1000   0.1000   0.1000   0.0201   0.1000   0.1000  -0.2045  -0.3108   0.0114
2461  -0.3652  -0.3984  -0.6279  -0.8156   0.2875   0.3819  -0.1126   0.2268   0.0371   0.1000   0.1000   0.1000   0.0202   0.1000   0.1000  -0.2045  -0.3108   0.0114
2462  -0.3563  -0.3894  -0.6279  -0.8067   0.2875   0.3819  -0.1126   0.2268   0.0371   0.1000   0.1000   0.1000   0.0202   0.1000   0.1000  -0.2045  -0.3108   0.0114
2463  -0.3440  -0.3771  -0.6279  -0.7945   0.2875   0.3819  -0.1126   0.2268   0.0372   0.1000   0.1000   0.1000   0.0203   0.1000   0.1000  -0.2045  -0.3108   0.0114
2464  -0.3310  -0.3642  -0.6279  -0.7816   0.2875   0.3820  -0.1126   0.2268   0.0372   0.1000   0.1000   0.1000   0.0203   0.1000   0.1000  -0.2045  -0.3108   0.0114
2465  -0.3199  -0.3531  -0.6279  -0.7705   0.2875   0.3820  -0.1126   0.2268   0.0372   0.1000   0.1000   0.1000   0.0203   0.1000   0.1000  -0.2045  -0.3108   0.0114
2466  -0.3105  -0.3437  -0.6279  -0.7612   0.2875   0.3820  -0.1126   0.2268   0.0372   0.1000   0.1000   0.1000   0.0204   0.1000   0.1000  -0.2045  -0.3108   0.0114
2467  -0.3001  -0.3333  -0.6279  -0.7509   0.2875   0.3820  -0.1126   0.2268   0.0372   0.1000   0.1000   0.1000   0.0204   0.1000   0.1000  -0.2045  -0.3108   0.0114
2468  -0.2862  -0.3193  -0.6279  -0.7370   0.2875   0.3821  -0.1126   0.2268   0.0372   0.1000   0.1000   0.1000   0.0205   0.1000   0.1000  -0.2045  -0.3108   0.0114
2469  -0.2664  -0.2995  -0.6279  -0.7173   0.2875   0.3821  -0.1126   0.2268   0.0372   0.1000   0.1000   0.1000   0.0205   0.1000   0.1000  -0.2045  -0.3108   0.0114
2470  -0.2385  -0.2716  -0.6279  -0.6894   0.2875   0.3821  -0.1126   0.2268   0.0372   0.1000   0.1000   0.1000   0.0205   0.1000   0.1000  -0.2045  -0.3108   0.0114
2471  -0.2030  -0.2361  -0.6279  -0.6540   0.2875   0.3821  -0.1126   0.2268   0.0372   0.1000   0.1000   0.1000   0.0206   0.1000   0.1000  -0.2045  -0.3108   0.0114
2472  -0.1603  -0.1934  -0.6279  -0.6113   0.2875   0.3822  -0.1126   0.2268   0.0372   0.1000   0.1000   0.1000   0.0206   0.1000   0.1000  -0.2045  -0.3108   0.0114
2473  -0.1107  -0.1439  -0.6279  -0.5619   0.2875   0.3822  -0.1126   0.2268   0.0372   0.1000   0.1000   0.1000   0.0207   0.1000   0.1000  -0.2045  -0.3108   0.0114
2474  -0.0548  -0.0880  -0.6279  -0.5061   0.2875   0.3822  -0.1126   0.2268   0.0372   0.1000   0.1000   0.1000   0.0207   0.1000   0.1000  -0.2045  -0.3108   0.0114
2475   0.0071  -0.0260  -0.6279  -0.4442   0.2875   0.3822  -0.1126   0.2268   0.0372   0.1000   0.1000   0.1000   0.0207   0.1000   0.1000  -0.2045  -0.3108   0.0114
2476   0.0724   0.0392  -0.6279  -0.3790   0.2875   0.3823  -0.1126   0.2268   0.0372   0.1000   0.1000   0.1000   0.0208   0.1000   0.1000  -0.2045  -0.3108   0.0114
2477   0.1408   0.1077  -0.6279  -0.3106   0.2875   0.3823  -0.1126   0.2268   0.0372   0.1000   0.1000   0.1000   0.0208   0.1000   0.1000  -0.2045  -0.3108   0.0114
2478   0.2142   0.1810  -0.6279  -0.2373   0.2875   0.3823  -0.1126   0.2268   0.0372   0.1000   0.1000   0.1000   0.0209   0.1000   0.1000  -0.2045  -0.3108   0.0114
2479   0.2920   0.2588  -0.6279  -0.1596   0.2875   0.3823  -0.1126   0.2268   0.0372   0.1000   0.1000   0.1000   0.0209   0.1000   0.1000  -0.2045  -0.3108   0.0114
2480   0.3721   0.3390  -0.6279  -0.0795   0.2875   0.3824  -0.1126   0.2268   0.0372   0.1000   0.1000   0.1000   0.0209   0.1000   0.1000  -0.2045  -0.3108   0.0114
2481   0.4522   0.4191  -0.6279   0.0006   0.2875   0.3824  -0.1126   0.2268   0.0373   0.1000   0.1000   0.1000   0.0210   0.1000   0.1000  -0.2045  -0.3108   0.0114
2482   0.5319   0.4988  -0.6279   0.0802   0.2875   0.3824  -0.1126   0.2268   0.0373   0.1000   0.1000   0.1000   0.0210   0.1000   0.1000  -0.2045  -0.3108   0.0114
2483   0.6116   0.5784  -0.6279   0.1598   0.2875   0.3824  -0.1126   0.2268   0.0373   0.1000   0.1000   0.1000   0.0211   0.1000   0.1000  -0.2045  -0.3108   0.0114
2484   0.6914   0.6583  -0.6279   0.2396   0.2875   0.3824  -0.1126   0.2268   0.0373   0.1000   0.1000   0.1000   0.0211   0.1000   0.1000  -0.2045  -0.3108   0.0114
2485   0.7717   0.7386  -0.6279   0.3198   0.2875   0.3825  -0.1126   0.2268   0.0373   0.1000   0.1000   0.1000   0.0211   0.1000   0.1000  -0.2045  -0.3108   0.0114
2486   0.8525   0.8194  -0.6279   0.4005   0.2875   0.3825  -0.1126   0.2268   0.0373   0.1000   0.1000   0.1000   0.0212   0.1000   0.1000  -0.2045  -0.3108   0.0114
2487   0.9354   0.9023  -0.6279   0.4833   0.2875   0.3825  -0.1126   0.2268   0.0373   0.1000   0.1000   0.1000   0.0212   0.1000   0.1000  -0.2045  -0.3108   0.0114
2488   1.0222   0.9891  -0.6279   0.5701   0.2875   0.3825  -0.1126   0.2268   0.0373   0.1000   0.1000   0.1000   0.0213   0.1000   0.1000  -0.2045  -0.3108   0.0114
2489   1.1148   1.0817  -0.6279   0.6626   0.2875   0.3826  -0.1126   0.2268   0.0373   0.1000   0.1000   0.1000   0.0213   0.1000   0.1000  -0.2045  -0.3108   0.0114
2490   1.2126   1.1795  -0.6279   0.7604   0.2875   0.3826  -0.1126   0.2268   0.0373   0.1000   0.1000   0.1000   0.0213   0.1000   0.1000  -0.2045  -0.3108   0.0114
2491   1.3134   1.2803  -0.6279   0.8611   0.2875   0.3826  -0.1126   0.2268   0.0373   0.1000   0.1000   0.1000   0.0214   0.1000   0.1000  -0.2045  -0.3108   0.0114
2492   1.4163   1.3831  -0.6279   0.9639   0.2875   0.3826  -0.1126   0.2268   0.0373   0.1000   0.1000   0.1000   0.0214   0.1000   0.1000  -0.2045  -0.3108   0.0114
2493   1.5216   1.4885  -0.6279   1.0692   0.2875   0.3826  -0.1126   0.2268   0.0373   0.1000   0.1000   0.1000   0.0215   0.1000   0.1000  -0.2045  -0.3108   0.0114
2494   1.6290   1.5959  -0.6279   1.1765   0.2875   0.3827  -0.1126   0.2268   0.0373   0.1000   0.1000   0.1000   0.0215   0.1000   0.1000  -0.2045  -0.3108   0.0114
2495   1.7382   1.7051  -0.6279   1.2857   0.2875   0.3827  -0.1126   0.2268   0.0373   0.1000   0.1000   0.1000   0.0215   0.1000   0.1000  -0.2045  -0.3108   0.0114
2496   1.8502   1.8171  -0.6279   1.3976   0.2875   0.3827  -0.1126   0.2268   0.0373   0.1000   0.1000   0.1000   0.0216   0.1000   0.1000  -0.2045  -0.3108   0.0114
2497   1.9654   1.9323  -0.6279   1.5127   0.2875   0.3827  -0.1126   0.2268   0.0373   0.1000   0.1000   0.1000   0.0216   0.1000   0.1000  -0.2045  -0.3108   0.0114
2498   2.0836   2.0504  -0.6279   1.6308   0.2875   0.3827  -0.1126   0.2268   0.0373   0.1000   0.1000   0.1000   0.0217   0.1000   0.1000  -0.2045  -0.3108   0.0114
2499   2.2052   2.1721  -0.6279   1.7524   0.2875   0.3828  -0.1126   0.2268   0.0373   0.1000   0.1000   0.1000   0.0217   0.1000   0.1000  -0.2045  -0.3108   0.0114
2500   2.3309   2.2977  -0.6279   1.8780   0.2875   0.3828  -0.1126   0.2268   0.0373   0.1000   0.1000   0.1000   0.0217   0.1000   0.1000  -0.2045  -0.3108   0.0114
