YEAR RADCO2 RADCH4 RADN2O RADHAL RADODS RADSF6 RADO3 RADSO2 RADCRBAER RADAERIND RADH2OSTR RADVOL RADSOL RADMIS RADTTL RADANTL RADANTO RADSOLL RADSOLO RADTTLL RADTTLO RADTTL TAL TSS GMT
1750   0.00000   0.00612   0.00895   0.00312   0.00000   0.00001   0.00000  -0.00229  -0.01124  -0.00794   0.00024  -0.00400   0.00000   0.00000  -0.00704  -0.01440   0.00160   0.00000   0.00000  -0.01840  -0.00240  -0.00704   0.00000   0.00000   0.00000
1751   0.00126   0.00659   0.00898   0.00312   0.00000   0.00001   0.00000  -0.00230  -0.01134  -0.00799   0.00026  -0.00200  -0.03400   0.00000  -0.03741  -0.01287   0.00327  -0.03032  -0.03569  -0.04519  -0.03442  -0.03741  -0.00882  -0.00204  -0.00400
1752   0.00266   0.00703   0.00904   0.00312   0.00000   0.00001   0.00000  -0.00231  -0.01141  -0.00803   0.00028  -0.00100  -0.05500   0.00000  -0.05563  -0.01116   0.00508  -0.04905  -0.05773  -0.06121  -0.05364  -0.05563  -0.01694  -0.00581  -0.00904
1753   0.00400   0.00749   0.00909   0.00312   0.00000   0.00001   0.00000  -0.00232  -0.01151  -0.00807   0.00030  -0.00100  -0.05200   0.00000  -0.05090  -0.00953   0.00685  -0.04637  -0.05458  -0.05690  -0.04873  -0.05090  -0.02103  -0.00925  -0.01267
1754   0.00532   0.00792   0.00915   0.00312   0.00000   0.00001   0.00000  -0.00233  -0.01159  -0.00811   0.00031  -0.00100  -0.06500   0.00000  -0.06220  -0.00790   0.00858  -0.05797  -0.06822  -0.06686  -0.06064  -0.06220  -0.02636  -0.01223  -0.01633
1755   0.00664   0.00839   0.00922   0.00312   0.00000   0.00001   0.00000  -0.00235  -0.01166  -0.00815   0.00033  -0.00100  -0.07700   0.00000  -0.07246  -0.00623   0.01035  -0.06867  -0.08082  -0.07590  -0.07147  -0.07246  -0.03207  -0.01562  -0.02039
1756   0.00797   0.00887   0.00928   0.00312   0.00000   0.00001   0.00000  -0.00236  -0.01176  -0.00820   0.00035  -0.00100  -0.07600   0.00000  -0.06972  -0.00458   0.01213  -0.06778  -0.07977  -0.07336  -0.06864  -0.06972  -0.03557  -0.01867  -0.02357
1757   0.00935   0.00930   0.00935   0.00312   0.00000   0.00001   0.00000  -0.00238  -0.01186  -0.00826   0.00037  -0.00100  -0.06000   0.00000  -0.05200  -0.00297   0.01389  -0.05351  -0.06298  -0.05748  -0.05009  -0.05200  -0.03502  -0.02019  -0.02449
1758   0.01079   0.00976   0.00942   0.00312   0.00000   0.00001   0.00000  -0.00239  -0.01193  -0.00830   0.00039  -0.00100  -0.05200   0.00000  -0.04214  -0.00118   0.01578  -0.04637  -0.05458  -0.04855  -0.03980  -0.04214  -0.03357  -0.02027  -0.02413
1759   0.01232   0.01019   0.00949   0.00312   0.00000   0.00001   0.00000  -0.00240  -0.01203  -0.00834   0.00040  -0.00100  -0.04400   0.00000  -0.03225   0.00062   0.01771  -0.03924  -0.04618  -0.03962  -0.02948  -0.03225  -0.03126  -0.01965  -0.02301
1760   0.01394   0.01065   0.00956   0.00312   0.00000   0.00001   0.00000  -0.00241  -0.01211  -0.00838   0.00042  -0.00100  -0.02400   0.00000  -0.01020   0.00259   0.01978  -0.02140  -0.02519  -0.01982  -0.00641  -0.01020  -0.02584  -0.01786  -0.02017
1761   0.01562   0.01108   0.00964   0.00312   0.00000   0.00001   0.00000  -0.00243  -0.01220  -0.00843   0.00044  -0.00100  -0.05900   0.00000  -0.04316   0.00453   0.02186  -0.05262  -0.06193  -0.04908  -0.04107  -0.04316  -0.02921  -0.01717  -0.02066
1762   0.01733   0.01149   0.00971   0.00312   0.00000   0.00001   0.00000  -0.00244  -0.01228  -0.00847   0.00045  -0.00100  -0.04200   0.00000  -0.02408   0.00655   0.02398  -0.03746  -0.04408  -0.03191  -0.02110  -0.02408  -0.02699  -0.01735  -0.02015
1763   0.01909   0.01196   0.00978   0.00312   0.00000   0.00001   0.00000  -0.00245  -0.01235  -0.00851   0.00047  -0.00100  -0.05600   0.00000  -0.03588   0.00867   0.02621  -0.04994  -0.05878  -0.04227  -0.03357  -0.03588  -0.02822  -0.01715  -0.02036
1764   0.02090   0.01238   0.00986   0.00312   0.00000   0.00001   0.00000  -0.00247  -0.01245  -0.00857   0.00049  -0.00100  -0.07700   0.00000  -0.05474   0.01071   0.02839  -0.06867  -0.08082  -0.05895  -0.05343  -0.05474  -0.03248  -0.01847  -0.02254
1765   0.02277   0.01280   0.00993   0.00312   0.00000   0.00001   0.00000  -0.00248  -0.01252  -0.00861   0.00051  -0.00100  -0.07800   0.00000  -0.05349   0.01289   0.03067  -0.06956  -0.08187  -0.05767  -0.05220  -0.05349  -0.03471  -0.02029  -0.02447
1766   0.02461   0.01321   0.01001   0.00312   0.00000   0.00001   0.00000  -0.00249  -0.01262  -0.00866   0.00052  -0.11200  -0.07900   0.00000  -0.16330   0.01498   0.03290  -0.07045  -0.08292  -0.16747  -0.16202  -0.16330  -0.05976  -0.02670  -0.03629
1767   0.02647   0.01363   0.01009   0.00312   0.00000   0.00001   0.00000  -0.00250  -0.01270  -0.00870   0.00054  -0.05800  -0.03600   0.00000  -0.06405   0.01716   0.03517  -0.03211  -0.03779  -0.07295  -0.06061  -0.06405  -0.05281  -0.03200  -0.03803
1768   0.02853   0.01409   0.01016   0.00312   0.00000   0.00001   0.00000  -0.00252  -0.01280  -0.00874   0.00056  -0.00900  -0.01200   0.00000   0.01141   0.01953   0.03768  -0.01070  -0.01260  -0.00017   0.01608   0.01141  -0.03597  -0.02795  -0.03028
1769   0.03079   0.01451   0.01024   0.00312   0.00000   0.00001   0.00000  -0.00253  -0.01287  -0.00878   0.00057  -0.00200   0.00000   0.00000   0.03306   0.02210   0.04035   0.00000   0.00000   0.02010   0.03835   0.03306  -0.02311  -0.02086  -0.02151
1770   0.03319   0.01492   0.01032   0.00312   0.00000   0.00001   0.00000  -0.00254  -0.01297  -0.00882   0.00059  -0.00100   0.01900   0.00000   0.05582   0.02477   0.04315   0.01694   0.01994   0.04071   0.06209   0.05582  -0.01057  -0.01373  -0.01281
1771   0.03573   0.01528   0.01039   0.00312   0.00000   0.00001   0.00000  -0.00266  -0.01312  -0.00922   0.00060  -0.00100   0.00200   0.00000   0.04114   0.02689   0.04555   0.00178   0.00210   0.02767   0.04665   0.04114  -0.00509  -0.00801  -0.00716
1772   0.03833   0.01558   0.01047   0.00312   0.00000   0.00001   0.00000  -0.00267  -0.01329  -0.00928   0.00062  -0.00100  -0.02200   0.00000   0.01987   0.02946   0.04835  -0.01962  -0.02309   0.00884   0.02426   0.01987  -0.00456  -0.00524  -0.00504
1773   0.04094   0.01593   0.01054   0.00312   0.00000   0.00001   0.00000  -0.00270  -0.01344  -0.00937   0.00063  -0.00100  -0.05300   0.00000  -0.00834   0.03210   0.05120  -0.04727  -0.05563  -0.01616  -0.00543  -0.00834  -0.00854  -0.00519  -0.00616
1774   0.04352   0.01629   0.01062   0.00312   0.00000   0.00001   0.00000  -0.00272  -0.01358  -0.00943   0.00064  -0.00100  -0.08800   0.00000  -0.04053   0.03476   0.05406  -0.07848  -0.09236  -0.04472  -0.03930  -0.04053  -0.01634  -0.00768  -0.01019
1775   0.04607   0.01663   0.01070   0.00312   0.00000   0.00001   0.00000  -0.00274  -0.01376  -0.00951   0.00066  -0.00100  -0.09500   0.00000  -0.04482   0.03731   0.05685  -0.08472  -0.09971  -0.04841  -0.04386  -0.04482  -0.02146  -0.01101  -0.01404
1776   0.04842   0.01693   0.01077   0.00312   0.00000   0.00001   0.00000  -0.00276  -0.01393  -0.00960   0.00067  -0.25200  -0.06800   0.00000  -0.26636   0.03960   0.05937  -0.06064  -0.07137  -0.27305  -0.26400  -0.26636  -0.07246  -0.02383  -0.03793
1777   0.05072   0.01728   0.01085   0.00312   0.00000   0.00001   0.00000  -0.00278  -0.01410  -0.00966   0.00068  -0.04100  -0.02200   0.00000  -0.00688   0.04192   0.06193  -0.01962  -0.02309  -0.01870  -0.00217  -0.00688  -0.04487  -0.03154  -0.03540
1778   0.05332   0.01763   0.01093   0.00312   0.00000   0.00001   0.00000  -0.00281  -0.01425  -0.00974   0.00070  -0.00500   0.02100   0.00000   0.07490   0.04455   0.06476   0.01873   0.02204   0.05828   0.08180   0.07490  -0.01894  -0.02159  -0.02082
1779   0.05611   0.01794   0.01101   0.00312   0.00000   0.00001   0.00000  -0.00283  -0.01442  -0.00983   0.00071  -0.00200   0.00100   0.00000   0.06081   0.04728   0.06774   0.00089   0.00105   0.04618   0.06679   0.06081  -0.00720  -0.01177  -0.01045
1780   0.05900   0.01828   0.01108   0.00312   0.00000   0.00001   0.00000  -0.00286  -0.01460  -0.00991   0.00072  -0.00100   0.00100   0.00000   0.06484   0.05016   0.07084   0.00089   0.00105   0.05005   0.07089   0.06484   0.00204  -0.00509  -0.00302
1781   0.06193   0.01852   0.01116   0.00312   0.00000   0.00001   0.00000  -0.00296  -0.01472  -0.01026   0.00073  -0.00100  -0.04300   0.00000   0.02352   0.05267   0.07359  -0.03835  -0.04513   0.01332   0.02746   0.02352   0.00081  -0.00167  -0.00095
1782   0.06488   0.01876   0.01124   0.00312   0.00000   0.00001   0.00000  -0.00298  -0.01482  -0.01033   0.00074  -0.00100  -0.01300   0.00000   0.05662   0.05567   0.07673  -0.01159  -0.01364   0.04307   0.06209   0.05662   0.00812   0.00082   0.00294
1783   0.06745   0.01905   0.01131   0.00312   0.00000   0.00001   0.00000  -0.00299  -0.01492  -0.01037   0.00075  -0.44000  -0.05300   0.00000  -0.41958   0.05837   0.07957  -0.04727  -0.05563  -0.42889  -0.41606  -0.41958  -0.08771  -0.01755  -0.03790
1784   0.06948   0.01929   0.01139   0.00312   0.00000   0.00001   0.00000  -0.00301  -0.01501  -0.01043   0.00076  -0.38100  -0.06500   0.00000  -0.37041   0.06044   0.08178  -0.05797  -0.06822  -0.37852  -0.36744  -0.37041  -0.12547  -0.05066  -0.07235
1785   0.07162   0.01953   0.01147   0.00312   0.00000   0.00001   0.00000  -0.00302  -0.01514  -0.01047   0.00077  -0.05100  -0.04700   0.00000  -0.02012   0.06262   0.08412  -0.04192  -0.04933  -0.03030  -0.01621  -0.02012  -0.07978  -0.05651  -0.06326
1786   0.07415   0.01976   0.01155   0.00312   0.00000   0.00001   0.00000  -0.00304  -0.01524  -0.01054   0.00078  -0.00800  -0.02600   0.00000   0.04655   0.06519   0.08683  -0.02319  -0.02729   0.03400   0.05154   0.04655  -0.04951  -0.04262  -0.04462
1787   0.07693   0.02000   0.01162   0.00312   0.00000   0.00001   0.00000  -0.00305  -0.01536  -0.01060   0.00079  -0.00200  -0.01400   0.00000   0.06747   0.06798   0.08979  -0.01249  -0.01469   0.05350   0.07310   0.06747  -0.02842  -0.02946  -0.02916
1788   0.07939   0.02033   0.01170   0.00312   0.00000   0.00001   0.00000  -0.00307  -0.01546  -0.01066   0.00080  -0.54500   0.00700   0.00000  -0.45184   0.07057   0.09252   0.00624   0.00735  -0.46818  -0.44513  -0.45184  -0.12554  -0.04312  -0.06702
1789   0.08149   0.02053   0.01178   0.00312   0.00000   0.00001   0.00000  -0.00308  -0.01556  -0.01070   0.00081  -0.30700   0.01200   0.00000  -0.20661   0.07271   0.09479   0.01070   0.01260  -0.22359  -0.19961  -0.20661  -0.12037  -0.06571  -0.08156
1790   0.08380   0.02077   0.01186   0.00312   0.00000   0.00001   0.00000  -0.00310  -0.01568  -0.01076   0.00082  -0.06900  -0.02300   0.00000  -0.00117   0.07503   0.09728  -0.02051  -0.02414  -0.01448   0.00414  -0.00117  -0.08176  -0.06138  -0.06729
1791   0.08643   0.02116   0.01194   0.00312   0.00000   0.00001   0.00000  -0.00321  -0.01575  -0.01112   0.00084  -0.00800   0.01700   0.00000   0.10242   0.07749   0.09992   0.01516   0.01784   0.08466   0.10976   0.10242  -0.04360  -0.04485  -0.04449
1792   0.08924   0.02153   0.01202   0.00312   0.00000   0.00001   0.00000  -0.00322  -0.01583  -0.01116   0.00085  -0.00300  -0.02000   0.00000   0.07356   0.08057   0.10310  -0.01784  -0.02099   0.05973   0.07910   0.07356  -0.02695  -0.02984  -0.02900
1793   0.09208   0.02193   0.01211   0.00312   0.00000   0.00001   0.00000  -0.00323  -0.01590  -0.01120   0.00087  -0.00200  -0.01700   0.00000   0.08077   0.08370   0.10633  -0.01516  -0.01784   0.06654   0.08649   0.08077  -0.01299  -0.01972  -0.01777
1794   0.09489   0.02235   0.01219   0.00312   0.00000   0.00001   0.00000  -0.00324  -0.01598  -0.01124   0.00088  -0.00100  -0.04200   0.00000   0.05997   0.08683   0.10957  -0.03746  -0.04408   0.04837   0.06448   0.05997  -0.00656  -0.01242  -0.01072
1795   0.09763   0.02274   0.01227   0.00312   0.00000   0.00001   0.00000  -0.00325  -0.01603  -0.01129   0.00090  -0.00100  -0.04000   0.00000   0.06511   0.08991   0.11272  -0.03567  -0.04198   0.05324   0.06974   0.06511   0.00048  -0.00722  -0.00499
1796   0.10030   0.02311   0.01235   0.00312   0.00000   0.00001   0.00000  -0.00327  -0.01612  -0.01133   0.00091  -0.00100  -0.06100   0.00000   0.04708   0.09279   0.11574  -0.05440  -0.06403   0.03739   0.05071   0.04708   0.00270  -0.00343  -0.00165
1797   0.10290   0.02351   0.01244   0.00312   0.00000   0.00001   0.00000  -0.00337  -0.01620  -0.01168   0.00093  -0.00100  -0.06100   0.00000   0.04966   0.09525   0.11836  -0.05440  -0.06403   0.03985   0.05334   0.04966   0.00605  -0.00085   0.00115
1798   0.10546   0.02392   0.01253   0.00312   0.00000   0.00001   0.00000  -0.00338  -0.01627  -0.01172   0.00095  -0.00100  -0.07400   0.00000   0.03960   0.09812   0.12134  -0.06599  -0.07767   0.03112   0.04267   0.03960   0.00710   0.00114   0.00287
1799   0.10794   0.02427   0.01261   0.00312   0.00000   0.00001   0.00000  -0.00339  -0.01637  -0.01177   0.00096  -0.00100  -0.07500   0.00000   0.04138   0.10080   0.12416  -0.06689  -0.07872   0.03292   0.04444   0.04138   0.00904   0.00260   0.00447
1800   0.11038   0.02469   0.01270   0.00312   0.00000   0.00001   0.00000  -0.00351  -0.01649  -0.01216   0.00098  -0.00100  -0.08000   0.00000   0.03871   0.10295   0.12655  -0.07134  -0.08397   0.03061   0.04158   0.03871   0.01031   0.00396   0.00581
1801   0.11280   0.02520   0.01279   0.00312   0.00000   0.00001   0.00000  -0.00352  -0.01659  -0.01220   0.00100  -0.00100  -0.07400   0.00000   0.04760   0.10575   0.12948  -0.06599  -0.07767   0.03875   0.05081   0.04760   0.01344   0.00553   0.00783
1802   0.11524   0.02574   0.01288   0.00312   0.00000   0.00001   0.00000  -0.00372  -0.01674  -0.01289   0.00102  -0.00100  -0.05600   0.00000   0.06766   0.10757   0.13164  -0.04994  -0.05878   0.05663   0.07186   0.06766   0.01963   0.00829   0.01158
1803   0.11772   0.02631   0.01298   0.00312   0.00000   0.00001   0.00000  -0.00365  -0.01689  -0.01266   0.00104  -0.00100  -0.07700   0.00000   0.04997   0.11078   0.13499  -0.06867  -0.08082   0.04111   0.05317   0.04997   0.02034   0.01064   0.01345
1804   0.12020   0.02685   0.01307   0.00312   0.00000   0.00001   0.00000  -0.00367  -0.01704  -0.01272   0.00106  -0.00100  -0.09100   0.00000   0.03888   0.11355   0.13796  -0.08115  -0.09551   0.03139   0.04145   0.03888   0.01952   0.01126   0.01366
1805   0.12274   0.02737   0.01317   0.00312   0.00000   0.00001   0.00000  -0.00370  -0.01718  -0.01281   0.00108  -0.00100  -0.08600   0.00000   0.04680   0.11632   0.14094  -0.07670  -0.09026   0.03862   0.04967   0.04680   0.02118   0.01184   0.01455
1806   0.12535   0.02790   0.01327   0.00312   0.00000   0.00001   0.00000  -0.00380  -0.01733  -0.01318   0.00110  -0.00100  -0.08900   0.00000   0.04642   0.11875   0.14364  -0.07937  -0.09341   0.03838   0.04923   0.04642   0.02237   0.01283   0.01560
1807   0.12804   0.02842   0.01337   0.00312   0.00000   0.00001   0.00000  -0.00383  -0.01748  -0.01326   0.00112  -0.00100  -0.11100   0.00000   0.02751   0.12169   0.14679  -0.09899  -0.11650   0.02170   0.02928   0.02751   0.01979   0.01282   0.01485
1808   0.13086   0.02900   0.01348   0.00312   0.00000   0.00001   0.00000  -0.00385  -0.01763  -0.01333   0.00115  -0.00100  -0.11800   0.00000   0.02381   0.12485   0.15015  -0.10523  -0.12385   0.01862   0.02529   0.02381   0.01803   0.01193   0.01370
1809   0.13013   0.02965   0.01358   0.00312   0.00000   0.00001   0.00000  -0.00387  -0.01778  -0.01341   0.00117  -4.07700  -0.12700   0.00000  -4.06140   0.12450   0.15000  -0.11326  -0.13330  -4.06576  -4.06030  -4.06140  -0.85162  -0.17804  -0.37338
1810   0.12587   0.03027   0.01369   0.00312   0.00000   0.00001   0.00000  -0.00390  -0.01795  -0.01349   0.00120  -2.28700  -0.12800   0.00000  -2.27619   0.12054   0.14628  -0.11415  -0.13435  -2.28061  -2.27507  -2.27619  -0.91993  -0.42466  -0.56829
1811   0.12328   0.03072   0.01380   0.00312   0.00000   0.00001   0.00000  -0.00400  -0.01805  -0.01385   0.00122  -0.50900  -0.12800   0.00000  -0.50075   0.11783   0.14377  -0.11415  -0.13435  -0.50532  -0.49958  -0.50075  -0.66387  -0.44354  -0.50744
1812   0.12300   0.03117   0.01391   0.00312   0.00000   0.00001   0.00000  -0.00402  -0.01815  -0.01391   0.00123  -0.45400  -0.12700   0.00000  -0.44464   0.11784   0.14392  -0.11326  -0.13330  -0.44942  -0.44337  -0.44464  -0.56181  -0.38395  -0.43553
1813   0.12388   0.03172   0.01402   0.00312   0.00000   0.00001   0.00000  -0.00403  -0.01824  -0.01397   0.00126  -0.41500  -0.11800   0.00000  -0.39526   0.11913   0.14535  -0.10523  -0.12385  -0.40111  -0.39350  -0.39526  -0.49662  -0.34380  -0.38812
1814   0.12571   0.03227   0.01413   0.00312   0.00000   0.00001   0.00000  -0.00405  -0.01837  -0.01403   0.00128  -0.09900  -0.11000   0.00000  -0.06894   0.12132   0.14771  -0.09810  -0.11546  -0.07578  -0.06675  -0.06894  -0.38858  -0.30020  -0.32583
1815   0.12476   0.03295   0.01424   0.00312   0.00000   0.00001   0.00000  -0.00416  -0.01847  -0.01439   0.00130  -4.09900  -0.10100   0.00000  -4.06063   0.12048   0.14708  -0.09007  -0.10601  -4.06859  -4.05793  -4.06063  -1.17635  -0.43929  -0.65304
1816   0.11924   0.03364   0.01436   0.00312   0.00000   0.00001   0.00000  -0.00426  -0.01859  -0.01476   0.00133  -4.04500  -0.10200   0.00000  -4.01292   0.11503   0.14186  -0.09096  -0.10706  -4.02094  -4.01020  -4.01292  -1.56029  -0.72497  -0.96721
1817   0.11467   0.03407   0.01447   0.00312   0.00000   0.00001   0.00000  -0.00437  -0.01869  -0.01513   0.00135  -0.95100  -0.09800   0.00000  -0.91950   0.11029   0.13734  -0.08740  -0.10286  -0.92810  -0.91652  -0.91950  -1.17453  -0.79127  -0.90241
1818   0.11390   0.03447   0.01459   0.00312   0.00000   0.00001   0.00000  -0.00439  -0.01879  -0.01518   0.00136  -0.08700  -0.09800   0.00000  -0.05589   0.10981   0.13699  -0.08740  -0.10286  -0.06459  -0.05287  -0.05589  -0.86036  -0.66755  -0.72347
1819   0.11538   0.03502   0.01471   0.00312   0.00000   0.00001   0.00000  -0.00440  -0.01891  -0.01524   0.00139  -0.01900  -0.10900   0.00000   0.00307   0.11165   0.13900  -0.09721  -0.11441  -0.00456   0.00560   0.00307  -0.68083  -0.54521  -0.58454
1820   0.11780   0.03556   0.01483   0.00312   0.00000   0.00001   0.00000  -0.00442  -0.01901  -0.01530   0.00141  -0.00500  -0.11200   0.00000   0.01699   0.11448   0.14196  -0.09988  -0.11755   0.00959   0.01941   0.01699  -0.56007  -0.45544  -0.48579
1821   0.12055   0.03611   0.01495   0.00312   0.00000   0.00001   0.00000  -0.00445  -0.01916  -0.01538   0.00143  -0.00200  -0.11400   0.00000   0.02118   0.11752   0.14521  -0.10167  -0.11965   0.01385   0.02356   0.02118  -0.47269  -0.38758  -0.41226
1822   0.12321   0.03665   0.01508   0.00312   0.00000   0.00001   0.00000  -0.00455  -0.01930  -0.01576   0.00145  -0.12600  -0.11500   0.00000  -0.10110   0.12004   0.14801  -0.10256  -0.12070  -0.10852  -0.09870  -0.10110  -0.43255  -0.34049  -0.36719
1823   0.12470   0.03719   0.01520   0.00312   0.00000   0.00001   0.00000  -0.00467  -0.01945  -0.01615   0.00147  -1.19500  -0.09700   0.00000  -1.15059   0.12136   0.14960  -0.08651  -0.10181  -1.16014  -1.14721  -1.15059  -0.61742  -0.35695  -0.43249
1824   0.12537   0.03774   0.01533   0.00312   0.00000   0.00001   0.00000  -0.00469  -0.01960  -0.01621   0.00149  -0.44200  -0.09400   0.00000  -0.39343   0.12237   0.15082  -0.08383  -0.09866  -0.40346  -0.38984  -0.39343  -0.53880  -0.37953  -0.42572
1825   0.12652   0.03829   0.01547   0.00312   0.00000   0.00001   0.00000  -0.00480  -0.01972  -0.01661   0.00152  -0.06000  -0.07300   0.00000   0.01079   0.12342   0.15211  -0.06510  -0.07662  -0.00169   0.01548   0.01079  -0.42425  -0.34019  -0.36457
1826   0.12803   0.03883   0.01560   0.00312   0.00000   0.00001   0.00000  -0.00482  -0.01987  -0.01667   0.00154  -0.01000  -0.06200   0.00000   0.07376   0.12525   0.15414  -0.05529  -0.06507   0.05996   0.07907   0.07376  -0.34723  -0.28989  -0.30652
1827   0.12965   0.03938   0.01574   0.00312   0.00000   0.00001   0.00000  -0.00494  -0.02004  -0.01706   0.00156  -0.00300  -0.05000   0.00000   0.09441   0.12668   0.15588  -0.04459  -0.05248   0.07909   0.10040   0.09441  -0.29020  -0.24811  -0.26031
1828   0.13122   0.03992   0.01588   0.00312   0.00000   0.00001   0.00000  -0.00495  -0.02019  -0.01712   0.00158  -0.00200  -0.04800   0.00000   0.09945   0.12858   0.15798  -0.04281  -0.05038   0.08377   0.10560   0.09945  -0.24646  -0.21405  -0.22345
1829   0.13265   0.04048   0.01602   0.00312   0.00000   0.00001   0.00000  -0.00498  -0.02034  -0.01721   0.00160  -0.00100  -0.04700   0.00000   0.10335   0.13033   0.15994  -0.04192  -0.04933   0.08742   0.10961   0.10335  -0.21104  -0.18603  -0.19328
1830   0.13329   0.04104   0.01617   0.00312   0.00000   0.00001   0.00000  -0.00554  -0.02051  -0.01913   0.00162  -0.73600  -0.06300   0.00000  -0.64894   0.12858   0.15884  -0.05618  -0.06612  -0.66361  -0.64329  -0.64894  -0.34193  -0.19747  -0.23936
1831   0.13224   0.04155   0.01632   0.00312   0.00000   0.00001   0.00000  -0.00547  -0.02061  -0.01888   0.00164  -1.48500  -0.06400   0.00000  -1.39908   0.12838   0.15871  -0.05708  -0.06717  -1.41369  -1.39346  -1.39908  -0.55959  -0.27303  -0.35613
1832   0.13061   0.04209   0.01648   0.00312   0.00000   0.00001   0.00000  -0.00549  -0.02073  -0.01897   0.00167  -0.48800  -0.07800   0.00000  -0.41722   0.12712   0.15762  -0.06956  -0.08187  -0.43044  -0.41225  -0.41722  -0.47031  -0.31606  -0.36079
1833   0.12984   0.04265   0.01663   0.00312   0.00000   0.00001   0.00000  -0.00560  -0.02088  -0.01934   0.00169  -0.05700  -0.07500   0.00000   0.01612   0.12627   0.15704  -0.06689  -0.07872   0.00238   0.02132   0.01612  -0.35560  -0.28266  -0.30381
1834   0.12981   0.04317   0.01679   0.00312   0.00000   0.00001   0.00000  -0.00562  -0.02101  -0.01940   0.00171  -0.01000  -0.05200   0.00000   0.08659   0.12661   0.15756  -0.04637  -0.05458   0.07024   0.09298   0.08659  -0.28223  -0.23718  -0.25025
1835   0.12876   0.04370   0.01695   0.00312   0.00000   0.00001   0.00000  -0.00573  -0.02113  -0.01977   0.00173  -1.63400  -0.02700   0.00000  -1.51336   0.12550   0.15668  -0.02408  -0.02834  -1.53258  -1.50566  -1.51336  -0.57510  -0.27505  -0.36206
1836   0.12658   0.04426   0.01712   0.00312   0.00000   0.00001   0.00000  -0.00611  -0.02128  -0.02107   0.00175  -0.91600  -0.00500   0.00000  -0.77662   0.12189   0.15356  -0.00446  -0.00525  -0.79857  -0.76769  -0.77662  -0.55869  -0.34188  -0.40475
1837   0.12528   0.04483   0.01728   0.00312   0.00000   0.00001   0.00000  -0.00613  -0.02142  -0.02115   0.00177  -0.20500   0.02600   0.00000  -0.03542   0.12095   0.15283   0.02319   0.02729  -0.06086  -0.02488  -0.03542  -0.41720  -0.32172  -0.34941
1838   0.12525   0.04540   0.01745   0.00312   0.00000   0.00001   0.00000  -0.00625  -0.02157  -0.02154   0.00180  -0.01900   0.05200   0.00000   0.17666   0.12083   0.15298   0.04637   0.05458   0.14820   0.18856   0.17666  -0.30664  -0.26519  -0.27721
1839   0.12607   0.04591   0.01763   0.00312   0.00000   0.00001   0.00000  -0.00636  -0.02172  -0.02192   0.00182  -0.00500   0.03300   0.00000   0.17257   0.12155   0.15397   0.02943   0.03464   0.14598   0.18360   0.17257  -0.24015  -0.21526  -0.22248
1840   0.12740   0.04649   0.01781   0.00312   0.00000   0.00001   0.00000  -0.00656  -0.02187  -0.02262   0.00184  -0.00200   0.01300   0.00000   0.15662   0.12235   0.15512   0.01159   0.01364   0.13195   0.16677   0.15662  -0.19519  -0.17856  -0.18338
1841   0.12905   0.04716   0.01799   0.00312   0.00000   0.00001   0.00000  -0.00667  -0.02202  -0.02299   0.00187  -0.00100  -0.00900   0.00000   0.13752   0.12406   0.15710  -0.00803  -0.00945   0.11504   0.14666   0.13752  -0.16352  -0.15113  -0.15472
1842   0.13090   0.04785   0.01818   0.00312   0.00000   0.00001   0.00000  -0.00688  -0.02216  -0.02368   0.00189  -0.00100  -0.04300   0.00000   0.10523   0.12552   0.15891  -0.03835  -0.04513   0.08617   0.11278   0.10523  -0.14327  -0.13100  -0.13456
1843   0.13289   0.04858   0.01838   0.00312   0.00000   0.00001   0.00000  -0.00699  -0.02231  -0.02408   0.00192  -0.00100  -0.05600   0.00000   0.09451   0.12761   0.16128  -0.04994  -0.05878   0.07667   0.10150   0.09451  -0.12656  -0.11590  -0.11899
1844   0.13501   0.04926   0.01857   0.00312   0.00000   0.00001   0.00000  -0.00719  -0.02248  -0.02475   0.00195  -0.00100  -0.05600   0.00000   0.09649   0.12932   0.16336  -0.04994  -0.05878   0.07838   0.10358   0.09649  -0.11086  -0.10306  -0.10532
1845   0.13728   0.04995   0.01877   0.00312   0.00000   0.00001   0.00000  -0.00758  -0.02263  -0.02607   0.00198  -0.00100  -0.04300   0.00000   0.11083   0.13031   0.16484  -0.03835  -0.04513   0.09097   0.11871   0.11083  -0.09424  -0.09096  -0.09191
1846   0.13963   0.05062   0.01898   0.00312   0.00000   0.00001   0.00000  -0.00760  -0.02276  -0.02613   0.00200  -0.04900  -0.02300   0.00000   0.08587   0.13323   0.16793  -0.02051  -0.02414   0.06372   0.09479   0.08587  -0.08609  -0.08084  -0.08236
1847   0.14186   0.05133   0.01918   0.00312   0.00000   0.00001   0.00000  -0.00789  -0.02290  -0.02711   0.00203  -0.22800  -0.01300   0.00000  -0.08137   0.13470   0.16981  -0.01159  -0.01364  -0.10489  -0.07184  -0.08137  -0.11259  -0.08073  -0.08997
1848   0.14411   0.05201   0.01940   0.00312   0.00000   0.00001   0.00000  -0.00800  -0.02303  -0.02750   0.00206  -0.02000  -0.01200   0.00000   0.13016   0.13706   0.17242  -0.01070  -0.01260   0.10636   0.13982   0.13016  -0.07728  -0.07716  -0.07720
1849   0.14659   0.05277   0.01961   0.00312   0.00000   0.00001   0.00000  -0.00829  -0.02318  -0.02848   0.00209  -0.00300   0.00100   0.00000   0.16224   0.13885   0.17462   0.00089   0.00105   0.13674   0.17266   0.16224  -0.05255  -0.06204  -0.05929
1850   0.14922   0.05332   0.01984   0.00312   0.00000   0.00001   0.00000  -0.00881  -0.02399  -0.03022   0.00211  -0.00200   0.01300   0.00000   0.17560   0.13820   0.17539   0.01159   0.01364   0.14779   0.18703   0.17560  -0.03280  -0.04800  -0.04359
1851   0.15188   0.05373   0.02006   0.00312   0.00000   0.00001   0.00100  -0.00882  -0.02409  -0.03026   0.00213  -0.00100  -0.01000   0.00000   0.15777   0.14258   0.17947  -0.00892  -0.01050   0.13266   0.16797   0.15777  -0.02091  -0.03675  -0.03216
1852   0.15458   0.05466   0.02029   0.00312   0.00000   0.00001   0.00200  -0.00918  -0.02458  -0.03148   0.00216  -0.00100  -0.01900   0.00000   0.15158   0.14505   0.18241  -0.01694  -0.01994   0.12711   0.16147   0.15158  -0.01150  -0.02832  -0.02344
1853   0.15733   0.05540   0.02053   0.00312   0.00000   0.00001   0.00400  -0.00938  -0.02470  -0.03215   0.00219  -0.00400  -0.02800   0.00000   0.14434   0.15021   0.18701  -0.02497  -0.02939   0.12124   0.15362   0.14434  -0.00412  -0.02148  -0.01644
1854   0.15991   0.05640   0.02077   0.00312   0.00000   0.00001   0.00500  -0.01031  -0.02488  -0.03528   0.00223  -0.20600  -0.03800   0.00000  -0.06704   0.15048   0.18778  -0.03389  -0.03988  -0.08941  -0.05811  -0.06704  -0.04190  -0.02539  -0.03017
1855   0.16238   0.05701   0.02101   0.00312   0.00000   0.00001   0.00600  -0.01051  -0.02500  -0.03595   0.00226  -0.04400  -0.04900   0.00000   0.08731   0.15392   0.19109  -0.04370  -0.05143   0.06622   0.09566   0.08731  -0.02547  -0.02984  -0.02857
1856   0.16494   0.05762   0.02126   0.00312   0.00000   0.00001   0.00700  -0.01100  -0.02520  -0.03757   0.00228  -0.04200  -0.05000   0.00000   0.09046   0.15593   0.19329  -0.04459  -0.05248   0.06934   0.09881   0.09046  -0.01825  -0.02496  -0.02301
1857   0.16750   0.05861   0.02151   0.00312   0.00000   0.00001   0.00800  -0.01112  -0.02539  -0.03798   0.00232  -0.12000  -0.03900   0.00000   0.02758   0.16012   0.19739  -0.03478  -0.04093   0.00534   0.03645   0.02758  -0.02650  -0.02376  -0.02455
1858   0.17010   0.05936   0.02177   0.00312   0.00000   0.00001   0.00900  -0.01124  -0.02559  -0.03840   0.00235  -0.01700  -0.02700   0.00000   0.14647   0.16407   0.20125  -0.02408  -0.02834   0.12299   0.15591   0.14647  -0.00386  -0.01973  -0.01513
1859   0.17285   0.06027   0.02204   0.00312   0.00000   0.00001   0.01100  -0.01173  -0.02579  -0.04002   0.00239  -0.00300  -0.02100   0.00000   0.17012   0.16790   0.20483  -0.01873  -0.02204   0.14617   0.17979   0.17012   0.01318  -0.00960  -0.00300
1860   0.17570   0.06105   0.02231   0.00312   0.00000   0.00001   0.01200  -0.01249  -0.02601  -0.04256   0.00242  -0.00200  -0.00700   0.00000   0.18654   0.16900   0.20637  -0.00624  -0.00735   0.16076   0.19702   0.18654   0.02802   0.00017   0.00825
1861   0.17864   0.06194   0.02258   0.00312   0.00000   0.00001   0.01300  -0.01290  -0.02626  -0.04391   0.00245  -0.00100   0.00400   0.00000   0.20168   0.17202   0.20957   0.00357   0.00420   0.17458   0.21277   0.20168   0.04202   0.00954   0.01896
1862   0.18151   0.06272   0.02286   0.00312   0.00000   0.00001   0.01400  -0.01294  -0.02606  -0.04405   0.00248  -0.00100  -0.00200   0.00000   0.20065   0.17745   0.21436  -0.00178  -0.00210   0.17467   0.21126   0.20065   0.05258   0.01791   0.02796
1863   0.18428   0.06365   0.02314   0.00312   0.00000   0.00001   0.01500  -0.01360  -0.02626  -0.04625   0.00252  -0.00100  -0.01700   0.00000   0.18760   0.17916   0.21640  -0.01516  -0.01784   0.16300   0.19755   0.18760   0.05867   0.02429   0.03426
1864   0.18704   0.06435   0.02343   0.00312   0.00000   0.00001   0.01700  -0.01446  -0.02645  -0.04907   0.00255  -0.00100  -0.03100   0.00000   0.17552   0.18106   0.21833  -0.02765  -0.03254   0.15241   0.18479   0.17552   0.06233   0.02871   0.03846
1865   0.18977   0.06540   0.02373   0.00312   0.00000   0.00001   0.01800  -0.01513  -0.02665  -0.05129   0.00259  -0.00100  -0.03800   0.00000   0.17055   0.18285   0.22046  -0.03389  -0.03988   0.14796   0.17957   0.17055   0.06552   0.03203   0.04174
1866   0.19248   0.06649   0.02403   0.00312   0.00000   0.00001   0.01900  -0.01543  -0.02682  -0.05228   0.00263  -0.00100  -0.04400   0.00000   0.16822   0.18652   0.22413  -0.03924  -0.04618   0.14628   0.17695   0.16822   0.06864   0.03491   0.04470
1867   0.19527   0.06713   0.02433   0.00312   0.00000   0.00001   0.02000  -0.01619  -0.02702  -0.05477   0.00266  -0.00100  -0.04500   0.00000   0.16855   0.18755   0.22557  -0.04013  -0.04723   0.14642   0.17734   0.16855   0.07190   0.03764   0.04757
1868   0.19820   0.06813   0.02464   0.00312   0.00000   0.00001   0.02100  -0.01658  -0.02719  -0.05606   0.00270  -0.00100  -0.03500   0.00000   0.18197   0.19091   0.22902  -0.03121  -0.03674   0.15870   0.19128   0.18197   0.07774   0.04092   0.05160
1869   0.20128   0.06878   0.02496   0.00312   0.00000   0.00001   0.02200  -0.01734  -0.02739  -0.05855   0.00272  -0.00100  -0.01900   0.00000   0.19958   0.19224   0.23075  -0.01694  -0.01994   0.17430   0.20981   0.19958   0.08566   0.04536   0.05705
1870   0.20452   0.06985   0.02528   0.00312   0.00000   0.00001   0.02400  -0.01783  -0.02756  -0.06015   0.00277  -0.00100  -0.00800   0.00000   0.21500   0.19685   0.23508  -0.00713  -0.00840   0.18872   0.22569   0.21500   0.09464   0.05071   0.06345
1871   0.20805   0.07092   0.02560   0.00312   0.00000   0.00001   0.02500  -0.01881  -0.02791  -0.06334   0.00281  -0.00100   0.02200   0.00000   0.24644   0.19776   0.23675   0.01962   0.02309   0.21638   0.25884   0.24644   0.10730   0.05741   0.07188
1872   0.21227   0.07157   0.02594   0.00312   0.00000   0.00001   0.02600  -0.02052  -0.02870  -0.06889   0.00283  -0.00100   0.02000   0.00000   0.24263   0.19460   0.23548   0.01784   0.02099   0.21144   0.25547   0.24263   0.11524   0.06422   0.07902
1873   0.21716   0.07256   0.02627   0.00312   0.00000   0.00001   0.02700  -0.02149  -0.02899  -0.07201   0.00287  -0.00100   0.02200   0.00000   0.24750   0.19699   0.23856   0.01962   0.02309   0.21561   0.26065   0.24750   0.12294   0.06993   0.08531
1874   0.22234   0.07321   0.02662   0.00312   0.00000   0.00001   0.02800  -0.02060  -0.02914  -0.06912   0.00290  -0.00100   0.00100   0.00000   0.23734   0.20849   0.24912   0.00089   0.00105   0.20838   0.24917   0.23734   0.12762   0.07459   0.08996
1875   0.22782   0.07428   0.02697   0.00312   0.00000   0.00001   0.03000  -0.02193  -0.02944  -0.07343   0.00294  -0.00100  -0.01700   0.00000   0.22234   0.21112   0.25228  -0.01516  -0.01784   0.19495   0.23344   0.22234   0.12907   0.07753   0.09248
1876   0.23364   0.07534   0.02732   0.00312   0.00000   0.00001   0.03100  -0.02225  -0.02966  -0.07445   0.00298  -0.00100  -0.04000   0.00000   0.20604   0.21775   0.25901  -0.03567  -0.04198   0.18108   0.21602   0.20604   0.12843   0.07892   0.09328
1877   0.23973   0.07601   0.02768   0.00312   0.00000   0.00001   0.03200  -0.02257  -0.02991  -0.07546   0.00301  -0.00100  -0.05600   0.00000   0.19662   0.22425   0.26562  -0.04994  -0.05878   0.17330   0.20584   0.19662   0.12751   0.07934   0.09331
1878   0.24607   0.07697   0.02805   0.00312   0.00000   0.00001   0.03300  -0.02279  -0.03013  -0.07616   0.00305  -0.00100  -0.06300   0.00000   0.19719   0.23180   0.27319  -0.05618  -0.06612   0.17461   0.20606   0.19719   0.12803   0.07977   0.09377
1879   0.25264   0.07765   0.02842   0.00312   0.00000   0.00001   0.03400  -0.02414  -0.03040  -0.08047   0.00308  -0.00100  -0.06400   0.00000   0.19891   0.23384   0.27619  -0.05708  -0.06717   0.17577   0.20801   0.19891   0.12916   0.08063   0.09470
1880   0.25951   0.07866   0.02880   0.00312   0.00000   0.00001   0.03500  -0.02662  -0.03074  -0.08836   0.00312  -0.00100  -0.07000   0.00000   0.19148   0.23105   0.27532  -0.06243  -0.07347   0.16762   0.20085   0.19148   0.12874   0.08137   0.09511
1881   0.26685   0.07981   0.02918   0.00312   0.00000   0.00001   0.03700  -0.02735  -0.03119  -0.09067   0.00316  -0.00100  -0.05300   0.00000   0.21591   0.23829   0.28282  -0.04727  -0.05563   0.19003   0.22619   0.21591   0.13414   0.08305   0.09787
1882   0.27402   0.08088   0.02956   0.00312   0.00000   0.00001   0.03800  -0.02856  -0.03111  -0.09445   0.00320  -0.00100  -0.05700   0.00000   0.21667   0.24278   0.28770  -0.05083  -0.05983   0.19094   0.22688   0.21667   0.13782   0.08578   0.10087
1883   0.28015   0.08216   0.02995   0.00312   0.00000   0.00001   0.03900  -0.03011  -0.03141  -0.09932   0.00325  -0.73100  -0.06500   0.00000  -0.51921   0.24408   0.29015  -0.05797  -0.06822  -0.54488  -0.50907  -0.51921  -0.01573   0.05404   0.03381
1884   0.28417   0.08318   0.03034   0.00312   0.00000   0.00001   0.04000  -0.03043  -0.03163  -0.10030   0.00329  -2.10800  -0.04400   0.00000  -1.87025   0.24897   0.29513  -0.03924  -0.04618  -1.89827  -1.85905  -1.87025  -0.38149  -0.06571  -0.15729
1885   0.28732   0.08391   0.03073   0.00312   0.00000   0.00001   0.04100  -0.03074  -0.03183  -0.10128   0.00332  -0.70600  -0.04200   0.00000  -0.46243   0.25275   0.29897  -0.03746  -0.04408  -0.49070  -0.45112  -0.46243  -0.28484  -0.15143  -0.19012
1886   0.29165   0.08473   0.03112   0.00312   0.00000   0.00001   0.04200  -0.03116  -0.03205  -0.10258   0.00336  -0.13400  -0.04300   0.00000   0.11319   0.25726   0.30364  -0.03835  -0.04513   0.08491   0.12451   0.11319  -0.15453  -0.12527  -0.13376
1887   0.29665   0.08580   0.03151   0.00312   0.00000   0.00001   0.04400  -0.03243  -0.03230  -0.10652   0.00340  -0.01400  -0.05100   0.00000   0.22823   0.26000   0.30681  -0.04548  -0.05353   0.20052   0.23928   0.22823  -0.07110  -0.07971  -0.07721
1888   0.30174   0.08689   0.03191   0.00312   0.00000   0.00001   0.04500  -0.03553  -0.03262  -0.11607   0.00344  -0.00400  -0.05500   0.00000   0.22888   0.25297   0.30215  -0.04905  -0.05773   0.19992   0.24042   0.22888  -0.02203  -0.04361  -0.03735
1889   0.30664   0.08797   0.03230   0.00312   0.00000   0.00001   0.04600  -0.03556  -0.03279  -0.11614   0.00349  -0.00200  -0.05500   0.00000   0.23803   0.26026   0.30924  -0.04905  -0.05773   0.20921   0.24951   0.23803   0.01393  -0.01704  -0.00806
1890   0.31081   0.08893   0.03271   0.00312   0.00000   0.00001   0.04700  -0.03893  -0.02971  -0.12642   0.00352  -0.63200  -0.04300   0.00000  -0.38396   0.25748   0.30474  -0.03835  -0.04513  -0.41286  -0.37239  -0.38396  -0.09221  -0.02523  -0.04465
1891   0.31441   0.09017   0.03311   0.00312   0.00000   0.00001   0.04800  -0.04069  -0.03018  -0.13173   0.00357  -0.40800  -0.03100   0.00000  -0.14921   0.25516   0.30394  -0.02765  -0.03254  -0.18049  -0.13660  -0.14921  -0.09059  -0.04822  -0.06051
1892   0.31804   0.09171   0.03352   0.00312   0.00000   0.00001   0.05000  -0.04245  -0.03062  -0.13701   0.00363  -0.11400  -0.02300   0.00000   0.15295   0.25457   0.30440  -0.02051  -0.02414   0.12006   0.16626   0.15295  -0.03295  -0.03948  -0.03758
1893   0.32179   0.09287   0.03394   0.00312   0.00000   0.00001   0.05100  -0.04422  -0.03109  -0.14228   0.00368  -0.01200  -0.00100   0.00000   0.27583   0.25236   0.30372  -0.00089  -0.00105   0.23947   0.29067   0.27583   0.02023  -0.01393  -0.00403
1894   0.32564   0.09389   0.03437   0.00312   0.00000   0.00001   0.05200  -0.04598  -0.03156  -0.14749   0.00372  -0.00400   0.02900   0.00000   0.31271   0.25017   0.30305   0.02586   0.03044   0.27203   0.32949   0.31271   0.05958   0.01200   0.02580
1895   0.32967   0.09504   0.03481   0.00312   0.00000   0.00001   0.05300  -0.04774  -0.03200  -0.15268   0.00377  -0.00200   0.03200   0.00000   0.31698   0.24838   0.30275   0.02854   0.03359   0.27492   0.33434   0.31698   0.08778   0.03355   0.04928
1896   0.33381   0.09659   0.03525   0.00312   0.00000   0.00001   0.05400  -0.04950  -0.03247  -0.15784   0.00383  -0.00100   0.02100   0.00000   0.30680   0.24711   0.30300   0.01873   0.02204   0.26484   0.32405   0.30680   0.10722   0.05024   0.06677
1897   0.33805   0.09768   0.03569   0.00312   0.00000   0.00001   0.05500  -0.05126  -0.03294  -0.16296   0.00387  -0.00100  -0.01000   0.00000   0.27526   0.24550   0.30291  -0.00892  -0.01050   0.23558   0.29141   0.27526   0.11708   0.06191   0.07791
1898   0.34249   0.09880   0.03615   0.00312   0.00000   0.00001   0.05700  -0.05302  -0.03338  -0.16806   0.00392  -0.00100  -0.02400   0.00000   0.26201   0.24550   0.30397  -0.02140  -0.02519   0.22310   0.27778   0.26201   0.12446   0.06977   0.08563
1899   0.34729   0.10031   0.03661   0.00312   0.00000   0.00001   0.05800  -0.05478  -0.03385  -0.17313   0.00397  -0.00100  -0.02800   0.00000   0.25855   0.24496   0.30495  -0.02497  -0.02939   0.21899   0.27456   0.25855   0.13121   0.07604   0.09204
1900   0.35248   0.10151   0.03707   0.00312   0.00000   0.00001   0.05900  -0.05654  -0.03432  -0.17817   0.00402  -0.00100  -0.04300   0.00000   0.24418   0.24451   0.30601  -0.03835  -0.04513   0.20516   0.25988   0.24418   0.13486   0.08092   0.09657
1901   0.35820   0.10354   0.03754   0.00312   0.00000   0.00001   0.06000  -0.05926  -0.03471  -0.18591   0.00410  -0.00100  -0.05400   0.00000   0.23162   0.24141   0.30509  -0.04816  -0.05668   0.19225   0.24741   0.23162   0.13664   0.08422   0.09942
1902   0.36415   0.10572   0.03801   0.00312   0.00000   0.00001   0.06100  -0.06198  -0.03511  -0.19356   0.00419  -0.33600  -0.05900   0.00000  -0.10944   0.23881   0.30466  -0.05262  -0.06193  -0.14981  -0.09327  -0.10944   0.06696   0.07111   0.06991
1903   0.36898   0.10782   0.03850   0.00312   0.00000   0.00001   0.06300  -0.06470  -0.03550  -0.20116   0.00427  -1.70500  -0.05600   0.00000  -1.47667   0.23635   0.30393  -0.04994  -0.05878  -1.51859  -1.45984  -1.47667  -0.25824  -0.01697  -0.08694
1904   0.37337   0.11011   0.03899   0.00312   0.00000   0.00001   0.06400  -0.06741  -0.03590  -0.20869   0.00436  -0.60300  -0.03100   0.00000  -0.35205   0.23243   0.30218  -0.02765  -0.03254  -0.39822  -0.33336  -0.35205  -0.19281  -0.09272  -0.12175
1905   0.37901   0.11264   0.03948   0.00312   0.00000   0.00001   0.06500  -0.07014  -0.03629  -0.21616   0.00446  -0.08000  -0.06600   0.00000   0.13513   0.23006   0.30199  -0.05886  -0.06927   0.09120   0.15271   0.13513  -0.08890  -0.07505  -0.07907
1906   0.38581   0.11518   0.03999   0.00312   0.00000   0.00001   0.06600  -0.07285  -0.03669  -0.22356   0.00457  -0.01300  -0.01900   0.00000   0.24957   0.22896   0.30306  -0.01694  -0.01994   0.19902   0.27011   0.24957  -0.01968  -0.03840  -0.03297
1907   0.39326   0.11739   0.04050   0.00312   0.00000   0.00001   0.06700  -0.07557  -0.03708  -0.23091   0.00465  -0.12600  -0.04300   0.00000   0.11336   0.22821   0.30447  -0.03835  -0.04513   0.06386   0.13334   0.11336  -0.00742  -0.01457  -0.01250
1908   0.40079   0.11990   0.04101   0.00312   0.00000   0.00001   0.06800  -0.07829  -0.03750  -0.23819   0.00475  -0.04700  -0.02100   0.00000   0.21559   0.22788   0.30635  -0.01873  -0.02204   0.16216   0.23731   0.21559   0.02725   0.00115   0.00872
1909   0.40826   0.12264   0.04153   0.00312   0.00000   0.00001   0.07000  -0.08101  -0.03789  -0.24542   0.00486  -0.00700  -0.04400   0.00000   0.23509   0.22915   0.30935  -0.03924  -0.04618   0.18291   0.25617   0.23509   0.05348   0.01895   0.02897
1910   0.41585   0.12511   0.04206   0.00312   0.00000   0.00001   0.07100  -0.08373  -0.03829  -0.25258   0.00496  -0.00200  -0.04400   0.00000   0.24151   0.22903   0.31139  -0.03924  -0.04618   0.18779   0.26321   0.24151   0.07317   0.03387   0.04527
1911   0.42322   0.12735   0.04260   0.00313   0.00001   0.00001   0.07200  -0.08513  -0.03868  -0.25624   0.00505  -0.00100  -0.05100   0.00000   0.24130   0.23400   0.31752  -0.04548  -0.05353   0.18752   0.26299   0.24130   0.08832   0.04601   0.05828
1912   0.43003   0.12980   0.04314   0.00314   0.00002   0.00001   0.07300  -0.08652  -0.03910  -0.25987   0.00515  -0.26500  -0.05200   0.00000  -0.01824   0.23864   0.32332  -0.04637  -0.05458  -0.07274   0.00374  -0.01824   0.04523   0.04387   0.04427
1913   0.43649   0.13256   0.04369   0.00315   0.00003   0.00001   0.07400  -0.08791  -0.03950  -0.26350   0.00526  -0.22900  -0.03900   0.00000   0.03624   0.24330   0.32913  -0.03478  -0.04093  -0.02048   0.05919   0.03624   0.03816   0.03377   0.03504
1914   0.44255   0.13548   0.04425   0.00316   0.00004   0.00001   0.07600  -0.08931  -0.03992  -0.26710   0.00537  -0.03100  -0.01700   0.00000   0.26249   0.24903   0.33560  -0.01516  -0.01784   0.20287   0.28676   0.26249   0.08022   0.04013   0.05176
1915   0.44820   0.13823   0.04482   0.00317   0.00005   0.00001   0.07700  -0.09070  -0.04031  -0.27070   0.00548  -0.00500   0.00400   0.00000   0.31419   0.25291   0.34062   0.00357   0.00420   0.25148   0.33982   0.31419   0.11167   0.05784   0.07345
1916   0.45409   0.14112   0.04540   0.00318   0.00006   0.00001   0.07800  -0.09209  -0.04070  -0.27427   0.00560  -0.00200   0.06200   0.00000   0.38031   0.25723   0.34608   0.05529   0.06507   0.31052   0.40915   0.38031   0.14503   0.07653   0.09639
1917   0.46044   0.14384   0.04598   0.00320   0.00008   0.00001   0.07900  -0.09349  -0.04112  -0.27785   0.00570  -0.00100   0.05100   0.00000   0.37571   0.26179   0.35182   0.04548   0.05353   0.30627   0.40435   0.37571   0.16677   0.09385   0.11500
1918   0.46685   0.14677   0.04658   0.00321   0.00009   0.00001   0.08000  -0.09488  -0.04152  -0.28139   0.00582  -0.00100   0.08300   0.00000   0.41345   0.26672   0.35789   0.07402   0.08712   0.33974   0.44401   0.41345   0.19107   0.10916   0.13291
1919   0.47269   0.14995   0.04719   0.00325   0.00013   0.00001   0.08100  -0.09628  -0.04194  -0.28493   0.00595  -0.00100   0.04000   0.00000   0.37589   0.27132   0.36367   0.03567   0.04198   0.30599   0.40465   0.37589   0.20166   0.12163   0.14484
1920   0.47861   0.15289   0.04780   0.00331   0.00019   0.00001   0.08300  -0.09767  -0.04233  -0.28845   0.00606  -0.00100   0.01700   0.00000   0.35922   0.27716   0.37021   0.01516   0.01784   0.29132   0.38705   0.35922   0.20888   0.12953   0.15254
1921   0.48470   0.15552   0.04842   0.00337   0.00025   0.00001   0.08400  -0.09923  -0.04287  -0.29237   0.00617  -0.00400  -0.01600   0.00000   0.32770   0.28060   0.37511  -0.01427  -0.01679   0.26233   0.35432   0.32770   0.21005   0.13437   0.15632
1922   0.49048   0.15847   0.04904   0.00344   0.00032   0.00001   0.08500  -0.10079  -0.04339  -0.29628   0.00629  -0.13000  -0.03700   0.00000   0.18525   0.28413   0.38007  -0.03300  -0.03883   0.12113   0.21124   0.18525   0.18345   0.13099   0.14620
1923   0.49689   0.16153   0.04966   0.00351   0.00039   0.00001   0.08600  -0.10235  -0.04391  -0.30017   0.00641  -0.01300  -0.04100   0.00000   0.30357   0.28844   0.38581  -0.03656  -0.04303   0.23888   0.32978   0.30357   0.19681   0.12835   0.14820
1924   0.50396   0.16452   0.05029   0.00358   0.00046   0.00001   0.08700  -0.10391  -0.04445  -0.30403   0.00653  -0.00300  -0.04400   0.00000   0.31649   0.29333   0.39215  -0.03924  -0.04618   0.25109   0.34297   0.31649   0.20524   0.13321   0.15410
1925   0.51116   0.16753   0.05092   0.00367   0.00055   0.00001   0.08900  -0.10547  -0.04497  -0.30789   0.00665  -0.00200  -0.03600   0.00000   0.33261   0.29974   0.39955  -0.03211  -0.03779   0.26563   0.35977   0.33261   0.21429   0.13849   0.16047
1926   0.51849   0.17054   0.05154   0.00376   0.00064   0.00001   0.09000  -0.10703  -0.04549  -0.31173   0.00677  -0.00100  -0.02000   0.00000   0.35586   0.30497   0.40622  -0.01784  -0.02099   0.28613   0.38422   0.35586   0.22533   0.14472   0.16810
1927   0.52632   0.17348   0.05217   0.00386   0.00074   0.00001   0.09100  -0.10859  -0.04601  -0.31555   0.00688  -0.00100   0.02300   0.00000   0.40556   0.31066   0.41334   0.02051   0.02414   0.33017   0.43648   0.40556   0.24288   0.15327   0.17926
1928   0.53451   0.17651   0.05279   0.00396   0.00084   0.00001   0.09200  -0.11015  -0.04655  -0.31936   0.00700  -0.09300  -0.00100   0.00000   0.29673   0.31679   0.42093  -0.00089  -0.00105   0.22290   0.32688   0.29673   0.23188   0.15743   0.17902
1929   0.54262   0.17939   0.05342   0.00408   0.00096   0.00001   0.09300  -0.11171  -0.04707  -0.32314   0.00712  -0.30900  -0.00800   0.00000   0.08072   0.32277   0.42833  -0.00713  -0.00840   0.00664   0.11093   0.08072   0.18333   0.14611   0.15691
1930   0.55037   0.18198   0.05403   0.00421   0.00109   0.00001   0.09400  -0.11327  -0.04758  -0.32691   0.00722  -0.12800   0.00500   0.00000   0.28105   0.32809   0.43508   0.00446   0.00525   0.20455   0.31233   0.28105   0.20121   0.13779   0.15618
1931   0.55728   0.18479   0.05465   0.00434   0.00122   0.00001   0.09600  -0.11446  -0.04808  -0.32978   0.00733  -0.13700  -0.01700   0.00000   0.25808   0.33564   0.44330  -0.01516  -0.01784   0.18348   0.28846   0.25808   0.20204   0.14023   0.15816
1932   0.56326   0.18735   0.05525   0.00449   0.00137   0.00001   0.09700  -0.11565  -0.04857  -0.33266   0.00744  -0.03700  -0.03200   0.00000   0.34891   0.34068   0.44946  -0.02854  -0.03359   0.27514   0.37887   0.34891   0.22235   0.14500   0.16743
1933   0.56878   0.19016   0.05584   0.00466   0.00154   0.00001   0.09800  -0.11685  -0.04906  -0.33551   0.00755  -0.00500  -0.03200   0.00000   0.38657   0.34555   0.45544  -0.02854  -0.03359   0.31201   0.41685   0.38657   0.24089   0.15460   0.17963
1934   0.57427   0.19272   0.05642   0.00484   0.00172   0.00001   0.09900  -0.11804  -0.04953  -0.33836   0.00765  -0.00200  -0.01200   0.00000   0.41497   0.35018   0.46115  -0.01070  -0.01260   0.33748   0.44656   0.41497   0.25830   0.16496   0.19203
1935   0.57954   0.19506   0.05698   0.00503   0.00191   0.00001   0.10000  -0.11924  -0.05002  -0.34121   0.00774  -0.00100   0.01100   0.00000   0.44389   0.35431   0.46639   0.00981   0.01155   0.36312   0.47694   0.44389   0.27602   0.17574   0.20482
1936   0.58454   0.19757   0.05753   0.00524   0.00212   0.00001   0.10200  -0.12043  -0.05052  -0.34403   0.00784  -0.00100   0.06000   0.00000   0.49875   0.35969   0.47245   0.05351   0.06298   0.41220   0.53442   0.49875   0.29937   0.18823   0.22046
1937   0.58927   0.19991   0.05806   0.00546   0.00234   0.00001   0.10300  -0.12162  -0.05101  -0.34685   0.00794  -0.00100   0.04700   0.00000   0.49016   0.36331   0.47718   0.04192   0.04933   0.40423   0.52551   0.49016   0.31370   0.20034   0.23321
1938   0.59308   0.20240   0.05857   0.00570   0.00258   0.00001   0.10400  -0.12282  -0.05148  -0.34967   0.00804  -0.00100   0.06100   0.00000   0.50782   0.36620   0.48115   0.05440   0.06403   0.41960   0.54418   0.50782   0.32876   0.21056   0.24484
1939   0.59597   0.20468   0.05905   0.00595   0.00283   0.00001   0.10500  -0.12401  -0.05197  -0.35247   0.00813  -0.00100   0.06500   0.00000   0.51433   0.36793   0.48399   0.05797   0.06822   0.42490   0.55122   0.51433   0.34162   0.22023   0.25543
1940   0.59878   0.20717   0.05952   0.00621   0.00309   0.00001   0.10600  -0.12520  -0.05246  -0.35526   0.00823  -0.00100   0.05300   0.00000   0.50499   0.36980   0.48697   0.04727   0.05563   0.41606   0.54160   0.50499   0.35015   0.22821   0.26357
1941   0.60151   0.20994   0.06002   0.00649   0.00337   0.00001   0.10700  -0.12827  -0.05303  -0.36240   0.00834  -0.00100   0.02000   0.00000   0.46859   0.36450   0.48434   0.01784   0.02099   0.38134   0.50433   0.46859   0.35051   0.23296   0.26705
1942   0.60364   0.21247   0.06056   0.00678   0.00366   0.00001   0.10900  -0.13133  -0.05362  -0.36949   0.00844  -0.00100  -0.00800   0.00000   0.43744   0.35976   0.48185  -0.00713  -0.00840   0.35163   0.47245   0.43744   0.34709   0.23429   0.26700
1943   0.60540   0.21472   0.06113   0.00709   0.00397   0.00001   0.11000  -0.13439  -0.05419  -0.37650   0.00853  -0.00100  -0.02500   0.00000   0.41579   0.35323   0.47797  -0.02230  -0.02624   0.32993   0.45073   0.41579   0.34245   0.23370   0.26524
1944   0.60711   0.21724   0.06172   0.00741   0.00429   0.00001   0.11100  -0.13746  -0.05476  -0.38348   0.00863  -0.00100  -0.00200   0.00000   0.43442   0.34696   0.47437  -0.00178  -0.00210   0.34418   0.47127   0.43442   0.34433   0.23386   0.26589
1945   0.60808   0.21986   0.06232   0.00776   0.00464   0.00001   0.11200  -0.14053  -0.05535  -0.39039   0.00873  -0.00100   0.03700   0.00000   0.46850   0.34013   0.47022   0.03300   0.03883   0.37213   0.50806   0.46850   0.35239   0.23699   0.27046
1946   0.60848   0.22238   0.06296   0.00812   0.00500   0.00001   0.11300  -0.14359  -0.05592  -0.39725   0.00883  -0.00100   0.03300   0.00000   0.45902   0.33278   0.46552   0.02943   0.03464   0.36121   0.49916   0.45902   0.35572   0.24089   0.27419
1947   0.60976   0.22550   0.06362   0.00849   0.00537   0.00002   0.11500  -0.14666  -0.05651  -0.40406   0.00896  -0.00100   0.06300   0.00000   0.48611   0.32826   0.46326   0.05618   0.06612   0.38345   0.52838   0.48611   0.36417   0.24504   0.27959
1948   0.61248   0.22850   0.06432   0.00887   0.00575   0.00002   0.11600  -0.14972  -0.05707  -0.41080   0.00908  -0.00100   0.13900   0.00000   0.55966   0.32393   0.46158   0.12396   0.14589   0.44689   0.60647   0.55966   0.38426   0.25332   0.29129
1949   0.61597   0.23161   0.06504   0.00929   0.00617   0.00002   0.11700  -0.15278  -0.05764  -0.41751   0.00920  -0.00100   0.09700   0.00000   0.51619   0.32058   0.46088   0.08651   0.10181   0.40608   0.56170   0.51619   0.38852   0.26130   0.29820
1950   0.62068   0.23506   0.06579   0.00973   0.00661   0.00002   0.11800  -0.15585  -0.05823  -0.42417   0.00934  -0.00100   0.08700   0.00000   0.50636   0.31883   0.46183   0.07759   0.09131   0.39542   0.55214   0.50636   0.39159   0.26531   0.30193
1951   0.62634   0.23863   0.06655   0.01024   0.00712   0.00002   0.12500  -0.16294  -0.05954  -0.43938   0.00948  -0.00100   0.01500   0.00000   0.42840   0.30996   0.45705   0.01338   0.01574   0.32234   0.47180   0.42840   0.37959   0.26491   0.29817
1952   0.63210   0.24250   0.06732   0.01079   0.00767   0.00002   0.13200  -0.17003  -0.06085  -0.45433   0.00964  -0.00100   0.02100   0.00000   0.42917   0.30182   0.45301   0.01873   0.02204   0.31955   0.47405   0.42917   0.37428   0.26172   0.29436
1953   0.63868   0.24696   0.06810   0.01139   0.00827   0.00002   0.13800  -0.17712  -0.06218  -0.46904   0.00981  -0.03800   0.01100   0.00000   0.37763   0.29405   0.44980   0.00981   0.01155   0.26586   0.42334   0.37763   0.36040   0.25757   0.28739
1954   0.64623   0.25123   0.06890   0.01207   0.00895   0.00002   0.14500  -0.18421  -0.06348  -0.48350   0.00998  -0.04600   0.02600   0.00000   0.38224   0.28876   0.44860   0.02319   0.02729   0.26594   0.42989   0.38224   0.35360   0.25268   0.28195
1955   0.65516   0.25572   0.06974   0.01285   0.00973   0.00002   0.15200  -0.19130  -0.06482  -0.49773   0.01016  -0.00700   0.06500   0.00000   0.45981   0.28539   0.44936   0.05797   0.06822   0.33636   0.51058   0.45981   0.36471   0.25312   0.28548
1956   0.66566   0.26039   0.07058   0.01377   0.01065   0.00002   0.15900  -0.19839  -0.06612  -0.51173   0.01035  -0.00200   0.06500   0.00000   0.46653   0.28420   0.45226   0.05797   0.06822   0.34017   0.51849   0.46653   0.37118   0.25741   0.29040
1957   0.67718   0.26534   0.07143   0.01485   0.01173   0.00002   0.16600  -0.20549  -0.06745  -0.52553   0.01055  -0.00100   0.12100   0.00000   0.52690   0.28465   0.45683   0.10791   0.12700   0.39156   0.58284   0.52690   0.38714   0.26378   0.29955
1958   0.68957   0.27034   0.07226   0.01613   0.01301   0.00003   0.17200  -0.21258  -0.06876  -0.53910   0.01075  -0.00100   0.16300   0.00000   0.57264   0.28517   0.46189   0.14537   0.17108   0.42954   0.63198   0.57264   0.40574   0.27367   0.31197
1959   0.70292   0.27526   0.07309   0.01766   0.01454   0.00003   0.17900  -0.21967  -0.07007  -0.55247   0.01094  -0.00100   0.14200   0.00000   0.55770   0.28832   0.46914   0.12664   0.14904   0.41396   0.61718   0.55770   0.41511   0.28273   0.32112
1960   0.71698   0.28065   0.07391   0.01950   0.01638   0.00003   0.18600  -0.22676  -0.07140  -0.56564   0.01116  -0.00100   0.16100   0.00000   0.58443   0.29312   0.47806   0.14358   0.16898   0.43570   0.64604   0.58443   0.42805   0.29052   0.33040
1961   0.73069   0.28599   0.07475   0.02178   0.01866   0.00003   0.19300  -0.23572  -0.07246  -0.58202   0.01137  -0.00100   0.13700   0.00000   0.56341   0.29239   0.48256   0.12218   0.14379   0.41357   0.62535   0.56341   0.43306   0.29722   0.33661
1962   0.74276   0.29175   0.07564   0.02448   0.02131   0.00003   0.20000  -0.24468  -0.07354  -0.59811   0.01160  -0.00100   0.07000   0.00000   0.49893   0.29117   0.48660   0.06243   0.07347   0.35259   0.55907   0.49893   0.42548   0.29886   0.33558
1963   0.75443   0.29747   0.07661   0.02766   0.02442   0.00004   0.20600  -0.25365  -0.07460  -0.61391   0.01183  -0.91900   0.03600   0.00000  -0.45113   0.28908   0.49019   0.03211   0.03779  -0.59782  -0.39103  -0.45113   0.22132   0.25379   0.24437
1964   0.76593   0.30310   0.07765   0.03138   0.02804   0.00005   0.21300  -0.26262  -0.07569  -0.62943   0.01206  -0.73300   0.01600   0.00000  -0.28157   0.28890   0.49528   0.01427   0.01679  -0.42983  -0.22093  -0.28157   0.15256   0.18500   0.17559
1965   0.77596   0.30929   0.07877   0.03566   0.03223   0.00005   0.22000  -0.27158  -0.07675  -0.64468   0.01230  -0.16800   0.00500   0.00000   0.27601   0.28877   0.50038   0.00446   0.00525   0.12522   0.33762   0.27601   0.21587   0.16792   0.18182
1966   0.79361   0.31535   0.07998   0.04053   0.03702   0.00006   0.22700  -0.28055  -0.07783  -0.65968   0.01255  -0.01700   0.01200   0.00000   0.44603   0.29704   0.51392   0.01070   0.01260   0.29075   0.50952   0.44603   0.26970   0.18662   0.21071
1967   0.80691   0.32144   0.08127   0.04605   0.04246   0.00008   0.23400  -0.28951  -0.07889  -0.67442   0.01279  -0.00500   0.02000   0.00000   0.47471   0.30201   0.52412   0.01784   0.02099   0.31485   0.54011   0.47471   0.30247   0.20724   0.23486
1968   0.82356   0.32782   0.08263   0.05225   0.04857   0.00009   0.24000  -0.29848  -0.07998  -0.68893   0.01304  -0.22500   0.05500   0.00000   0.30201   0.31026   0.53807   0.04905   0.05773   0.13431   0.37080   0.30201   0.28533   0.21490   0.23533
1969   0.84414   0.33428   0.08404   0.05914   0.05538   0.00010   0.24700  -0.30744  -0.08104  -0.70320   0.01330  -0.33300   0.07200   0.00000   0.22933   0.32487   0.55792   0.06421   0.07557   0.05608   0.30049   0.22933   0.26485   0.20922   0.22535
1970   0.86139   0.34098   0.08552   0.06677   0.06291   0.00011   0.25400  -0.31641  -0.08212  -0.71724   0.01357  -0.09700   0.06500   0.00000   0.47456   0.33736   0.57567   0.05797   0.06822   0.29833   0.54690   0.47456   0.30635   0.21336   0.24033
1971   0.87588   0.34737   0.08706   0.07509   0.07111   0.00013   0.26100  -0.32294  -0.08326  -0.72734   0.01383  -0.01100   0.07600   0.00000   0.59182   0.35517   0.59693   0.06778   0.07977   0.41195   0.66570   0.59182   0.35050   0.23322   0.26723
1972   0.89770   0.35402   0.08868   0.08411   0.08002   0.00015   0.26800  -0.32947  -0.08439  -0.73732   0.01409  -0.00400   0.04500   0.00000   0.59657   0.38148   0.62668   0.04013   0.04723   0.41761   0.66991   0.59657   0.37816   0.25337   0.28956
1973   0.92202   0.36073   0.09038   0.09391   0.08963   0.00017   0.27400  -0.33601  -0.08553  -0.74720   0.01436  -0.00200   0.03500   0.00000   0.61982   0.40997   0.65906   0.03121   0.03674   0.43919   0.69379   0.61982   0.40272   0.26999   0.30848
1974   0.93641   0.36730   0.09216   0.10428   0.09980   0.00019   0.28100  -0.34254  -0.08668  -0.75697   0.01462  -0.03300   0.01600   0.00000   0.59277   0.43045   0.68301   0.01427   0.01679   0.41172   0.66680   0.59277   0.41492   0.28298   0.32124
1975   0.95559   0.37392   0.09406   0.11518   0.11050   0.00022   0.28800  -0.34908  -0.08782  -0.76662   0.01489  -0.30000   0.01900   0.00000   0.35734   0.45658   0.71258   0.01694   0.01994   0.17352   0.43252   0.35734   0.37577   0.28146   0.30881
1976   0.97353   0.38045   0.09610   0.12661   0.12173   0.00025   0.29500  -0.35561  -0.08895  -0.77618   0.01515  -0.11200   0.02800   0.00000   0.58235   0.48215   0.74159   0.02497   0.02939   0.39512   0.65898   0.58235   0.40703   0.28097   0.31753
1977   0.99887   0.38701   0.09829   0.13854   0.13346   0.00029   0.30200  -0.36215  -0.09009  -0.78564   0.01541  -0.01600   0.06300   0.00000   0.74953   0.51588   0.77877   0.05618   0.06612   0.55606   0.82890   0.74953   0.45635   0.29970   0.34513
1978   1.02124   0.39387   0.10059   0.15089   0.14561   0.00033   0.30800  -0.36868  -0.09122  -0.79499   0.01569  -0.00400   0.08700   0.00000   0.81873   0.54632   0.81309   0.07759   0.09131   0.61991   0.90041   0.81873   0.49929   0.32483   0.37542
1979   1.04604   0.40035   0.10293   0.16308   0.15759   0.00037   0.31500  -0.37521  -0.09236  -0.80424   0.01595  -0.00200   0.14000   0.00000   0.90991   0.58006   0.85027   0.12485   0.14694   0.70291   0.99522   0.90991   0.54646   0.35160   0.40811
1980   1.07242   0.40718   0.10526   0.17505   0.16936   0.00043   0.31500  -0.38175  -0.09351  -0.81340   0.01622  -0.00100   0.15500   0.00000   0.95690   0.60641   0.88316   0.13823   0.16269   0.74364   1.04484   0.95690   0.58787   0.37906   0.43962
1981   1.09614   0.41512   0.10765   0.18343   0.17755   0.00048   0.31400  -0.38605  -0.09457  -0.81938   0.01654  -0.00100   0.15300   0.00000   0.98537   0.63326   0.91511   0.13645   0.16059   0.76870   1.07470   0.98537   0.62382   0.40444   0.46806
1982   1.11944   0.42282   0.11005   0.19418   0.18810   0.00055   0.31400  -0.39035  -0.09566  -0.82532   0.01685  -0.71600   0.09100   0.00000   0.24156   0.66310   0.94967   0.08115   0.09551   0.02825   0.32918   0.24156   0.49370   0.39189   0.42142
1983   1.14524   0.43059   0.11245   0.20352   0.19723   0.00061   0.31300  -0.39465  -0.09672  -0.83122   0.01716  -0.84600   0.09400   0.00000   0.14797   0.69288   0.98456   0.08383   0.09866  -0.06929   0.23722   0.14797   0.41419   0.34589   0.36569
1984   1.16289   0.43781   0.11483   0.21320   0.20672   0.00069   0.31300  -0.39896  -0.09780  -0.83708   0.01745  -0.20600   0.01800   0.00000   0.73804   0.71560   1.01199   0.01605   0.01889   0.52565   0.82488   0.73804   0.49158   0.33662   0.38156
1985   1.18380   0.44298   0.11721   0.22539   0.21871   0.00076   0.31200  -0.40326  -0.09889  -0.84290   0.01766  -0.02100  -0.01000   0.00000   0.92374   0.74065   1.04219  -0.00892  -0.01050   0.71074   1.01069   0.92374   0.56059   0.36545   0.42204
1986   1.20842   0.44774   0.11957   0.23695   0.23007   0.00084   0.31200  -0.40756  -0.09995  -0.84868   0.01785  -0.00600  -0.00800   0.00000   0.97319   0.76978   1.07599  -0.00713  -0.00840   0.75665   1.06159   0.97319   0.60992   0.39678   0.45859
1987   1.23785   0.45262   0.12198   0.24950   0.24241   0.00093   0.31200  -0.41186  -0.10103  -0.85443   0.01805  -0.00200   0.00700   0.00000   1.03060   0.80485   1.11576   0.00624   0.00735   0.80909   1.12111   1.03060   0.65498   0.42536   0.49195
1988   1.26660   0.45672   0.12462   0.26315   0.25587   0.00102   0.31100  -0.41616  -0.10212  -0.86014   0.01821  -0.00100   0.06100   0.00000   1.12291   0.83850   1.15456   0.05440   0.06403   0.89191   1.21759   1.12291   0.70506   0.45475   0.52734
1989   1.28895   0.46070   0.12741   0.27533   0.26785   0.00111   0.31100  -0.42046  -0.10318  -0.86581   0.01837  -0.00100   0.14900   0.00000   1.24142   0.86570   1.18644   0.13288   0.15639   0.99758   1.34183   1.24142   0.76345   0.48799   0.56787
1990   1.31330   0.46429   0.12993   0.28874   0.28106   0.00121   0.31000  -0.42476  -0.10426  -0.87144   0.01851  -0.00100   0.14000   0.00000   1.26452   0.89415   1.22003   0.12485   0.14694   1.01800   1.36597   1.26452   0.80879   0.52105   0.60449
1991   1.33093   0.46792   0.13217   0.29867   0.29079   0.00132   0.31000  -0.42780  -0.10520  -0.87540   0.01866  -0.89000   0.12600   0.00000   0.38727   0.91738   1.24680   0.11237   0.13225   0.13975   0.48905   0.38727   0.65685   0.50812   0.55126
1992   1.34717   0.47090   0.13433   0.30687   0.29882   0.00143   0.30900  -0.43083  -0.10616  -0.87934   0.01878  -1.36800   0.09500   0.00000  -0.10084   0.93542   1.26885   0.08472   0.09971  -0.34785   0.00056  -0.10084   0.48550   0.43789   0.45169
1993   1.36184   0.47258   0.13650   0.31412   0.30588   0.00154   0.30900  -0.43387  -0.10712  -0.88326   0.01885  -0.39100   0.04000   0.00000   0.83918   0.95091   1.28791   0.03567   0.04198   0.59558   0.93889   0.83918   0.58855   0.40917   0.46119
1994   1.38455   0.47491   0.13871   0.31813   0.30970   0.00166   0.30800  -0.43691  -0.10806  -0.88717   0.01894  -0.03700   0.01100   0.00000   1.18677   0.97068   1.31165   0.00981   0.01155   0.94349   1.28620   1.18677   0.69630   0.44729   0.51950
1995   1.41142   0.47740   0.14106   0.32151   0.31262   0.00178   0.30800  -0.43994  -0.10902  -0.89105   0.01904  -0.00900  -0.00400   0.00000   1.22721   0.99559   1.34013  -0.00357  -0.00420   0.98302   1.32693   1.22721   0.76303   0.49156   0.57029
1996   1.43578   0.47829   0.14356   0.32455   0.31501   0.00191   0.30800  -0.44297  -0.10996  -0.89492   0.01908  -0.00300  -0.02100   0.00000   1.23932   1.01619   1.36427  -0.01873  -0.02204   0.99446   1.33922   1.23932   0.81081   0.52680   0.60916
1997   1.46277   0.47962   0.14621   0.32704   0.31681   0.00204   0.30700  -0.44601  -0.11092  -0.89877   0.01913  -0.00200   0.00600   0.00000   1.29210   1.03812   1.39021   0.00535   0.00630   1.04147   1.39451   1.29210   0.85673   0.55740   0.64421
1998   1.49643   0.48312   0.14906   0.32904   0.31811   0.00215   0.30700  -0.44905  -0.11186  -0.90261   0.01927  -0.00100   0.06200   0.00000   1.38356   1.07006   1.42569   0.05529   0.06507   1.12436   1.48977   1.38356   0.90894   0.58880   0.68164
1999   1.51802   0.48587   0.15218   0.33084   0.31908   0.00226   0.30700  -0.45208  -0.11282  -0.90643   0.01938  -0.00100   0.09700   0.00000   1.44021   1.08918   1.44838   0.08651   0.10181   1.17469   1.54919   1.44021   0.95755   0.62114   0.71870
2000   1.54710   0.48648   0.15565   0.33233   0.31971   0.00236   0.30700  -0.45512  -0.11378  -0.91024   0.01940   0.00000   0.13400   0.00000   1.50518   1.11362   1.47639   0.11950   0.14065   1.23312   1.61703   1.50518   1.00669   0.65309   0.75563
