0.00
0.00
-0.01
-0.01
-0.02
-0.02
-0.02
-0.02
-0.02
-0.02
-0.02
-0.02
-0.02
-0.02
-0.02
-0.02
-0.03
-0.04
-0.03
-0.02
-0.01
0.00
0.00
0.00
-0.01
-0.01
-0.03
-0.03
-0.02
-0.01
0.00
0.00
0.01
-0.04
-0.07
-0.06
-0.04
-0.03
-0.06
-0.08
-0.06
-0.04
-0.03
-0.01
-0.01
0.00
0.00
0.00
0.00
0.01
0.01
0.01
0.01
0.02
0.02
0.02
0.02
0.02
0.01
-0.37
-0.56
-0.50
-0.43
-0.38
-0.32
-0.64
-0.96
-0.89
-0.71
-0.57
-0.47
-0.40
-0.35
-0.42
-0.41
-0.35
-0.29
-0.25
-0.21
-0.18
-0.23
-0.34
-0.35
-0.29
-0.24
-0.35
-0.39
-0.34
-0.26
-0.21
-0.17
-0.14
-0.12
-0.11
-0.09
-0.08
-0.07
-0.08
-0.07
-0.05
-0.03
-0.02
-0.01
-0.01
-0.02
-0.02
-0.01
-0.02
-0.01
0.00
0.02
0.03
0.03
0.04
0.04
0.05
0.05
0.05
0.06
0.06
0.07
0.08
0.08
0.09
0.09
0.10
0.10
0.10
0.10
0.10
0.10
0.10
0.10
0.04
-0.15
-0.18
-0.13
-0.07
-0.03
0.00
-0.04
-0.06
-0.03
0.00
0.03
0.05
0.07
0.08
0.09
0.10
0.10
0.10
0.07
-0.08
-0.12
-0.07
-0.03
-0.01
0.02
0.04
0.05
0.07
0.05
0.04
0.06
0.08
0.10
0.12
0.14
0.15
0.16
0.16
0.15
0.15
0.16
0.16
0.17
0.18
0.18
0.16
0.14
0.12
0.23
0.20
0.19
0.20
0.20
0.24
0.19
0.19
0.39
0.44
0.33
0.22
0.28
0.25
0.31
0.31
0.29
0.33
0.19
0.28
0.34
0.36
0.30
0.23
0.17
0.30
0.37
0.37
0.30
0.34
0.30
0.23
0.18
0.23
0.30
0.22
0.22
0.29
0.29
0.15
0.31
0.35
0.19
0.23
0.25
0.43
0.45
0.44
0.49
0.49
0.49
0.56
0.39
0.43
0.48
0.66
0.54
0.46
0.63
0.63
0.60
0.59
0.64
0.65
0.58
0.72
0.80
0.64
0.70
