8.30
8.38
8.46
8.53
8.61
8.69
8.77
8.84
8.92
8.99
9.07
9.32
9.58
9.84
10.10
10.36
10.61
10.86
11.12
11.38
11.64
11.86
12.03
12.15
12.23
12.25
12.19
12.08
11.91
11.66
11.34
11.00
10.63
10.24
9.82
9.40
8.94
8.47
7.97
7.45
6.90
6.34
5.75
5.14
4.51
3.86
3.19
2.51
1.80
1.13
0.53
-0.02
-0.51
-0.95
-1.31
-1.61
-1.83
-1.97
-2.03
-2.09
-2.15
-2.19
-2.23
-2.27
-2.31
-2.35
-2.39
-2.43
-2.47
-2.51
-2.55
-2.58
-2.61
-2.65
-2.68
-2.71
-2.74
-2.76
-2.79
-2.82
-2.85
-2.88
-2.89
-2.91
-2.92
-2.94
-2.95
-2.98
-3.00
-3.01
-3.03
-3.04
-3.06
-3.09
-3.11
-3.13
-3.14
-3.16
-3.19
-3.21
-3.22
-3.22
-3.22
-3.22
-3.22
-3.22
-3.22
-3.22
-3.22
-3.22
-3.22
-3.22
-3.22
-3.18
-3.03
-2.99
-2.83
-2.79
-2.86
-2.82
-2.89
-2.85
-2.92
-2.88
-2.95
-2.90
-2.97
-2.93
-3.00
-2.96
-3.03
-2.99
-3.06
-3.02
-3.09
-3.04
-3.11
-3.07
-3.14
-3.10
-3.17
-3.13
-3.20
-3.15
-3.22
-3.18
-3.22
-3.22
-3.22
-3.22
-3.22
-3.22
-3.22
-3.22
-3.22
-3.22
-3.22
-3.22
-3.22
-3.22
-3.22
-3.22
-3.22
-3.22
-3.22
-3.22
-3.22
-3.22
-3.22
-3.22
-3.22
-3.22
-3.22
-3.22
-3.22
-3.22
-3.22
-3.22
-3.22
-3.22
-3.22
-3.22
-3.22
-3.22
-3.22
-3.22
-3.22
-3.22
-3.22
-3.18
-3.03
-2.76
-2.38
-1.89
-1.29
-0.58
0.07
0.60
1.02
1.33
1.53
1.61
1.59
1.45
1.21
0.85
0.38
-0.21
-0.90
-1.57
-2.12
-2.56
-2.90
-3.12
-3.22
-3.22
-3.11
-2.88
-2.55
-2.12
-1.57
-1.14
-0.82
-0.61
-0.51
-0.53
-0.58
-0.58
-0.70
-0.93
-1.05
-1.06
-0.96
-0.91
-0.74
-0.60
-0.57
-0.65
-0.85
-0.93
-0.90
-0.99
-1.19
-1.27
-1.47
-1.56
-1.76
-1.85
-1.83
-1.70
-1.68
-1.54
-1.52
-1.62
-1.60
-1.47
-1.22
-1.09
-1.02
-0.83
-0.75
-0.78
-0.92
-0.94
-1.06
-1.29
-1.40
-1.41
-1.52
-1.52
-1.42
-1.20
-0.86
-0.64
-0.54
-0.32
-0.21
-0.21
-0.33
-0.55
-0.89
-1.34
-1.74
-2.25
-2.64
-2.93
-3.11
-3.17
-3.22
-3.17
-3.22
-3.17
-3.00
-2.95
-2.78
-2.72
-2.78
-2.72
-2.78
-2.72
-2.78
-2.95
-3.00
-3.11
-3.11
-3.22
-3.22
-3.19
-3.04
-3.00
-2.85
-2.59
-2.44
-2.41
-2.48
-2.67
-2.96
-3.15
-3.22
-3.19
-3.04
-3.00
-3.05
-2.99
-3.04
-2.98
-3.03
-2.96
-3.01
-3.17
-3.22
-3.21
-3.08
-3.06
-2.93
-2.92
-3.01
-3.01
-3.12
-3.12
-3.22
-3.22
-3.11
-3.10
-3.11
-3.22
-3.22
-3.22
-3.22
-3.22
-3.22
-3.22
-3.22
-3.22
-3.22
-3.22
-3.22
-3.22
-3.22
-3.22
-3.22
-3.22
-3.22
-3.22
-3.13
-3.15
-3.06
-3.08
-3.21
-3.22
-3.13
-2.97
-2.92
-2.99
-3.16
-3.22
-3.18
-3.12
-3.18
-3.13
-3.19
-3.14
-2.98
-2.93
-2.98
-2.93
-2.99
-3.16
-3.22
-3.17
-3.01
-2.73
-2.57
-2.35
-2.23
-2.23
-2.34
-2.56
-2.89
-3.11
-3.22
-3.22
-3.11
-3.11
-2.99
-2.99
-3.10
-3.10
-3.10
-3.21
-3.22
-3.18
-3.04
-2.80
-2.67
-2.42
-2.29
-2.27
-2.14
-2.12
-2.21
-2.19
-2.29
-2.27
-2.36
-2.34
-2.30
-2.14
-2.10
-1.94
-1.90
-1.96
-1.92
-1.99
-1.94
-1.88
-1.93
-2.01
-1.98
-1.83
-1.80
-1.88
-1.86
-1.94
-2.14
-2.22
-2.19
-2.05
-2.03
-2.11
-2.08
-2.17
-2.14
-2.00
-1.97
-1.84
-1.81
-1.67
-1.64
-1.73
-1.70
-1.78
-1.76
-1.62
-1.42
-1.33
-1.35
-1.49
-1.51
-1.42
-1.23
-0.91
-0.49
0.04
0.69
1.44
2.31
3.29
4.38
5.36
6.25
7.26
8.37
9.37
10.49
11.49
12.61
13.72
14.84
15.95
17.06
18.07
19.18
20.30
21.30
22.42
23.53
24.65
25.76
26.88
27.99
