0.76
0.79
0.82
0.85
0.88
0.91
0.94
0.97
1.00
1.03
1.07
1.10
1.13
1.17
1.20
1.24
1.27
1.30
1.34
1.37
1.41
1.44
1.48
1.51
1.55
1.58
1.61
1.64
1.67
1.70
1.73
1.75
1.78
1.80
1.83
1.85
1.87
1.89
1.91
1.93
1.95
1.96
1.98
1.99
2.00
2.01
2.02
2.03
2.03
2.04
2.04
2.04
2.04
2.04
2.04
2.03
2.03
2.02
2.02
2.01
2.00
1.99
1.99
1.98
1.97
1.96
1.95
1.94
1.93
1.92
1.91
1.90
1.89
1.88
1.87
1.86
1.86
1.85
1.84
1.83
1.82
1.81
1.80
1.78
1.77
1.76
1.75
1.74
1.73
1.72
1.71
1.70
1.69
1.68
1.67
1.66
1.65
1.64
1.63
1.62
1.62
1.61
1.60
1.59
1.58
1.57
1.56
1.55
1.54
1.53
1.50
1.50
1.50
1.50
1.49
1.48
1.47
1.46
1.46
1.45
1.44
1.43
1.43
1.42
1.41
1.41
1.40
1.39
1.39
1.38
1.37
1.37
1.36
1.35
1.35
1.34
1.33
1.33
1.32
1.31
1.31
1.30
1.30
1.29
1.28
1.28
1.27
1.26
1.26
1.25
1.25
1.24
1.23
1.23
1.22
1.22
1.21
1.21
1.20
1.19
1.19
1.18
1.18
1.17
1.17
1.16
1.15
1.15
1.14
1.14
1.13
1.13
1.12
1.12
1.11
1.11
1.10
1.10
1.09
1.08
1.08
1.07
1.07
1.06
1.06
1.05
1.05
1.04
1.04
1.03
1.03
1.02
1.02
1.02
1.01
1.01
1.01
1.01
1.01
1.02
1.02
1.03
1.03
1.04
1.04
1.05
1.05
1.06
1.06
1.06
1.06
1.06
1.06
1.06
1.06
1.05
1.05
1.04
1.04
1.03
1.03
1.03
1.03
1.02
1.02
1.02
1.02
1.02
1.02
1.02
1.03
1.03
1.02
1.02
1.02
1.02
1.03
1.03
1.03
1.03
1.03
1.03
1.03
1.03
1.02
1.02
1.02
1.02
1.02
1.02
1.02
1.01
1.01
1.01
1.01
1.01
1.00
1.00
1.00
1.00
1.00
1.00
1.00
1.00
1.00
1.00
1.00
1.00
1.00
0.99
0.99
0.99
0.99
0.99
0.99
0.99
0.99
0.99
0.99
0.99
0.99
0.99
0.99
0.99
0.99
0.99
0.98
0.98
0.97
0.97
0.96
0.96
0.95
0.95
0.94
0.94
0.93
0.93
0.92
0.92
0.91
0.91
0.90
0.90
0.89
0.89
0.88
0.88
0.87
0.87
0.86
0.86
0.85
0.85
0.84
0.84
0.84
0.83
0.83
0.82
0.82
0.81
0.81
0.81
0.80
0.80
0.79
0.79
0.78
0.78
0.77
0.77
0.76
0.76
0.75
0.75
0.75
0.74
0.74
0.73
0.73
0.72
0.72
0.72
0.71
0.71
0.70
0.70
0.69
0.69
0.68
0.68
0.67
0.67
0.67
0.66
0.66
0.65
0.65
0.64
0.64
0.63
0.63
0.63
0.62
0.62
0.61
0.61
0.60
0.60
0.60
0.59
0.59
0.58
0.58
0.58
0.57
0.57
0.56
0.56
0.56
0.55
0.55
0.54
0.54
0.54
0.53
0.53
0.53
0.52
0.52
0.51
0.51
0.51
0.51
0.50
0.50
0.50
0.50
0.49
0.49
0.49
0.48
0.48
0.48
0.47
0.47
0.47
0.46
0.46
0.45
0.45
0.45
0.44
0.44
0.44
0.43
0.43
0.43
0.43
0.43
0.42
0.42
0.42
0.42
0.42
0.42
0.41
0.41
0.41
0.41
0.41
0.41
0.41
0.41
0.41
0.40
0.40
0.40
0.40
0.40
0.40
0.40
0.40
0.40
0.40
0.39
0.39
0.39
0.39
0.39
0.39
0.39
0.38
0.38
0.38
0.38
0.38
0.38
0.38
0.38
0.37
0.37
0.37
0.37
0.37
0.37
0.37
0.37
0.37
0.37
0.37
0.37
0.37
0.38
0.38
0.38
0.39
0.40
0.41
0.42
0.44
0.46
0.47
0.50
0.52
0.55
0.58
0.61
0.64
0.67
0.71
0.75
0.79
0.83
0.88
0.93
0.97
1.02
1.08
1.13
