YEAR CONCO2 CONCH4 CONN2O T2M CUMCO2 ANTCO2 ANTCH4 ANTN2O ANTNOx ANTCO ANTVOC ANTSO2 RADTTL RADANT RADAER RADCO2 RADCH4 RADN2O pH
1750   277.00   700.00   270.00   0.0000    0.00    0.0000      0.00    0.00    0.00    0.00    0.00    0.00   0.0000   0.0000   0.0000   0.0000   0.0000   0.0000   8.1838
1751   277.00   700.00   270.00   0.0000    0.00    0.0000      0.00    0.00    0.00    0.00    0.00    0.00   0.0000   0.0000   0.0000   0.0000   0.0000   0.0000   8.1838
1752   277.00   700.00   270.00   0.0000    0.00    0.0000      0.00    0.00    0.00    0.00    0.00    0.00   0.0000   0.0000   0.0000   0.0000   0.0000   0.0000   8.1838
1753   277.00   700.00   270.00   0.0000    0.00    0.0000      0.00    0.00    0.00    0.00    0.00    0.00   0.0000   0.0000   0.0000   0.0000   0.0000   0.0000   8.1838
1754   277.00   700.00   270.00   0.0000    0.00    0.0000      0.00    0.00    0.00    0.00    0.00    0.00   0.0000   0.0000   0.0000   0.0000   0.0000   0.0000   8.1838
1755   277.00   700.00   270.00   0.0000    0.00    0.0000      0.00    0.00    0.00    0.00    0.00    0.00   0.0000   0.0000   0.0000   0.0000   0.0000   0.0000   8.1838
1756   277.00   700.00   270.00   0.0000    0.00    0.0000      0.00    0.00    0.00    0.00    0.00    0.00   0.0000   0.0000   0.0000   0.0000   0.0000   0.0000   8.1838
1757   277.00   700.00   270.00   0.0000    0.00    0.0000      0.00    0.00    0.00    0.00    0.00    0.00   0.0000   0.0000   0.0000   0.0000   0.0000   0.0000   8.1838
1758   277.00   700.00   270.00   0.0000    0.00    0.0000      0.00    0.00    0.00    0.00    0.00    0.00   0.0000   0.0000   0.0000   0.0000   0.0000   0.0000   8.1838
1759   277.00   700.00   270.00   0.0000    0.00    0.0000      0.00    0.00    0.00    0.00    0.00    0.00   0.0000   0.0000   0.0000   0.0000   0.0000   0.0000   8.1838
1760   277.00   700.00   270.00   0.0000    0.00    0.0000      0.00    0.00    0.00    0.00    0.00    0.00   0.0000   0.0000   0.0000   0.0000   0.0000   0.0000   8.1838
1761   277.00   700.00   270.00   0.0000    0.00    0.0000      0.00    0.00    0.00    0.00    0.00    0.00   0.0000   0.0000   0.0000   0.0000   0.0000   0.0000   8.1838
1762   277.00   700.00   270.00   0.0000    0.00    0.0000      0.00    0.00    0.00    0.00    0.00    0.00   0.0000   0.0000   0.0000   0.0000   0.0000   0.0000   8.1838
1763   277.00   700.00   270.00   0.0000    0.00    0.0000      0.00    0.00    0.00    0.00    0.00    0.00   0.0000   0.0000   0.0000   0.0000   0.0000   0.0000   8.1838
1764   277.00   700.00   270.00   0.0000    0.00    0.0000      0.00    0.00    0.00    0.00    0.00    0.00   0.0000   0.0000   0.0000   0.0000   0.0000   0.0000   8.1838
1765   277.00   700.00   270.00   0.0000    0.00    0.0000      0.00    0.00    0.00    0.00    0.00    0.00   0.0000   0.0000   0.0000   0.0000   0.0000   0.0000   8.1838
1766   277.00   700.00   270.00   0.0000    0.00    0.0000      0.00    0.00    0.00    0.00    0.00    0.00   0.0000   0.0000   0.0000   0.0000   0.0000   0.0000   8.1838
1767   277.00   700.00   270.00   0.0000    0.00    0.0000      0.00    0.00    0.00    0.00    0.00    0.00   0.0000   0.0000   0.0000   0.0000   0.0000   0.0000   8.1838
1768   277.00   700.00   270.00   0.0000    0.00    0.0000      0.00    0.00    0.00    0.00    0.00    0.00   0.0000   0.0000   0.0000   0.0000   0.0000   0.0000   8.1838
1769   277.00   700.00   270.00   0.0000    0.00    0.0000      0.00    0.00    0.00    0.00    0.00    0.00   0.0000   0.0000   0.0000   0.0000   0.0000   0.0000   8.1838
1770   277.00   700.00   270.00   0.0000    0.00    0.0000      0.00    0.00    0.00    0.00    0.00    0.00   0.0000   0.0000   0.0000   0.0000   0.0000   0.0000   8.1838
1771   277.00   700.00   270.00   0.0000    0.00    0.0000      0.00    0.00    0.00    0.00    0.00    0.00   0.0000   0.0000   0.0000   0.0000   0.0000   0.0000   8.1838
1772   277.00   700.00   270.00   0.0000    0.00    0.0000      0.00    0.00    0.00    0.00    0.00    0.00   0.0000   0.0000   0.0000   0.0000   0.0000   0.0000   8.1838
1773   277.00   700.00   270.00   0.0000    0.00    0.0000      0.00    0.00    0.00    0.00    0.00    0.00   0.0000   0.0000   0.0000   0.0000   0.0000   0.0000   8.1838
1774   277.00   700.00   270.00   0.0000    0.00    0.0000      0.00    0.00    0.00    0.00    0.00    0.00   0.0000   0.0000   0.0000   0.0000   0.0000   0.0000   8.1838
1775   277.00   700.00   270.00   0.0000    0.00    0.0000      0.00    0.00    0.00    0.00    0.00    0.00   0.0000   0.0000   0.0000   0.0000   0.0000   0.0000   8.1838
1776   277.00   700.00   270.00   0.0000    0.00    0.0000      0.00    0.00    0.00    0.00    0.00    0.00   0.0000   0.0000   0.0000   0.0000   0.0000   0.0000   8.1838
1777   277.00   700.00   270.00   0.0000    0.00    0.0000      0.00    0.00    0.00    0.00    0.00    0.00   0.0000   0.0000   0.0000   0.0000   0.0000   0.0000   8.1838
1778   277.00   700.00   270.00   0.0000    0.00    0.0000      0.00    0.00    0.00    0.00    0.00    0.00   0.0000   0.0000   0.0000   0.0000   0.0000   0.0000   8.1838
1779   277.00   700.00   270.00   0.0000    0.00    0.0000      0.00    0.00    0.00    0.00    0.00    0.00   0.0000   0.0000   0.0000   0.0000   0.0000   0.0000   8.1838
1780   277.00   700.00   270.00   0.0000    0.00    0.0000      0.00    0.00    0.00    0.00    0.00    0.00   0.0000   0.0000   0.0000   0.0000   0.0000   0.0000   8.1838
1781   277.00   700.00   270.00   0.0000    0.00    0.0000      0.00    0.00    0.00    0.00    0.00    0.00   0.0000   0.0000   0.0000   0.0000   0.0000   0.0000   8.1838
1782   277.00   700.00   270.00   0.0000    0.00    0.0000      0.00    0.00    0.00    0.00    0.00    0.00   0.0000   0.0000   0.0000   0.0000   0.0000   0.0000   8.1838
1783   277.00   700.00   270.00   0.0000    0.00    0.0000      0.00    0.00    0.00    0.00    0.00    0.00   0.0000   0.0000   0.0000   0.0000   0.0000   0.0000   8.1838
1784   277.00   700.00   270.00   0.0000    0.00    0.0000      0.00    0.00    0.00    0.00    0.00    0.00   0.0000   0.0000   0.0000   0.0000   0.0000   0.0000   8.1838
1785   277.00   700.00   270.00   0.0000    0.00    0.0000      0.00    0.00    0.00    0.00    0.00    0.00   0.0000   0.0000   0.0000   0.0000   0.0000   0.0000   8.1838
1786   277.00   700.00   270.00   0.0000    0.00    0.0000      0.00    0.00    0.00    0.00    0.00    0.00   0.0000   0.0000   0.0000   0.0000   0.0000   0.0000   8.1838
1787   277.00   700.00   270.00   0.0000    0.00    0.0000      0.00    0.00    0.00    0.00    0.00    0.00   0.0000   0.0000   0.0000   0.0000   0.0000   0.0000   8.1838
1788   277.00   700.00   270.00   0.0000    0.00    0.0000      0.00    0.00    0.00    0.00    0.00    0.00   0.0000   0.0000   0.0000   0.0000   0.0000   0.0000   8.1838
1789   277.00   700.00   270.00   0.0000    0.00    0.0000      0.00    0.00    0.00    0.00    0.00    0.00   0.0000   0.0000   0.0000   0.0000   0.0000   0.0000   8.1838
1790   277.00   700.00   270.00   0.0000    0.00    0.0000      0.00    0.00    0.00    0.00    0.00    0.00   0.0000   0.0000   0.0000   0.0000   0.0000   0.0000   8.1838
1791   277.00   700.00   270.00   0.0000    0.00    0.0000      0.00    0.00    0.00    0.00    0.00    0.00   0.0000   0.0000   0.0000   0.0000   0.0000   0.0000   8.1838
1792   277.00   700.00   270.00   0.0000    0.00    0.0000      0.00    0.00    0.00    0.00    0.00    0.00   0.0000   0.0000   0.0000   0.0000   0.0000   0.0000   8.1838
1793   277.00   700.00   270.00   0.0000    0.00    0.0000      0.00    0.00    0.00    0.00    0.00    0.00   0.0000   0.0000   0.0000   0.0000   0.0000   0.0000   8.1838
1794   277.00   700.00   270.00   0.0000    0.00    0.0000      0.00    0.00    0.00    0.00    0.00    0.00   0.0000   0.0000   0.0000   0.0000   0.0000   0.0000   8.1838
1795   277.00   700.00   270.00   0.0000    0.00    0.0000      0.00    0.00    0.00    0.00    0.00    0.00   0.0000   0.0000   0.0000   0.0000   0.0000   0.0000   8.1838
1796   277.00   700.00   270.00   0.0000    0.00    0.0000      0.00    0.00    0.00    0.00    0.00    0.00   0.0000   0.0000   0.0000   0.0000   0.0000   0.0000   8.1838
1797   277.00   700.00   270.00   0.0000    0.00    0.0000      0.00    0.00    0.00    0.00    0.00    0.00   0.0000   0.0000   0.0000   0.0000   0.0000   0.0000   8.1838
1798   277.00   700.00   270.00   0.0000    0.00    0.0000      0.00    0.00    0.00    0.00    0.00    0.00   0.0000   0.0000   0.0000   0.0000   0.0000   0.0000   8.1838
1799   277.00   700.00   270.00   0.0000    0.00    0.0000      0.00    0.00    0.00    0.00    0.00    0.00   0.0000   0.0000   0.0000   0.0000   0.0000   0.0000   8.1838
1800   277.00   700.00   270.00   0.0000    0.00    0.0000      0.00    0.00    0.00    0.00    0.00    0.00   0.0000   0.0000   0.0000   0.0000   0.0000   0.0000   8.1838
1801   277.00   700.00   270.00   0.0000    0.00    0.0000      0.00    0.00    0.00    0.00    0.00    0.00   0.0000   0.0000   0.0000   0.0000   0.0000   0.0000   8.1838
1802   277.00   700.00   270.00   0.0000    0.00    0.0000      0.00    0.00    0.00    0.00    0.00    0.00   0.0000   0.0000   0.0000   0.0000   0.0000   0.0000   8.1838
1803   277.00   700.00   270.00   0.0000    0.00    0.0000      0.00    0.00    0.00    0.00    0.00    0.00   0.0000   0.0000   0.0000   0.0000   0.0000   0.0000   8.1838
1804   277.00   700.00   270.00   0.0000    0.00    0.0000      0.00    0.00    0.00    0.00    0.00    0.00   0.0000   0.0000   0.0000   0.0000   0.0000   0.0000   8.1838
1805   277.00   700.00   270.00   0.0000    0.00    0.0000      0.00    0.00    0.00    0.00    0.00    0.00   0.0000   0.0000   0.0000   0.0000   0.0000   0.0000   8.1838
1806   277.00   700.00   270.00   0.0000    0.00    0.0000      0.00    0.00    0.00    0.00    0.00    0.00   0.0000   0.0000   0.0000   0.0000   0.0000   0.0000   8.1838
1807   277.00   700.00   270.00   0.0000    0.00    0.0000      0.00    0.00    0.00    0.00    0.00    0.00   0.0000   0.0000   0.0000   0.0000   0.0000   0.0000   8.1838
1808   277.00   700.00   270.00   0.0000    0.00    0.0000      0.00    0.00    0.00    0.00    0.00    0.00   0.0000   0.0000   0.0000   0.0000   0.0000   0.0000   8.1838
1809   277.00   700.00   270.00   0.0000    0.00    0.0000      0.00    0.00    0.00    0.00    0.00    0.00   0.0000   0.0000   0.0000   0.0000   0.0000   0.0000   8.1838
1810   277.00   700.00   270.00   0.0000    0.00    0.0000      0.00    0.00    0.00    0.00    0.00    0.00   0.0000   0.0000   0.0000   0.0000   0.0000   0.0000   8.1838
1811   277.00   700.00   270.00   0.0000    0.00    0.0000      0.00    0.00    0.00    0.00    0.00    0.00   0.0000   0.0000   0.0000   0.0000   0.0000   0.0000   8.1838
1812   277.00   700.00   270.00   0.0000    0.00    0.0000      0.00    0.00    0.00    0.00    0.00    0.00   0.0000   0.0000   0.0000   0.0000   0.0000   0.0000   8.1838
1813   277.00   700.00   270.00   0.0000    0.00    0.0000      0.00    0.00    0.00    0.00    0.00    0.00   0.0000   0.0000   0.0000   0.0000   0.0000   0.0000   8.1838
1814   277.00   700.00   270.00   0.0000    0.00    0.0000      0.00    0.00    0.00    0.00    0.00    0.00   0.0000   0.0000   0.0000   0.0000   0.0000   0.0000   8.1838
1815   277.00   700.00   270.00   0.0000    0.00    0.0000      0.00    0.00    0.00    0.00    0.00    0.00   0.0000   0.0000   0.0000   0.0000   0.0000   0.0000   8.1838
1816   277.00   700.00   270.00   0.0000    0.00    0.0000      0.00    0.00    0.00    0.00    0.00    0.00   0.0000   0.0000   0.0000   0.0000   0.0000   0.0000   8.1838
1817   277.00   700.00   270.00   0.0000    0.00    0.0000      0.00    0.00    0.00    0.00    0.00    0.00   0.0000   0.0000   0.0000   0.0000   0.0000   0.0000   8.1838
1818   277.00   700.00   270.00   0.0000    0.00    0.0000      0.00    0.00    0.00    0.00    0.00    0.00   0.0000   0.0000   0.0000   0.0000   0.0000   0.0000   8.1838
1819   277.00   700.00   270.00   0.0000    0.00    0.0000      0.00    0.00    0.00    0.00    0.00    0.00   0.0000   0.0000   0.0000   0.0000   0.0000   0.0000   8.1838
1820   277.00   700.00   270.00   0.0000    0.00    0.0000      0.00    0.00    0.00    0.00    0.00    0.00   0.0000   0.0000   0.0000   0.0000   0.0000   0.0000   8.1838
1821   277.00   700.00   270.00   0.0000    0.00    0.0000      0.00    0.00    0.00    0.00    0.00    0.00   0.0000   0.0000   0.0000   0.0000   0.0000   0.0000   8.1838
1822   277.00   700.00   270.00   0.0000    0.00    0.0000      0.00    0.00    0.00    0.00    0.00    0.00   0.0000   0.0000   0.0000   0.0000   0.0000   0.0000   8.1838
1823   277.00   700.00   270.00   0.0000    0.00    0.0000      0.00    0.00    0.00    0.00    0.00    0.00   0.0000   0.0000   0.0000   0.0000   0.0000   0.0000   8.1838
1824   277.00   700.00   270.00   0.0000    0.00    0.0000      0.00    0.00    0.00    0.00    0.00    0.00   0.0000   0.0000   0.0000   0.0000   0.0000   0.0000   8.1838
1825   277.00   700.00   270.00   0.0000    0.00    0.0000      0.00    0.00    0.00    0.00    0.00    0.00   0.0000   0.0000   0.0000   0.0000   0.0000   0.0000   8.1838
1826   277.00   700.00   270.00   0.0000    0.00    0.0000      0.00    0.00    0.00    0.00    0.00    0.00   0.0000   0.0000   0.0000   0.0000   0.0000   0.0000   8.1838
1827   277.00   700.00   270.00   0.0000    0.00    0.0000      0.00    0.00    0.00    0.00    0.00    0.00   0.0000   0.0000   0.0000   0.0000   0.0000   0.0000   8.1838
1828   277.00   700.00   270.00   0.0000    0.00    0.0000      0.00    0.00    0.00    0.00    0.00    0.00   0.0000   0.0000   0.0000   0.0000   0.0000   0.0000   8.1838
1829   277.00   700.00   270.00   0.0000    0.00    0.0000      0.00    0.00    0.00    0.00    0.00    0.00   0.0000   0.0000   0.0000   0.0000   0.0000   0.0000   8.1838
1830   277.00   700.00   270.00   0.0000    0.00    0.0000      0.00    0.00    0.00    0.00    0.00    0.00   0.0000   0.0000   0.0000   0.0000   0.0000   0.0000   8.1838
1831   277.00   700.00   270.00   0.0000    0.00    0.0000      0.00    0.00    0.00    0.00    0.00    0.00   0.0000   0.0000   0.0000   0.0000   0.0000   0.0000   8.1838
1832   277.00   700.00   270.00   0.0000    0.00    0.0000      0.00    0.00    0.00    0.00    0.00    0.00   0.0000   0.0000   0.0000   0.0000   0.0000   0.0000   8.1838
1833   277.00   700.00   270.00   0.0000    0.00    0.0000      0.00    0.00    0.00    0.00    0.00    0.00   0.0000   0.0000   0.0000   0.0000   0.0000   0.0000   8.1838
1834   277.00   700.00   270.00   0.0000    0.00    0.0000      0.00    0.00    0.00    0.00    0.00    0.00   0.0000   0.0000   0.0000   0.0000   0.0000   0.0000   8.1838
1835   277.00   700.00   270.00   0.0000    0.00    0.0000      0.00    0.00    0.00    0.00    0.00    0.00   0.0000   0.0000   0.0000   0.0000   0.0000   0.0000   8.1838
1836   277.00   700.00   270.00   0.0000    0.00    0.0000      0.00    0.00    0.00    0.00    0.00    0.00   0.0000   0.0000   0.0000   0.0000   0.0000   0.0000   8.1838
1837   277.00   700.00   270.00   0.0000    0.00    0.0000      0.00    0.00    0.00    0.00    0.00    0.00   0.0000   0.0000   0.0000   0.0000   0.0000   0.0000   8.1838
1838   277.00   700.00   270.00   0.0000    0.00    0.0000      0.00    0.00    0.00    0.00    0.00    0.00   0.0000   0.0000   0.0000   0.0000   0.0000   0.0000   8.1838
1839   277.00   700.00   270.00   0.0000    0.00    0.0000      0.00    0.00    0.00    0.00    0.00    0.00   0.0000   0.0000   0.0000   0.0000   0.0000   0.0000   8.1838
1840   277.00   700.00   270.00   0.0000    0.00    0.0000      0.00    0.00    0.00    0.00    0.00    0.00   0.0000   0.0000   0.0000   0.0000   0.0000   0.0000   8.1838
1841   277.00   700.00   270.00   0.0000    0.00    0.0000      0.00    0.00    0.00    0.00    0.00    0.00   0.0000   0.0000   0.0000   0.0000   0.0000   0.0000   8.1838
1842   277.00   700.00   270.00   0.0000    0.00    0.0000      0.00    0.00    0.00    0.00    0.00    0.00   0.0000   0.0000   0.0000   0.0000   0.0000   0.0000   8.1838
1843   277.00   700.00   270.00   0.0000    0.00    0.0000      0.00    0.00    0.00    0.00    0.00    0.00   0.0000   0.0000   0.0000   0.0000   0.0000   0.0000   8.1838
1844   277.00   700.00   270.00   0.0000    0.00    0.0000      0.00    0.00    0.00    0.00    0.00    0.00   0.0000   0.0000   0.0000   0.0000   0.0000   0.0000   8.1838
1845   277.00   700.00   270.00   0.0000    0.00    0.0000      0.00    0.00    0.00    0.00    0.00    0.00   0.0000   0.0000   0.0000   0.0000   0.0000   0.0000   8.1838
1846   277.00   700.00   270.00   0.0000    0.00    0.0000      0.00    0.00    0.00    0.00    0.00    0.00   0.0000   0.0000   0.0000   0.0000   0.0000   0.0000   8.1838
1847   277.00   700.00   270.00   0.0000    0.00    0.0000      0.00    0.00    0.00    0.00    0.00    0.00   0.0000   0.0000   0.0000   0.0000   0.0000   0.0000   8.1838
1848   277.00   700.00   270.00   0.0000    0.00    0.0000      0.00    0.00    0.00    0.00    0.00    0.00   0.0000   0.0000   0.0000   0.0000   0.0000   0.0000   8.1838
1849   277.00   700.00   270.00   0.0000    0.00    0.0000      0.00    0.00    0.00    0.00    0.00    0.00   0.0000   0.0000   0.0000   0.0000   0.0000   0.0000   8.1838
1850   277.00   700.00   270.00   0.0000    0.00    0.0000      0.00    0.00    0.00    0.00    0.00    0.00   0.0000   0.0000   0.0000   0.0000   0.0000   0.0000   8.1838
1851   277.00   700.00   270.00   0.0000    0.00    0.0000      0.00    0.00    0.00    0.00    0.00    0.00   0.0000   0.0000   0.0000   0.0000   0.0000   0.0000   8.1838
1852   277.00   700.00   270.00   0.0000    0.00    0.0000      0.00    0.00    0.00    0.00    0.00    0.00   0.0000   0.0000   0.0000   0.0000   0.0000   0.0000   8.1838
1853   277.00   700.00   270.00   0.0000    0.00    0.0000      0.00    0.00    0.00    0.00    0.00    0.00   0.0000   0.0000   0.0000   0.0000   0.0000   0.0000   8.1838
1854   277.00   700.00   270.00   0.0000    0.00    0.0000      0.00    0.00    0.00    0.00    0.00    0.00   0.0000   0.0000   0.0000   0.0000   0.0000   0.0000   8.1838
1855   277.00   700.00   270.00   0.0000    0.00    0.0000      0.00    0.00    0.00    0.00    0.00    0.00   0.0000   0.0000   0.0000   0.0000   0.0000   0.0000   8.1838
1856   277.00   700.00   270.00   0.0000    0.00    0.0000      0.00    0.00    0.00    0.00    0.00    0.00   0.0000   0.0000   0.0000   0.0000   0.0000   0.0000   8.1838
1857   277.00   700.00   270.00   0.0000    0.00    0.0000      0.00    0.00    0.00    0.00    0.00    0.00   0.0000   0.0000   0.0000   0.0000   0.0000   0.0000   8.1838
1858   277.00   700.00   270.00   0.0000    0.00    0.0000      0.00    0.00    0.00    0.00    0.00    0.00   0.0000   0.0000   0.0000   0.0000   0.0000   0.0000   8.1838
1859   277.00   700.00   270.00   0.0000    0.00    0.0000      0.00    0.00    0.00    0.00    0.00    0.00   0.0000   0.0000   0.0000   0.0000   0.0000   0.0000   8.1838
1860   277.00   700.00   270.00   0.0000    0.00    0.0000      0.00    0.00    0.00    0.00    0.00    0.00   0.0000   0.0000   0.0000   0.0000   0.0000   0.0000   8.1838
1861   277.00   700.00   270.00   0.0000    0.00    0.0000      0.00    0.00    0.00    0.00    0.00    0.00   0.0000   0.0000   0.0000   0.0000   0.0000   0.0000   8.1838
1862   277.00   700.00   270.00   0.0000    0.00    0.0000      0.00    0.00    0.00    0.00    0.00    0.00   0.0000   0.0000   0.0000   0.0000   0.0000   0.0000   8.1838
1863   277.00   700.00   270.00   0.0000    0.00    0.0000      0.00    0.00    0.00    0.00    0.00    0.00   0.0000   0.0000   0.0000   0.0000   0.0000   0.0000   8.1838
1864   277.00   700.00   270.00   0.0000    0.00    0.0000      0.00    0.00    0.00    0.00    0.00    0.00   0.0000   0.0000   0.0000   0.0000   0.0000   0.0000   8.1838
1865   277.00   700.00   270.00   0.0000    0.00    0.0000      0.00    0.00    0.00    0.00    0.00    0.00   0.0000   0.0000   0.0000   0.0000   0.0000   0.0000   8.1838
1866   277.00   700.00   270.00   0.0000    0.00    0.0000      0.00    0.00    0.00    0.00    0.00    0.00   0.0000   0.0000   0.0000   0.0000   0.0000   0.0000   8.1838
1867   277.00   700.00   270.00   0.0000    0.00    0.0000      0.00    0.00    0.00    0.00    0.00    0.00   0.0000   0.0000   0.0000   0.0000   0.0000   0.0000   8.1838
1868   277.00   700.00   270.00   0.0000    0.00    0.0000      0.00    0.00    0.00    0.00    0.00    0.00   0.0000   0.0000   0.0000   0.0000   0.0000   0.0000   8.1838
1869   277.00   700.00   270.00   0.0000    0.00    0.0000      0.00    0.00    0.00    0.00    0.00    0.00   0.0000   0.0000   0.0000   0.0000   0.0000   0.0000   8.1838
1870   277.00   700.00   270.00   0.0000    0.00    0.0000      0.00    0.00    0.00    0.00    0.00    0.00   0.0000   0.0000   0.0000   0.0000   0.0000   0.0000   8.1838
1871   277.00   700.00   270.00   0.0000    0.00    0.0000      0.00    0.00    0.00    0.00    0.00    0.00   0.0000   0.0000   0.0000   0.0000   0.0000   0.0000   8.1838
1872   277.00   700.00   270.00   0.0000    0.00    0.0000      0.00    0.00    0.00    0.00    0.00    0.00   0.0000   0.0000   0.0000   0.0000   0.0000   0.0000   8.1838
1873   277.00   700.00   270.00   0.0000    0.00    0.0000      0.00    0.00    0.00    0.00    0.00    0.00   0.0000   0.0000   0.0000   0.0000   0.0000   0.0000   8.1838
1874   277.00   700.00   270.00   0.0000    0.00    0.0000      0.00    0.00    0.00    0.00    0.00    0.00   0.0000   0.0000   0.0000   0.0000   0.0000   0.0000   8.1838
1875   277.00   700.00   270.00   0.0000    0.00    0.0000      0.00    0.00    0.00    0.00    0.00    0.00   0.0000   0.0000   0.0000   0.0000   0.0000   0.0000   8.1838
1876   277.00   700.00   270.00   0.0000    0.00    0.0000      0.00    0.00    0.00    0.00    0.00    0.00   0.0000   0.0000   0.0000   0.0000   0.0000   0.0000   8.1838
1877   277.00   700.00   270.00   0.0000    0.00    0.0000      0.00    0.00    0.00    0.00    0.00    0.00   0.0000   0.0000   0.0000   0.0000   0.0000   0.0000   8.1838
1878   277.00   700.00   270.00   0.0000    0.00    0.0000      0.00    0.00    0.00    0.00    0.00    0.00   0.0000   0.0000   0.0000   0.0000   0.0000   0.0000   8.1838
1879   277.00   700.00   270.00   0.0000    0.00    0.0000      0.00    0.00    0.00    0.00    0.00    0.00   0.0000   0.0000   0.0000   0.0000   0.0000   0.0000   8.1838
1880   277.00   700.00   270.00   0.0000    0.00    0.0000      0.00    0.00    0.00    0.00    0.00    0.00   0.0000   0.0000   0.0000   0.0000   0.0000   0.0000   8.1838
1881   277.00   700.00   270.00   0.0000    0.00    0.0000      0.00    0.00    0.00    0.00    0.00    0.00   0.0000   0.0000   0.0000   0.0000   0.0000   0.0000   8.1838
1882   277.00   700.00   270.00   0.0000    0.00    0.0000      0.00    0.00    0.00    0.00    0.00    0.00   0.0000   0.0000   0.0000   0.0000   0.0000   0.0000   8.1838
1883   277.00   700.00   270.00   0.0000    0.00    0.0000      0.00    0.00    0.00    0.00    0.00    0.00   0.0000   0.0000   0.0000   0.0000   0.0000   0.0000   8.1838
1884   277.00   700.00   270.00   0.0000    0.00    0.0000      0.00    0.00    0.00    0.00    0.00    0.00   0.0000   0.0000   0.0000   0.0000   0.0000   0.0000   8.1838
1885   277.00   700.00   270.00   0.0000    0.00    0.0000      0.00    0.00    0.00    0.00    0.00    0.00   0.0000   0.0000   0.0000   0.0000   0.0000   0.0000   8.1838
1886   277.00   700.00   270.00   0.0000    0.00    0.0000      0.00    0.00    0.00    0.00    0.00    0.00   0.0000   0.0000   0.0000   0.0000   0.0000   0.0000   8.1838
1887   277.00   700.00   270.00   0.0000    0.00    0.0000      0.00    0.00    0.00    0.00    0.00    0.00   0.0000   0.0000   0.0000   0.0000   0.0000   0.0000   8.1838
1888   277.00   700.00   270.00   0.0000    0.00    0.0000      0.00    0.00    0.00    0.00    0.00    0.00   0.0000   0.0000   0.0000   0.0000   0.0000   0.0000   8.1838
1889   277.00   700.00   270.00   0.0000    0.00    0.0000      0.00    0.00    0.00    0.00    0.00    0.00   0.0000   0.0000   0.0000   0.0000   0.0000   0.0000   8.1838
1890   277.00   700.00   270.00   0.0000    0.00    0.0000      0.00    0.00    0.00    0.00    0.00    0.00   0.0000   0.0000   0.0000   0.0000   0.0000   0.0000   8.1838
1891   277.00   700.00   270.00   0.0000    0.00    0.0000      0.00    0.00    0.00    0.00    0.00    0.00   0.0000   0.0000   0.0000   0.0000   0.0000   0.0000   8.1838
1892   277.00   700.00   270.00   0.0000    0.00    0.0000      0.00    0.00    0.00    0.00    0.00    0.00   0.0000   0.0000   0.0000   0.0000   0.0000   0.0000   8.1838
1893   277.00   700.00   270.00   0.0000    0.00    0.0000      0.00    0.00    0.00    0.00    0.00    0.00   0.0000   0.0000   0.0000   0.0000   0.0000   0.0000   8.1838
1894   277.00   700.00   270.00   0.0000    0.00    0.0000      0.00    0.00    0.00    0.00    0.00    0.00   0.0000   0.0000   0.0000   0.0000   0.0000   0.0000   8.1838
1895   277.00   700.00   270.00   0.0000    0.00    0.0000      0.00    0.00    0.00    0.00    0.00    0.00   0.0000   0.0000   0.0000   0.0000   0.0000   0.0000   8.1838
1896   277.00   700.00   270.00   0.0000    0.00    0.0000      0.00    0.00    0.00    0.00    0.00    0.00   0.0000   0.0000   0.0000   0.0000   0.0000   0.0000   8.1838
1897   277.00   700.00   270.00   0.0000    0.00    0.0000      0.00    0.00    0.00    0.00    0.00    0.00   0.0000   0.0000   0.0000   0.0000   0.0000   0.0000   8.1838
1898   277.00   700.00   270.00   0.0000    0.00    0.0000      0.00    0.00    0.00    0.00    0.00    0.00   0.0000   0.0000   0.0000   0.0000   0.0000   0.0000   8.1838
1899   277.00   700.00   270.00   0.0000    0.00    0.0000      0.00    0.00    0.00    0.00    0.00    0.00   0.0000   0.0000   0.0000   0.0000   0.0000   0.0000   8.1838
1900   277.00   700.00   270.00   0.0000    0.00    0.0000      0.00    0.00    0.00    0.00    0.00    0.00   0.0000   0.0000   0.0000   0.0000   0.0000   0.0000   8.1838
1901   277.00   700.00   270.00   0.0000    0.00    0.0000      0.00    0.00    0.00    0.00    0.00    0.00   0.0000   0.0000   0.0000   0.0000   0.0000   0.0000   8.1838
1902   277.00   700.00   270.00   0.0000    0.00    0.0000      0.00    0.00    0.00    0.00    0.00    0.00   0.0000   0.0000   0.0000   0.0000   0.0000   0.0000   8.1838
1903   277.00   700.00   270.00   0.0000    0.00    0.0000      0.00    0.00    0.00    0.00    0.00    0.00   0.0000   0.0000   0.0000   0.0000   0.0000   0.0000   8.1838
1904   277.00   700.00   270.00   0.0000    0.00    0.0000      0.00    0.00    0.00    0.00    0.00    0.00   0.0000   0.0000   0.0000   0.0000   0.0000   0.0000   8.1838
1905   277.00   700.00   270.00   0.0000    0.00    0.0000      0.00    0.00    0.00    0.00    0.00    0.00   0.0000   0.0000   0.0000   0.0000   0.0000   0.0000   8.1838
1906   277.00   700.00   270.00   0.0000    0.00    0.0000      0.00    0.00    0.00    0.00    0.00    0.00   0.0000   0.0000   0.0000   0.0000   0.0000   0.0000   8.1838
1907   277.00   700.00   270.00   0.0000    0.00    0.0000      0.00    0.00    0.00    0.00    0.00    0.00   0.0000   0.0000   0.0000   0.0000   0.0000   0.0000   8.1838
1908   277.00   700.00   270.00   0.0000    0.00    0.0000      0.00    0.00    0.00    0.00    0.00    0.00   0.0000   0.0000   0.0000   0.0000   0.0000   0.0000   8.1838
1909   277.00   700.00   270.00   0.0000    0.00    0.0000      0.00    0.00    0.00    0.00    0.00    0.00   0.0000   0.0000   0.0000   0.0000   0.0000   0.0000   8.1838
1910   277.00   700.00   270.00   0.0000    0.00    0.0000      0.00    0.00    0.00    0.00    0.00    0.00   0.0000   0.0000   0.0000   0.0000   0.0000   0.0000   8.1838
1911   277.00   700.00   270.00   0.0000    0.00    0.0000      0.00    0.00    0.00    0.00    0.00    0.00   0.0000   0.0000   0.0000   0.0000   0.0000   0.0000   8.1838
1912   277.00   700.00   270.00   0.0000    0.00    0.0000      0.00    0.00    0.00    0.00    0.00    0.00   0.0000   0.0000   0.0000   0.0000   0.0000   0.0000   8.1838
1913   277.00   700.00   270.00   0.0000    0.00    0.0000      0.00    0.00    0.00    0.00    0.00    0.00   0.0000   0.0000   0.0000   0.0000   0.0000   0.0000   8.1838
1914   277.00   700.00   270.00   0.0000    0.00    0.0000      0.00    0.00    0.00    0.00    0.00    0.00   0.0000   0.0000   0.0000   0.0000   0.0000   0.0000   8.1838
1915   277.00   700.00   270.00   0.0000    0.00    0.0000      0.00    0.00    0.00    0.00    0.00    0.00   0.0000   0.0000   0.0000   0.0000   0.0000   0.0000   8.1838
1916   277.00   700.00   270.00   0.0000    0.00    0.0000      0.00    0.00    0.00    0.00    0.00    0.00   0.0000   0.0000   0.0000   0.0000   0.0000   0.0000   8.1838
1917   277.00   700.00   270.00   0.0000    0.00    0.0000      0.00    0.00    0.00    0.00    0.00    0.00   0.0000   0.0000   0.0000   0.0000   0.0000   0.0000   8.1838
1918   277.00   700.00   270.00   0.0000    0.00    0.0000      0.00    0.00    0.00    0.00    0.00    0.00   0.0000   0.0000   0.0000   0.0000   0.0000   0.0000   8.1838
1919   277.00   700.00   270.00   0.0000    0.00    0.0000      0.00    0.00    0.00    0.00    0.00    0.00   0.0000   0.0000   0.0000   0.0000   0.0000   0.0000   8.1838
1920   277.00   700.00   270.00   0.0000    0.00    0.0000      0.00    0.00    0.00    0.00    0.00    0.00   0.0000   0.0000   0.0000   0.0000   0.0000   0.0000   8.1838
1921   277.00   700.00   270.00   0.0000    0.00    0.0000      0.00    0.00    0.00    0.00    0.00    0.00   0.0000   0.0000   0.0000   0.0000   0.0000   0.0000   8.1838
1922   277.00   700.00   270.00   0.0000    0.00    0.0000      0.00    0.00    0.00    0.00    0.00    0.00   0.0000   0.0000   0.0000   0.0000   0.0000   0.0000   8.1838
1923   277.00   700.00   270.00   0.0000    0.00    0.0000      0.00    0.00    0.00    0.00    0.00    0.00   0.0000   0.0000   0.0000   0.0000   0.0000   0.0000   8.1838
1924   277.00   700.00   270.00   0.0000    0.00    0.0000      0.00    0.00    0.00    0.00    0.00    0.00   0.0000   0.0000   0.0000   0.0000   0.0000   0.0000   8.1838
1925   277.00   700.00   270.00   0.0000    0.00    0.0000      0.00    0.00    0.00    0.00    0.00    0.00   0.0000   0.0000   0.0000   0.0000   0.0000   0.0000   8.1838
1926   277.00   700.00   270.00   0.0000    0.00    0.0000      0.00    0.00    0.00    0.00    0.00    0.00   0.0000   0.0000   0.0000   0.0000   0.0000   0.0000   8.1838
1927   277.00   700.00   270.00   0.0000    0.00    0.0000      0.00    0.00    0.00    0.00    0.00    0.00   0.0000   0.0000   0.0000   0.0000   0.0000   0.0000   8.1838
1928   277.00   700.00   270.00   0.0000    0.00    0.0000      0.00    0.00    0.00    0.00    0.00    0.00   0.0000   0.0000   0.0000   0.0000   0.0000   0.0000   8.1838
1929   277.00   700.00   270.00   0.0000    0.00    0.0000      0.00    0.00    0.00    0.00    0.00    0.00   0.0000   0.0000   0.0000   0.0000   0.0000   0.0000   8.1838
1930   277.00   700.00   270.00   0.0000    0.00    0.0000      0.00    0.00    0.00    0.00    0.00    0.00   0.0000   0.0000   0.0000   0.0000   0.0000   0.0000   8.1838
1931   277.00   700.00   270.00   0.0000    0.00    0.0000      0.00    0.00    0.00    0.00    0.00    0.00   0.0000   0.0000   0.0000   0.0000   0.0000   0.0000   8.1838
1932   277.00   700.00   270.00   0.0000    0.00    0.0000      0.00    0.00    0.00    0.00    0.00    0.00   0.0000   0.0000   0.0000   0.0000   0.0000   0.0000   8.1838
1933   277.00   700.00   270.00   0.0000    0.00    0.0000      0.00    0.00    0.00    0.00    0.00    0.00   0.0000   0.0000   0.0000   0.0000   0.0000   0.0000   8.1838
1934   277.00   700.00   270.00   0.0000    0.00    0.0000      0.00    0.00    0.00    0.00    0.00    0.00   0.0000   0.0000   0.0000   0.0000   0.0000   0.0000   8.1838
1935   277.00   700.00   270.00   0.0000    0.00    0.0000      0.00    0.00    0.00    0.00    0.00    0.00   0.0000   0.0000   0.0000   0.0000   0.0000   0.0000   8.1838
1936   277.00   700.00   270.00   0.0000    0.00    0.0000      0.00    0.00    0.00    0.00    0.00    0.00   0.0000   0.0000   0.0000   0.0000   0.0000   0.0000   8.1838
1937   277.00   700.00   270.00   0.0000    0.00    0.0000      0.00    0.00    0.00    0.00    0.00    0.00   0.0000   0.0000   0.0000   0.0000   0.0000   0.0000   8.1838
1938   277.00   700.00   270.00   0.0000    0.00    0.0000      0.00    0.00    0.00    0.00    0.00    0.00   0.0000   0.0000   0.0000   0.0000   0.0000   0.0000   8.1838
1939   277.00   700.00   270.00   0.0000    0.00    0.0000      0.00    0.00    0.00    0.00    0.00    0.00   0.0000   0.0000   0.0000   0.0000   0.0000   0.0000   8.1838
1940   277.00   700.00   270.00   0.0000    0.00    0.0000      0.00    0.00    0.00    0.00    0.00    0.00   0.0000   0.0000   0.0000   0.0000   0.0000   0.0000   8.1838
1941   277.00   700.00   270.00   0.0000    0.00    0.0000      0.00    0.00    0.00    0.00    0.00    0.00   0.0000   0.0000   0.0000   0.0000   0.0000   0.0000   8.1838
1942   277.00   700.00   270.00   0.0000    0.00    0.0000      0.00    0.00    0.00    0.00    0.00    0.00   0.0000   0.0000   0.0000   0.0000   0.0000   0.0000   8.1838
1943   277.00   700.00   270.00   0.0000    0.00    0.0000      0.00    0.00    0.00    0.00    0.00    0.00   0.0000   0.0000   0.0000   0.0000   0.0000   0.0000   8.1838
1944   277.00   700.00   270.00   0.0000    0.00    0.0000      0.00    0.00    0.00    0.00    0.00    0.00   0.0000   0.0000   0.0000   0.0000   0.0000   0.0000   8.1838
1945   277.00   700.00   270.00   0.0000    0.00    0.0000      0.00    0.00    0.00    0.00    0.00    0.00   0.0000   0.0000   0.0000   0.0000   0.0000   0.0000   8.1838
1946   277.00   700.00   270.00   0.0000    0.00    0.0000      0.00    0.00    0.00    0.00    0.00    0.00   0.0000   0.0000   0.0000   0.0000   0.0000   0.0000   8.1838
1947   277.00   700.00   270.00   0.0000    0.00    0.0000      0.00    0.00    0.00    0.00    0.00    0.00   0.0000   0.0000   0.0000   0.0000   0.0000   0.0000   8.1838
1948   277.00   700.00   270.00   0.0000    0.00    0.0000      0.00    0.00    0.00    0.00    0.00    0.00   0.0000   0.0000   0.0000   0.0000   0.0000   0.0000   8.1838
1949   277.00   700.00   270.00   0.0000    0.00    0.0000      0.00    0.00    0.00    0.00    0.00    0.00   0.0000   0.0000   0.0000   0.0000   0.0000   0.0000   8.1838
1950   277.00   700.00   270.00   0.0000    0.00    0.0000      0.00    0.00    0.00    0.00    0.00    0.00   0.0000   0.0000   0.0000   0.0000   0.0000   0.0000   8.1838
1951   277.00   700.00   270.00   0.0000    0.00    0.0000      0.00    0.00    0.00    0.00    0.00    0.00   0.0000   0.0000   0.0000   0.0000   0.0000   0.0000   8.1838
1952   277.00   700.00   270.00   0.0000    0.00    0.0000      0.00    0.00    0.00    0.00    0.00    0.00   0.0000   0.0000   0.0000   0.0000   0.0000   0.0000   8.1838
1953   277.00   700.00   270.00   0.0000    0.00    0.0000      0.00    0.00    0.00    0.00    0.00    0.00   0.0000   0.0000   0.0000   0.0000   0.0000   0.0000   8.1838
1954   277.00   700.00   270.00   0.0000    0.00    0.0000      0.00    0.00    0.00    0.00    0.00    0.00   0.0000   0.0000   0.0000   0.0000   0.0000   0.0000   8.1838
1955   277.00   700.00   270.00   0.0000    0.00    0.0000      0.00    0.00    0.00    0.00    0.00    0.00   0.0000   0.0000   0.0000   0.0000   0.0000   0.0000   8.1838
1956   277.00   700.00   270.00   0.0000    0.00    0.0000      0.00    0.00    0.00    0.00    0.00    0.00   0.0000   0.0000   0.0000   0.0000   0.0000   0.0000   8.1838
1957   277.00   700.00   270.00   0.0000    0.00    0.0000      0.00    0.00    0.00    0.00    0.00    0.00   0.0000   0.0000   0.0000   0.0000   0.0000   0.0000   8.1838
1958   277.00   700.00   270.00   0.0000    0.00    0.0000      0.00    0.00    0.00    0.00    0.00    0.00   0.0000   0.0000   0.0000   0.0000   0.0000   0.0000   8.1838
1959   277.00   700.00   270.00   0.0000    0.00    0.0000      0.00    0.00    0.00    0.00    0.00    0.00   0.0000   0.0000   0.0000   0.0000   0.0000   0.0000   8.1838
1960   277.00   700.00   270.00   0.0000    0.00    0.0000      0.00    0.00    0.00    0.00    0.00    0.00   0.0000   0.0000   0.0000   0.0000   0.0000   0.0000   8.1838
1961   277.00   700.00   270.00   0.0000    0.00    0.0000      0.00    0.00    0.00    0.00    0.00    0.00   0.0000   0.0000   0.0000   0.0000   0.0000   0.0000   8.1838
1962   277.00   700.00   270.00   0.0000    0.00    0.0000      0.00    0.00    0.00    0.00    0.00    0.00   0.0000   0.0000   0.0000   0.0000   0.0000   0.0000   8.1838
1963   277.00   700.00   270.00   0.0000    0.00    0.0000      0.00    0.00    0.00    0.00    0.00    0.00   0.0000   0.0000   0.0000   0.0000   0.0000   0.0000   8.1838
1964   277.00   700.00   270.00   0.0000    0.00    0.0000      0.00    0.00    0.00    0.00    0.00    0.00   0.0000   0.0000   0.0000   0.0000   0.0000   0.0000   8.1838
1965   277.00   700.00   270.00   0.0000    0.00    0.0000      0.00    0.00    0.00    0.00    0.00    0.00   0.0000   0.0000   0.0000   0.0000   0.0000   0.0000   8.1838
1966   277.00   700.00   270.00   0.0000    0.00    0.0000      0.00    0.00    0.00    0.00    0.00    0.00   0.0000   0.0000   0.0000   0.0000   0.0000   0.0000   8.1838
1967   277.00   700.00   270.00   0.0000    0.00    0.0000      0.00    0.00    0.00    0.00    0.00    0.00   0.0000   0.0000   0.0000   0.0000   0.0000   0.0000   8.1838
1968   277.00   700.00   270.00   0.0000    0.00    0.0000      0.00    0.00    0.00    0.00    0.00    0.00   0.0000   0.0000   0.0000   0.0000   0.0000   0.0000   8.1838
1969   277.00   700.00   270.00   0.0000    0.00    0.0000      0.00    0.00    0.00    0.00    0.00    0.00   0.0000   0.0000   0.0000   0.0000   0.0000   0.0000   8.1838
1970   277.00   700.00   270.00   0.0000    0.00    0.0000      0.00    0.00    0.00    0.00    0.00    0.00   0.0000   0.0000   0.0000   0.0000   0.0000   0.0000   8.1838
1971   277.00   700.00   270.00   0.0000    0.00    0.0000      0.00    0.00    0.00    0.00    0.00    0.00   0.0000   0.0000   0.0000   0.0000   0.0000   0.0000   8.1838
1972   277.00   700.00   270.00   0.0000    0.00    0.0000      0.00    0.00    0.00    0.00    0.00    0.00   0.0000   0.0000   0.0000   0.0000   0.0000   0.0000   8.1838
1973   277.00   700.00   270.00   0.0000    0.00    0.0000      0.00    0.00    0.00    0.00    0.00    0.00   0.0000   0.0000   0.0000   0.0000   0.0000   0.0000   8.1838
1974   277.00   700.00   270.00   0.0000    0.00    0.0000      0.00    0.00    0.00    0.00    0.00    0.00   0.0000   0.0000   0.0000   0.0000   0.0000   0.0000   8.1838
1975   277.00   700.00   270.00   0.0000    0.00    0.0000      0.00    0.00    0.00    0.00    0.00    0.00   0.0000   0.0000   0.0000   0.0000   0.0000   0.0000   8.1838
1976   277.00   700.00   270.00   0.0000    0.00    0.0000      0.00    0.00    0.00    0.00    0.00    0.00   0.0000   0.0000   0.0000   0.0000   0.0000   0.0000   8.1838
1977   277.00   700.00   270.00   0.0000    0.00    0.0000      0.00    0.00    0.00    0.00    0.00    0.00   0.0000   0.0000   0.0000   0.0000   0.0000   0.0000   8.1838
1978   277.00   700.00   270.00   0.0000    0.00    0.0000      0.00    0.00    0.00    0.00    0.00    0.00   0.0000   0.0000   0.0000   0.0000   0.0000   0.0000   8.1838
1979   277.00   700.00   270.00   0.0000    0.00    0.0000      0.00    0.00    0.00    0.00    0.00    0.00   0.0000   0.0000   0.0000   0.0000   0.0000   0.0000   8.1838
1980   277.00   700.00   270.00   0.0000    0.00    0.0000      0.00    0.00    0.00    0.00    0.00    0.00   0.0000   0.0000   0.0000   0.0000   0.0000   0.0000   8.1838
1981   277.00   700.00   270.00   0.0000    0.00    0.0000      0.00    0.00    0.00    0.00    0.00    0.00   0.0000   0.0000   0.0000   0.0000   0.0000   0.0000   8.1838
1982   277.00   700.00   270.00   0.0000    0.00    0.0000      0.00    0.00    0.00    0.00    0.00    0.00   0.0000   0.0000   0.0000   0.0000   0.0000   0.0000   8.1838
1983   277.00   700.00   270.00   0.0000    0.00    0.0000      0.00    0.00    0.00    0.00    0.00    0.00   0.0000   0.0000   0.0000   0.0000   0.0000   0.0000   8.1838
1984   277.00   700.00   270.00   0.0000    0.00    0.0000      0.00    0.00    0.00    0.00    0.00    0.00   0.0000   0.0000   0.0000   0.0000   0.0000   0.0000   8.1838
1985   277.00   700.00   270.00   0.0000    0.00    0.0000      0.00    0.00    0.00    0.00    0.00    0.00   0.0000   0.0000   0.0000   0.0000   0.0000   0.0000   8.1838
1986   277.00   700.00   270.00   0.0000    0.00    0.0000      0.00    0.00    0.00    0.00    0.00    0.00   0.0000   0.0000   0.0000   0.0000   0.0000   0.0000   8.1838
1987   277.00   700.00   270.00   0.0000    0.00    0.0000      0.00    0.00    0.00    0.00    0.00    0.00   0.0000   0.0000   0.0000   0.0000   0.0000   0.0000   8.1838
1988   277.00   700.00   270.00   0.0000    0.00    0.0000      0.00    0.00    0.00    0.00    0.00    0.00   0.0000   0.0000   0.0000   0.0000   0.0000   0.0000   8.1838
1989   277.00   700.00   270.00   0.0000    0.00    0.0000      0.00    0.00    0.00    0.00    0.00    0.00   0.0000   0.0000   0.0000   0.0000   0.0000   0.0000   8.1838
1990   277.00   700.00   270.00   0.0000    0.00    0.0000      0.00    0.00    0.00    0.00    0.00    0.00   0.0000   0.0000   0.0000   0.0000   0.0000   0.0000   8.1838
1991   277.00   700.00   270.00   0.0000    0.00    0.0000      0.00    0.00    0.00    0.00    0.00    0.00   0.0000   0.0000   0.0000   0.0000   0.0000   0.0000   8.1838
1992   277.00   700.00   270.00   0.0000    0.00    0.0000      0.00    0.00    0.00    0.00    0.00    0.00   0.0000   0.0000   0.0000   0.0000   0.0000   0.0000   8.1838
1993   277.00   700.00   270.00   0.0000    0.00    0.0000      0.00    0.00    0.00    0.00    0.00    0.00   0.0000   0.0000   0.0000   0.0000   0.0000   0.0000   8.1838
1994   277.00   700.00   270.00   0.0000    0.00    0.0000      0.00    0.00    0.00    0.00    0.00    0.00   0.0000   0.0000   0.0000   0.0000   0.0000   0.0000   8.1838
1995   277.00   700.00   270.00   0.0000    0.00    0.0000      0.00    0.00    0.00    0.00    0.00    0.00   0.0000   0.0000   0.0000   0.0000   0.0000   0.0000   8.1838
1996   277.00   700.00   270.00   0.0000    0.00    0.0000      0.00    0.00    0.00    0.00    0.00    0.00   0.0000   0.0000   0.0000   0.0000   0.0000   0.0000   8.1838
1997   277.00   700.00   270.00   0.0000    0.00    0.0000      0.00    0.00    0.00    0.00    0.00    0.00   0.0000   0.0000   0.0000   0.0000   0.0000   0.0000   8.1838
1998   277.00   700.00   270.00   0.0000    0.00    0.0000      0.00    0.00    0.00    0.00    0.00    0.00   0.0000   0.0000   0.0000   0.0000   0.0000   0.0000   8.1838
1999   277.00   700.00   270.00   0.0000    0.00    0.0000      0.00    0.00    0.00    0.00    0.00    0.00   0.0000   0.0000   0.0000   0.0000   0.0000   0.0000   8.1838
2000   277.00   700.00   270.00   0.0000    0.00    0.0000      0.00    0.00    0.00    0.00    0.00    0.00   0.0000   0.0000   0.0000   0.0000   0.0000   0.0000   8.1838
