YEAR ENG NEG CONCO2 OCNCO2UP LNDCO2UP ANTCH4 ANTN2O CONCH4 CONN2O RADTTL T2MP
2000    0.156500    0.000000  277.000000    0.008023    0.002017    0.000   0.0000   700.0   270.0   0.00000   0.00000
2001    0.189600    0.000000  277.072108    0.018990    0.008253    0.000   0.0000   700.0   270.0   0.00139   0.00013
2002    0.228700    0.000000  277.154478    0.025317    0.017064    0.000   0.0000   700.0   270.0   0.00298   0.00039
2003    0.274700    0.000000  277.249388    0.032615    0.026655    0.000   0.0000   700.0   270.0   0.00480   0.00077
2004    0.328800    0.000000  277.359487    0.041067    0.037168    0.000   0.0000   700.0   270.0   0.00692   0.00127
2005    0.392000    0.000000  277.487756    0.050867    0.048843    0.000   0.0000   700.0   270.0   0.00939   0.00190
2006    0.465500    0.000000  277.637474    0.062217    0.061973    0.000   0.0000   700.0   270.0   0.01227   0.00267
2007    0.550700    0.000000  277.812287    0.075340    0.076880    0.000   0.0000   700.0   270.0   0.01563   0.00359
2008    0.648900    0.000000  278.016209    0.090473    0.093908    0.000   0.0000   700.0   270.0   0.01955   0.00470
2009    0.761600    0.000000  278.253635    0.107868    0.113414    0.000   0.0000   700.0   270.0   0.02410   0.00600
2010    0.890400    0.000000  278.529394    0.127797    0.135773    0.000   0.0000   700.0   270.0   0.02939   0.00754
2011    1.036900    0.000000  278.848758    0.150544    0.161374    0.000   0.0000   700.0   270.0   0.03551   0.00934
2012    1.202800    0.000000  279.217452    0.176410    0.190623    0.000   0.0000   700.0   270.0   0.04256   0.01144
2013    1.389900    0.000000  279.641683    0.205702    0.223942    0.000   0.0000   700.0   270.0   0.05067   0.01389
2014    1.599700    0.000000  280.128094    0.238731    0.261764    0.000   0.0000   700.0   270.0   0.05994   0.01671
2015    1.834100    0.000000  280.683769    0.275813    0.304532    0.000   0.0000   700.0   270.0   0.07052   0.01997
2016    2.094600    0.000000  281.316236    0.317260    0.352697    0.000   0.0000   700.0   270.0   0.08254   0.02371
2017    2.382800    0.000000  282.033396    0.363370    0.406706    0.000   0.0000   700.0   270.0   0.09613   0.02798
2018    2.700000    0.000000  282.843485    0.414427    0.467001    0.000   0.0000   700.0   270.0   0.11144   0.03284
2019    3.047600    0.000000  283.755039    0.470696    0.534011    0.000   0.0000   700.0   270.0   0.12861   0.03835
2020    3.426500    0.000000  284.776822    0.532406    0.608141    0.000   0.0000   700.0   270.0   0.14780   0.04457
2021    3.837500    0.000000  285.917713    0.599748    0.689762    0.000   0.0000   700.0   270.0   0.16914   0.05157
2022    4.281100    0.000000  287.186650    0.672866    0.779205    0.000   0.0000   700.0   270.0   0.19278   0.05941
2023    4.757200    0.000000  288.592471    0.751846    0.876742    0.000   0.0000   700.0   270.0   0.21885   0.06816
2024    5.265800    0.000000  290.143844    0.836719    0.982584    0.000   0.0000   700.0   270.0   0.24746   0.07787
2025    5.806000    0.000000  291.849142    0.927441    1.096868    0.000   0.0000   700.0   270.0   0.27875   0.08862
2026    6.376600    0.000000  293.716240    1.023892    1.219641    0.000   0.0000   700.0   270.0   0.31279   0.10046
2027    6.976000    0.000000  295.752423    1.125879    1.350858    0.000   0.0000   700.0   270.0   0.34966   0.11345
2028    7.602000    0.000000  297.964238    1.233123    1.490372    0.000   0.0000   700.0   270.0   0.38944   0.12764
2029    8.251900    0.000000  300.357320    1.345265    1.637926    0.000   0.0000   700.0   270.0   0.43214   0.14308
2030    8.922500    0.000000  302.936250    1.461858    1.793149    0.000   0.0000   700.0   270.0   0.47777   0.15981
2031    9.609900    0.000000  305.704370    1.582374    1.955554    0.000   0.0000   700.0   270.0   0.52633   0.17786
2032   10.309900    0.000000  308.663638    1.706211    2.124536    0.000   0.0000   700.0   270.0   0.57775   0.19724
2033   11.017800    0.000000  311.814525    1.832699    2.299374    0.000   0.0000   700.0   270.0   0.63197   0.21799
2034   11.728400    0.000000  315.155868    1.961106    2.479240    0.000   0.0000   700.0   270.0   0.68886   0.24009
2035   12.436100    0.000000  318.684734    2.090646    2.663204    0.000   0.0000   700.0   270.0   0.74830   0.26353
2036   13.135200    0.000000  322.396367    2.220497    2.850241    0.000   0.0000   700.0   270.0   0.81011   0.28831
2037   13.819400    0.000000  326.284082    2.349805    3.039249    0.000   0.0000   700.0   270.0   0.87410   0.31437
2038   14.482600    0.000000  330.339218    2.477704    3.229056    0.000   0.0000   700.0   270.0   0.94003   0.34168
2039   15.118500    0.000000  334.551166    2.603325    3.418444    0.000   0.0000   700.0   270.0   1.00766   0.37018
2040   15.720700    0.000000  338.907318    2.725809    3.606159    0.000   0.0000   700.0   270.0   1.07672   0.39979
2041   16.283200    0.000000  343.393139    2.844325    3.790929    0.000   0.0000   700.0   270.0   1.14691   0.43045
2042   16.800100    0.000000  347.992277    2.958077    3.971488    0.000   0.0000   700.0   270.0   1.21793   0.46205
2043   17.265800    0.000000  352.686627    3.066313    4.146587    0.000   0.0000   700.0   270.0   1.28945   0.49449
2044   17.675300    0.000000  357.456512    3.168341    4.315018    0.000   0.0000   700.0   270.0   1.36116   0.52766
2045   18.023900    0.000000  362.280838    3.263530    4.475621    0.000   0.0000   700.0   270.0   1.43272   0.56145
2046   18.307700    0.000000  367.137299    3.351322    4.627308    0.000   0.0000   700.0   270.0   1.50380   0.59573
2047   18.523500    0.000000  372.002655    3.431238    4.769071    0.000   0.0000   700.0   270.0   1.57408   0.63037
2048   18.668800    0.000000  376.852985    3.502877    4.899998    0.000   0.0000   700.0   270.0   1.64323   0.66524
2049   18.741900    0.000000  381.663952    3.565917    5.019282    0.000   0.0000   700.0   270.0   1.71094   0.70019
2050   18.741900    0.000000  386.411096    3.620120    5.126224    0.000   0.0000   700.0   270.0   1.77693   0.73511
2051   18.668800    0.000000  391.070142    3.665328    5.220244    0.000   0.0000   700.0   270.0   1.84090   0.76984
2052   18.523500    0.000000  395.617324    3.701465    5.300883    0.000   0.0000   700.0   270.0   1.90261   0.80427
2053   18.307700    0.000000  400.029696    3.728531    5.367804    0.000   0.0000   700.0   270.0   1.96182   0.83824
2054   18.023900    0.000000  404.285412    3.746597    5.420797    0.000   0.0000   700.0   270.0   2.01831   0.87165
2055   17.675300    0.000000  408.363991    3.755801    5.459769    0.000   0.0000   700.0   270.0   2.07189   0.90437
2056   17.265800    0.000000  412.246561    3.756346    5.484746    0.000   0.0000   700.0   270.0   2.12240   0.93629
2057   16.800100    0.000000  415.916126    3.748496    5.495868    0.000   0.0000   700.0   270.0   2.16970   0.96729
2058   16.283200    0.000000  419.357747    3.732563    5.493383    0.000   0.0000   700.0   270.0   2.21369   0.99729
2059   15.720700    0.000000  422.558682    3.708912    5.477640    0.000   0.0000   700.0   270.0   2.25428   1.02619
2060   15.118500    0.000000  425.508530    3.677942    5.449081    0.000   0.0000   700.0   270.0   2.29142   1.05391
2061   14.482600    0.000000  428.199269    3.640092    5.408232    0.000   0.0000   700.0   270.0   2.32507   1.08039
2062   13.819400    0.000000  430.625318    3.595830    5.355695    0.000   0.0000   700.0   270.0   2.35522   1.10556
2063   13.135200    0.000000  432.783561    3.545649    5.292139    0.000   0.0000   700.0   270.0   2.38191   1.12937
2064   12.436100    0.000000  434.673239    3.490058    5.218288    0.000   0.0000   700.0   270.0   2.40517   1.15179
2065   11.728400    0.000000  436.295916    3.429582    5.134914    0.000   0.0000   700.0   270.0   2.42506   1.17278
2066   11.017800    0.000000  437.655360    3.364753    5.042829    0.000   0.0000   700.0   270.0   2.44166   1.19233
2067   10.309900    0.000000  438.757364    3.296106    4.942867    0.000   0.0000   700.0   270.0   2.45509   1.21042
2068    9.609900    0.000000  439.609612    3.224175    4.835883    0.000   0.0000   700.0   270.0   2.46545   1.22706
2069    8.922500    0.000000  440.221464    3.149486    4.722741    0.000   0.0000   700.0   270.0   2.47287   1.24225
2070    8.251900    0.000000  440.603728    3.072555    4.604302    0.000   0.0000   700.0   270.0   2.47750   1.25602
2071    7.602000    0.000000  440.768472    2.993885    4.481419    0.000   0.0000   700.0   270.0   2.47950   1.26838
2072    6.976000    0.000000  440.728805    2.913961    4.354931    0.000   0.0000   700.0   270.0   2.47902   1.27936
2073    6.376600    0.000000  440.498614    2.833244    4.225649    0.000   0.0000   700.0   270.0   2.47623   1.28901
2074    5.806000    0.000000  440.092353    2.752172    4.094356    0.000   0.0000   700.0   270.0   2.47131   1.29737
2075    5.265800    0.000000  439.524810    2.671153    3.961794    0.000   0.0000   700.0   270.0   2.46442   1.30449
2076    4.757200    0.000000  438.810908    2.590571    3.828666    0.000   0.0000   700.0   270.0   2.45574   1.31042
2077    4.281100    0.000000  437.965567    2.510777    3.695627    0.000   0.0000   700.0   270.0   2.44545   1.31522
2078    3.837500    0.000000  437.003467    2.432086    3.563284    0.000   0.0000   700.0   270.0   2.43371   1.31895
2079    3.426500    0.000000  435.938894    2.354787    3.432191    0.000   0.0000   700.0   270.0   2.42069   1.32166
2080    3.047600    0.000000  434.785666    2.279131    3.302846    0.000   0.0000   700.0   270.0   2.40655   1.32343
2081    2.700000    0.000000  433.556959    2.205339    3.175694    0.000   0.0000   700.0   270.0   2.39144   1.32432
2082    2.382800    0.000000  432.265258    2.133596    3.051124    0.000   0.0000   700.0   270.0   2.37551   1.32438
2083    2.094600    0.000000  430.922253    2.064057    2.929471    0.000   0.0000   700.0   270.0   2.35890   1.32369
2084    1.834100    0.000000  429.538790    1.996845    2.811014    0.000   0.0000   700.0   270.0   2.34174   1.32231
2085    1.599700    0.000000  428.124860    1.932058    2.695983    0.000   0.0000   700.0   270.0   2.32414   1.32029
2086    1.389900    0.000000  426.689587    1.869761    2.584560    0.000   0.0000   700.0   270.0   2.30621   1.31769
2087    1.202800    0.000000  425.241194    1.809998    2.476878    0.000   0.0000   700.0   270.0   2.28806   1.31458
2088    1.036900    0.000000  423.787037    1.752789    2.373030    0.000   0.0000   700.0   270.0   2.26978   1.31101
2089    0.890400    0.000000  422.333654    1.698133    2.273069    0.000   0.0000   700.0   270.0   2.25144   1.30702
2090    0.761600    0.000000  420.886749    1.646008    2.177013    0.000   0.0000   700.0   270.0   2.23312   1.30267
2091    0.648900    0.000000  419.451261    1.596378    2.084849    0.000   0.0000   700.0   270.0   2.21488   1.29801
2092    0.550700    0.000000  418.031408    1.549191    1.996535    0.000   0.0000   700.0   270.0   2.19678   1.29306
2093    0.465500    0.000000  416.630732    1.504387    1.912006    0.000   0.0000   700.0   270.0   2.17887   1.28789
2094    0.392000    0.000000  415.252179    1.461893    1.831179    0.000   0.0000   700.0   270.0   2.16118   1.28252
2095    0.328800    0.000000  413.898142    1.421630    1.753953    0.000   0.0000   700.0   270.0   2.14374   1.27698
2096    0.274700    0.000000  412.570489    1.383512    1.680214    0.000   0.0000   700.0   270.0   2.12659   1.27130
2097    0.228700    0.000000  411.270667    1.347449    1.609839    0.000   0.0000   700.0   270.0   2.10975   1.26552
2098    0.189600    0.000000  409.999710    1.313344    1.542696    0.000   0.0000   700.0   270.0   2.09323   1.25966
2099    0.156500    0.000000  408.758265    1.279195    1.478115    0.000   0.0000   700.0   270.0   2.07704   1.25374
2100    0.000000    0.000000  407.518683    1.244891    1.415035    0.000   0.0000   700.0   270.0   2.06083   1.24775
2101    0.000000    0.000000  406.287476    1.214189    1.353735    0.000   0.0000   700.0   270.0   2.04468   1.24167
2102    0.000000    0.000000  405.097745    1.187066    1.295512    0.000   0.0000   700.0   270.0   2.02902   1.23556
2103    0.000000    0.000000  403.946999    1.161531    1.240769    0.000   0.0000   700.0   270.0   2.01384   1.22945
2104    0.000000    0.000000  402.832951    1.137463    1.189187    0.000   0.0000   700.0   270.0   1.99909   1.22336
2105    0.000000    0.000000  401.753523    1.114754    1.140451    0.000   0.0000   700.0   270.0   1.98477   1.21731
2106    0.000000    0.000000  400.706831    1.093306    1.094273    0.000   0.0000   700.0   270.0   1.97085   1.21130
2107    0.000000    0.000000  399.691159    1.073028    1.050402    0.000   0.0000   700.0   270.0   1.95730   1.20536
2108    0.000000    0.000000  398.704945    1.053837    1.008623    0.000   0.0000   700.0   270.0   1.94411   1.19948
2109    0.000000    0.000000  397.746752    1.035658    0.968756    0.000   0.0000   700.0   270.0   1.93127   1.19367
2110    0.000000    0.000000  396.815261    1.018419    0.930647    0.000   0.0000   700.0   270.0   1.91875   1.18793
2111    0.000000    0.000000  395.909249    1.002055    0.894165    0.000   0.0000   700.0   270.0   1.90655   1.18226
2112    0.000000    0.000000  395.027580    0.986505    0.859197    0.000   0.0000   700.0   270.0   1.89465   1.17668
2113    0.000000    0.000000  394.169194    0.971714    0.825644    0.000   0.0000   700.0   270.0   1.88304   1.17117
2114    0.000000    0.000000  393.333101    0.957629    0.793421    0.000   0.0000   700.0   270.0   1.87170   1.16574
2115    0.000000    0.000000  392.518372    0.944203    0.762450    0.000   0.0000   700.0   270.0   1.86063   1.16038
2116    0.000000    0.000000  391.724135    0.931390    0.732661    0.000   0.0000   700.0   270.0   1.84982   1.15511
2117    0.000000    0.000000  390.949570    0.919150    0.703990    0.000   0.0000   700.0   270.0   1.83926   1.14991
2118    0.000000    0.000000  390.193902    0.907445    0.676381    0.000   0.0000   700.0   270.0   1.82893   1.14480
2119    0.000000    0.000000  389.456401    0.896239    0.649778    0.000   0.0000   700.0   270.0   1.81883   1.13975
2120    0.000000    0.000000  388.736378    0.885499    0.624131    0.000   0.0000   700.0   270.0   1.80895   1.13479
2121    0.000000    0.000000  388.033180    0.875196    0.599395    0.000   0.0000   700.0   270.0   1.79929   1.12990
2122    0.000000    0.000000  387.346191    0.865300    0.575526    0.000   0.0000   700.0   270.0   1.78983   1.12508
2123    0.000000    0.000000  386.674826    0.855787    0.552483    0.000   0.0000   700.0   270.0   1.78057   1.12034
2124    0.000000    0.000000  386.018529    0.846632    0.530227    0.000   0.0000   700.0   270.0   1.77150   1.11567
2125    0.000000    0.000000  385.376777    0.837813    0.508723    0.000   0.0000   700.0   270.0   1.76262   1.11107
2126    0.000000    0.000000  384.749068    0.829309    0.487937    0.000   0.0000   700.0   270.0   1.75392   1.10654
2127    0.000000    0.000000  384.134928    0.821101    0.467837    0.000   0.0000   700.0   270.0   1.74539   1.10208
2128    0.000000    0.000000  383.533907    0.813172    0.448392    0.000   0.0000   700.0   270.0   1.73703   1.09769
2129    0.000000    0.000000  382.945575    0.805504    0.429575    0.000   0.0000   700.0   270.0   1.72884   1.09336
2130    0.000000    0.000000  382.369523    0.798083    0.411358    0.000   0.0000   700.0   270.0   1.72080   1.08910
2131    0.000000    0.000000  381.805361    0.790895    0.393715    0.000   0.0000   700.0   270.0   1.71292   1.08490
2132    0.000000    0.000000  381.252718    0.783927    0.376624    0.000   0.0000   700.0   270.0   1.70519   1.08077
2133    0.000000    0.000000  380.711239    0.777166    0.360060    0.000   0.0000   700.0   270.0   1.69760   1.07670
2134    0.000000    0.000000  380.180586    0.770601    0.344003    0.000   0.0000   700.0   270.0   1.69016   1.07268
2135    0.000000    0.000000  379.660434    0.764222    0.328432    0.000   0.0000   700.0   270.0   1.68285   1.06873
2136    0.000000    0.000000  379.150475    0.758018    0.313327    0.000   0.0000   700.0   270.0   1.67567   1.06484
2137    0.000000    0.000000  378.650412    0.751982    0.298671    0.000   0.0000   700.0   270.0   1.66863   1.06100
2138    0.000000    0.000000  378.159960    0.746104    0.284446    0.000   0.0000   700.0   270.0   1.66171   1.05722
2139    0.000000    0.000000  377.678849    0.740376    0.270636    0.000   0.0000   700.0   270.0   1.65491   1.05349
2140    0.000000    0.000000  377.206818    0.734792    0.257224    0.000   0.0000   700.0   270.0   1.64824   1.04982
2141    0.000000    0.000000  376.743616    0.729344    0.244196    0.000   0.0000   700.0   270.0   1.64168   1.04620
2142    0.000000    0.000000  376.289003    0.724027    0.231538    0.000   0.0000   700.0   270.0   1.63523   1.04264
2143    0.000000    0.000000  375.842747    0.718833    0.219236    0.000   0.0000   700.0   270.0   1.62890   1.03912
2144    0.000000    0.000000  375.404628    0.713759    0.207277    0.000   0.0000   700.0   270.0   1.62267   1.03566
2145    0.000000    0.000000  374.974431    0.708798    0.195650    0.000   0.0000   700.0   270.0   1.61655   1.03224
2146    0.000000    0.000000  374.551950    0.703945    0.184342    0.000   0.0000   700.0   270.0   1.61054   1.02887
2147    0.000000    0.000000  374.136988    0.699197    0.173343    0.000   0.0000   700.0   270.0   1.60462   1.02556
2148    0.000000    0.000000  373.729353    0.694549    0.162642    0.000   0.0000   700.0   270.0   1.59880   1.02228
2149    0.000000    0.000000  373.328861    0.689998    0.152229    0.000   0.0000   700.0   270.0   1.59308   1.01906
2150    0.000000    0.000000  372.935335    0.685538    0.142094    0.000   0.0000   700.0   270.0   1.58745   1.01588
2151    0.000000    0.000000  372.548602    0.681167    0.132228    0.000   0.0000   700.0   270.0   1.58191   1.01274
2152    0.000000    0.000000  372.168497    0.676882    0.122623    0.000   0.0000   700.0   270.0   1.57646   1.00964
2153    0.000000    0.000000  371.794860    0.672680    0.113269    0.000   0.0000   700.0   270.0   1.57110   1.00659
2154    0.000000    0.000000  371.427535    0.668557    0.104160    0.000   0.0000   700.0   270.0   1.56582   1.00358
2155    0.000000    0.000000  371.066373    0.664511    0.095287    0.000   0.0000   700.0   270.0   1.56063   1.00062
2156    0.000000    0.000000  370.711228    0.660539    0.086643    0.000   0.0000   700.0   270.0   1.55552   0.99769
2157    0.000000    0.000000  370.361959    0.656639    0.078220    0.000   0.0000   700.0   270.0   1.55048   0.99480
2158    0.000000    0.000000  370.018431    0.652809    0.070013    0.000   0.0000   700.0   270.0   1.54553   0.99196
2159    0.000000    0.000000  369.680511    0.649046    0.062014    0.000   0.0000   700.0   270.0   1.54065   0.98915
2160    0.000000    0.000000  369.348071    0.645348    0.054218    0.000   0.0000   700.0   270.0   1.53585   0.98637
2161    0.000000    0.000000  369.020988    0.641713    0.046618    0.000   0.0000   700.0   270.0   1.53112   0.98364
2162    0.000000    0.000000  368.699139    0.638140    0.039209    0.000   0.0000   700.0   270.0   1.52646   0.98094
2163    0.000000    0.000000  368.382409    0.634627    0.031986    0.000   0.0000   700.0   270.0   1.52188   0.97828
2164    0.000000    0.000000  368.070683    0.631171    0.024942    0.000   0.0000   700.0   270.0   1.51736   0.97565
2165    0.000000    0.000000  367.763851    0.627772    0.018073    0.000   0.0000   700.0   270.0   1.51291   0.97306
2166    0.000000    0.000000  367.461805    0.624428    0.011374    0.000   0.0000   700.0   270.0   1.50852   0.97050
2167    0.000000    0.000000  367.164441    0.621137    0.004841    0.000   0.0000   700.0   270.0   1.50420   0.96798
2168    0.000000    0.000000  366.871657    0.617898   -0.001532    0.000   0.0000   700.0   270.0   1.49994   0.96549
2169    0.000000    0.000000  366.583355    0.614710   -0.007749    0.000   0.0000   700.0   270.0   1.49574   0.96303
2170    0.000000    0.000000  366.299438    0.611571   -0.013813    0.000   0.0000   700.0   270.0   1.49161   0.96060
2171    0.000000    0.000000  366.019812    0.608480   -0.019730    0.000   0.0000   700.0   270.0   1.48753   0.95820
2172    0.000000    0.000000  365.744387    0.605436   -0.025502    0.000   0.0000   700.0   270.0   1.48351   0.95584
2173    0.000000    0.000000  365.473074    0.602437   -0.031134    0.000   0.0000   700.0   270.0   1.47955   0.95350
2174    0.000000    0.000000  365.205785    0.599483   -0.036629    0.000   0.0000   700.0   270.0   1.47565   0.95120
2175    0.000000    0.000000  364.942437    0.596573   -0.041991    0.000   0.0000   700.0   270.0   1.47180   0.94892
2176    0.000000    0.000000  364.682947    0.593705   -0.047223    0.000   0.0000   700.0   270.0   1.46800   0.94667
2177    0.000000    0.000000  364.427235    0.590879   -0.052329    0.000   0.0000   700.0   270.0   1.46426   0.94446
2178    0.000000    0.000000  364.175224    0.588093   -0.057312    0.000   0.0000   700.0   270.0   1.46056   0.94226
2179    0.000000    0.000000  363.926836    0.585347   -0.062175    0.000   0.0000   700.0   270.0   1.45692   0.94010
2180    0.000000    0.000000  363.681998    0.582639   -0.066920    0.000   0.0000   700.0   270.0   1.45333   0.93796
2181    0.000000    0.000000  363.440636    0.579970   -0.071551    0.000   0.0000   700.0   270.0   1.44978   0.93585
2182    0.000000    0.000000  363.202681    0.577337   -0.076071    0.000   0.0000   700.0   270.0   1.44629   0.93377
2183    0.000000    0.000000  362.968062    0.574741   -0.080482    0.000   0.0000   700.0   270.0   1.44284   0.93171
2184    0.000000    0.000000  362.736713    0.572180   -0.084787    0.000   0.0000   700.0   270.0   1.43944   0.92968
2185    0.000000    0.000000  362.508567    0.569654   -0.088989    0.000   0.0000   700.0   270.0   1.43608   0.92767
2186    0.000000    0.000000  362.283561    0.567162   -0.093090    0.000   0.0000   700.0   270.0   1.43276   0.92568
2187    0.000000    0.000000  362.061630    0.564703   -0.097091    0.000   0.0000   700.0   270.0   1.42949   0.92372
2188    0.000000    0.000000  361.842715    0.562276   -0.100997    0.000   0.0000   700.0   270.0   1.42626   0.92179
2189    0.000000    0.000000  361.626754    0.559882   -0.104809    0.000   0.0000   700.0   270.0   1.42308   0.91987
2190    0.000000    0.000000  361.413690    0.557518   -0.108529    0.000   0.0000   700.0   270.0   1.41993   0.91798
2191    0.000000    0.000000  361.203464    0.555185   -0.112159    0.000   0.0000   700.0   270.0   1.41683   0.91611
2192    0.000000    0.000000  360.996022    0.552882   -0.115702    0.000   0.0000   700.0   270.0   1.41376   0.91427
2193    0.000000    0.000000  360.791308    0.550608   -0.119159    0.000   0.0000   700.0   270.0   1.41073   0.91244
2194    0.000000    0.000000  360.589268    0.548363   -0.122532    0.000   0.0000   700.0   270.0   1.40774   0.91064
2195    0.000000    0.000000  360.389852    0.546145   -0.125824    0.000   0.0000   700.0   270.0   1.40479   0.90886
2196    0.000000    0.000000  360.193006    0.543955   -0.129036    0.000   0.0000   700.0   270.0   1.40187   0.90709
2197    0.000000    0.000000  359.998682    0.541792   -0.132170    0.000   0.0000   700.0   270.0   1.39899   0.90535
2198    0.000000    0.000000  359.806830    0.539656   -0.135228    0.000   0.0000   700.0   270.0   1.39615   0.90363
2199    0.000000    0.000000  359.617403    0.537545   -0.138212    0.000   0.0000   700.0   270.0   1.39333   0.90193
2200    0.000000    0.000000  359.430354    0.535460   -0.141122    0.000   0.0000   700.0   270.0   1.39056   0.90025
2201    0.000000    0.000000  359.245637    0.533399   -0.143961    0.000   0.0000   700.0   270.0   1.38781   0.89858
2202    0.000000    0.000000  359.063207    0.531363   -0.146731    0.000   0.0000   700.0   270.0   1.38510   0.89694
2203    0.000000    0.000000  358.883021    0.529350   -0.149433    0.000   0.0000   700.0   270.0   1.38242   0.89531
2204    0.000000    0.000000  358.705036    0.527361   -0.152068    0.000   0.0000   700.0   270.0   1.37977   0.89370
2205    0.000000    0.000000  358.529209    0.525395   -0.154638    0.000   0.0000   700.0   270.0   1.37716   0.89211
2206    0.000000    0.000000  358.355500    0.523451   -0.157144    0.000   0.0000   700.0   270.0   1.37457   0.89054
2207    0.000000    0.000000  358.183869    0.521529   -0.159588    0.000   0.0000   700.0   270.0   1.37201   0.88898
2208    0.000000    0.000000  358.014277    0.519629   -0.161971    0.000   0.0000   700.0   270.0   1.36949   0.88744
2209    0.000000    0.000000  357.846684    0.517750   -0.164295    0.000   0.0000   700.0   270.0   1.36699   0.88592
2210    0.000000    0.000000  357.681053    0.515891   -0.166560    0.000   0.0000   700.0   270.0   1.36451   0.88441
2211    0.000000    0.000000  357.517348    0.514053   -0.168768    0.000   0.0000   700.0   270.0   1.36207   0.88292
2212    0.000000    0.000000  357.355532    0.512235   -0.170921    0.000   0.0000   700.0   270.0   1.35965   0.88145
2213    0.000000    0.000000  357.195570    0.510436   -0.173019    0.000   0.0000   700.0   270.0   1.35726   0.87999
2214    0.000000    0.000000  357.037428    0.508656   -0.175063    0.000   0.0000   700.0   270.0   1.35490   0.87855
2215    0.000000    0.000000  356.881072    0.506895   -0.177055    0.000   0.0000   700.0   270.0   1.35256   0.87712
2216    0.000000    0.000000  356.726468    0.505153   -0.178996    0.000   0.0000   700.0   270.0   1.35025   0.87571
2217    0.000000    0.000000  356.573584    0.503428   -0.180887    0.000   0.0000   700.0   270.0   1.34796   0.87431
2218    0.000000    0.000000  356.422389    0.501721   -0.182729    0.000   0.0000   700.0   270.0   1.34570   0.87292
2219    0.000000    0.000000  356.272851    0.500032   -0.184523    0.000   0.0000   700.0   270.0   1.34346   0.87155
2220    0.000000    0.000000  356.124939    0.498359   -0.186270    0.000   0.0000   700.0   270.0   1.34124   0.87020
2221    0.000000    0.000000  355.978625    0.496703   -0.187971    0.000   0.0000   700.0   270.0   1.33905   0.86886
2222    0.000000    0.000000  355.833879    0.495064   -0.189628    0.000   0.0000   700.0   270.0   1.33688   0.86753
2223    0.000000    0.000000  355.690672    0.493440   -0.191240    0.000   0.0000   700.0   270.0   1.33473   0.86621
2224    0.000000    0.000000  355.548976    0.491832   -0.192809    0.000   0.0000   700.0   270.0   1.33260   0.86491
2225    0.000000    0.000000  355.408764    0.490240   -0.194336    0.000   0.0000   700.0   270.0   1.33050   0.86362
2226    0.000000    0.000000  355.270009    0.488663   -0.195821    0.000   0.0000   700.0   270.0   1.32841   0.86234
2227    0.000000    0.000000  355.132685    0.487100   -0.197267    0.000   0.0000   700.0   270.0   1.32635   0.86107
2228    0.000000    0.000000  354.996765    0.485552   -0.198672    0.000   0.0000   700.0   270.0   1.32430   0.85982
2229    0.000000    0.000000  354.862225    0.484019   -0.200039    0.000   0.0000   700.0   270.0   1.32228   0.85858
2230    0.000000    0.000000  354.729040    0.482499   -0.201368    0.000   0.0000   700.0   270.0   1.32028   0.85735
2231    0.000000    0.000000  354.597186    0.480993   -0.202660    0.000   0.0000   700.0   270.0   1.31829   0.85613
2232    0.000000    0.000000  354.466639    0.479500   -0.203915    0.000   0.0000   700.0   270.0   1.31633   0.85493
2233    0.000000    0.000000  354.337375    0.478021   -0.205135    0.000   0.0000   700.0   270.0   1.31438   0.85373
2234    0.000000    0.000000  354.209372    0.476554   -0.206320    0.000   0.0000   700.0   270.0   1.31245   0.85255
2235    0.000000    0.000000  354.082608    0.475101   -0.207471    0.000   0.0000   700.0   270.0   1.31054   0.85138
2236    0.000000    0.000000  353.957061    0.473659   -0.208588    0.000   0.0000   700.0   270.0   1.30865   0.85022
2237    0.000000    0.000000  353.832709    0.472230   -0.209673    0.000   0.0000   700.0   270.0   1.30677   0.84906
2238    0.000000    0.000000  353.709532    0.470813   -0.210725    0.000   0.0000   700.0   270.0   1.30491   0.84792
2239    0.000000    0.000000  353.587509    0.469408   -0.211747    0.000   0.0000   700.0   270.0   1.30307   0.84679
2240    0.000000    0.000000  353.466619    0.468014   -0.212737    0.000   0.0000   700.0   270.0   1.30125   0.84567
2241    0.000000    0.000000  353.346843    0.466632   -0.213697    0.000   0.0000   700.0   270.0   1.29944   0.84456
2242    0.000000    0.000000  353.228162    0.465261   -0.214628    0.000   0.0000   700.0   270.0   1.29764   0.84346
2243    0.000000    0.000000  353.110556    0.463901   -0.215530    0.000   0.0000   700.0   270.0   1.29587   0.84237
2244    0.000000    0.000000  352.994008    0.462551   -0.216404    0.000   0.0000   700.0   270.0   1.29410   0.84129
2245    0.000000    0.000000  352.878498    0.461212   -0.217250    0.000   0.0000   700.0   270.0   1.29236   0.84021
2246    0.000000    0.000000  352.764010    0.459883   -0.218069    0.000   0.0000   700.0   270.0   1.29062   0.83915
2247    0.000000    0.000000  352.650526    0.458564   -0.218861    0.000   0.0000   700.0   270.0   1.28891   0.83809
2248    0.000000    0.000000  352.538028    0.457256   -0.219628    0.000   0.0000   700.0   270.0   1.28720   0.83705
2249    0.000000    0.000000  352.426499    0.455957   -0.220369    0.000   0.0000   700.0   270.0   1.28551   0.83601
2250    0.000000    0.000000  352.315924    0.454667   -0.221085    0.000   0.0000   700.0   270.0   1.28384   0.83498
2251    0.000000    0.000000  352.206287    0.453387   -0.221776    0.000   0.0000   700.0   270.0   1.28218   0.83396
2252    0.000000    0.000000  352.097570    0.452116   -0.222444    0.000   0.0000   700.0   270.0   1.28053   0.83295
2253    0.000000    0.000000  351.989760    0.450855   -0.223088    0.000   0.0000   700.0   270.0   1.27890   0.83195
2254    0.000000    0.000000  351.882841    0.449602   -0.223709    0.000   0.0000   700.0   270.0   1.27727   0.83095
2255    0.000000    0.000000  351.776797    0.448358   -0.224308    0.000   0.0000   700.0   270.0   1.27567   0.82996
2256    0.000000    0.000000  351.671615    0.447122   -0.224884    0.000   0.0000   700.0   270.0   1.27407   0.82898
2257    0.000000    0.000000  351.567280    0.445895   -0.225440    0.000   0.0000   700.0   270.0   1.27248   0.82801
2258    0.000000    0.000000  351.463778    0.444677   -0.225974    0.000   0.0000   700.0   270.0   1.27091   0.82705
2259    0.000000    0.000000  351.361095    0.443466   -0.226487    0.000   0.0000   700.0   270.0   1.26935   0.82609
2260    0.000000    0.000000  351.259219    0.442263   -0.226980    0.000   0.0000   700.0   270.0   1.26781   0.82514
2261    0.000000    0.000000  351.158135    0.441068   -0.227453    0.000   0.0000   700.0   270.0   1.26627   0.82419
2262    0.000000    0.000000  351.057831    0.439881   -0.227907    0.000   0.0000   700.0   270.0   1.26474   0.82326
2263    0.000000    0.000000  350.958294    0.438702   -0.228342    0.000   0.0000   700.0   270.0   1.26323   0.82233
2264    0.000000    0.000000  350.859512    0.437529   -0.228758    0.000   0.0000   700.0   270.0   1.26173   0.82141
2265    0.000000    0.000000  350.761473    0.436365   -0.229156    0.000   0.0000   700.0   270.0   1.26024   0.82049
2266    0.000000    0.000000  350.664164    0.435207   -0.229536    0.000   0.0000   700.0   270.0   1.25875   0.81959
2267    0.000000    0.000000  350.567574    0.434056   -0.229899    0.000   0.0000   700.0   270.0   1.25728   0.81868
2268    0.000000    0.000000  350.471692    0.432913   -0.230244    0.000   0.0000   700.0   270.0   1.25582   0.81779
2269    0.000000    0.000000  350.376506    0.431776   -0.230573    0.000   0.0000   700.0   270.0   1.25437   0.81690
2270    0.000000    0.000000  350.282005    0.430646   -0.230885    0.000   0.0000   700.0   270.0   1.25293   0.81602
2271    0.000000    0.000000  350.188179    0.429522   -0.231181    0.000   0.0000   700.0   270.0   1.25150   0.81514
2272    0.000000    0.000000  350.095017    0.428405   -0.231461    0.000   0.0000   700.0   270.0   1.25008   0.81427
2273    0.000000    0.000000  350.002508    0.427294   -0.231726    0.000   0.0000   700.0   270.0   1.24867   0.81341
2274    0.000000    0.000000  349.910643    0.426190   -0.231976    0.000   0.0000   700.0   270.0   1.24727   0.81255
2275    0.000000    0.000000  349.819411    0.425091   -0.232211    0.000   0.0000   700.0   270.0   1.24588   0.81169
2276    0.000000    0.000000  349.728803    0.423999   -0.232431    0.000   0.0000   700.0   270.0   1.24450   0.81085
2277    0.000000    0.000000  349.638808    0.422913   -0.232637    0.000   0.0000   700.0   270.0   1.24312   0.81001
2278    0.000000    0.000000  349.549419    0.421832   -0.232830    0.000   0.0000   700.0   270.0   1.24176   0.80917
2279    0.000000    0.000000  349.460624    0.420757   -0.233008    0.000   0.0000   700.0   270.0   1.24040   0.80834
2280    0.000000    0.000000  349.372416    0.419688   -0.233174    0.000   0.0000   700.0   270.0   1.23906   0.80752
2281    0.000000    0.000000  349.284786    0.418625   -0.233326    0.000   0.0000   700.0   270.0   1.23772   0.80670
2282    0.000000    0.000000  349.197724    0.417567   -0.233465    0.000   0.0000   700.0   270.0   1.23639   0.80588
2283    0.000000    0.000000  349.111222    0.416514   -0.233592    0.000   0.0000   700.0   270.0   1.23506   0.80507
2284    0.000000    0.000000  349.025273    0.415466   -0.233707    0.000   0.0000   700.0   270.0   1.23375   0.80427
2285    0.000000    0.000000  348.939867    0.414424   -0.233810    0.000   0.0000   700.0   270.0   1.23244   0.80347
2286    0.000000    0.000000  348.854996    0.413387   -0.233901    0.000   0.0000   700.0   270.0   1.23114   0.80268
2287    0.000000    0.000000  348.770654    0.412355   -0.233980    0.000   0.0000   700.0   270.0   1.22985   0.80189
2288    0.000000    0.000000  348.686831    0.411328   -0.234048    0.000   0.0000   700.0   270.0   1.22857   0.80110
2289    0.000000    0.000000  348.603521    0.410306   -0.234105    0.000   0.0000   700.0   270.0   1.22729   0.80032
2290    0.000000    0.000000  348.520716    0.409289   -0.234152    0.000   0.0000   700.0   270.0   1.22603   0.79955
2291    0.000000    0.000000  348.438409    0.408276   -0.234188    0.000   0.0000   700.0   270.0   1.22477   0.79878
2292    0.000000    0.000000  348.356592    0.407268   -0.234213    0.000   0.0000   700.0   270.0   1.22351   0.79801
2293    0.000000    0.000000  348.275259    0.406265   -0.234228    0.000   0.0000   700.0   270.0   1.22227   0.79725
2294    0.000000    0.000000  348.194403    0.405266   -0.234234    0.000   0.0000   700.0   270.0   1.22103   0.79649
2295    0.000000    0.000000  348.114016    0.404272   -0.234229    0.000   0.0000   700.0   270.0   1.21979   0.79574
2296    0.000000    0.000000  348.034093    0.403282   -0.234215    0.000   0.0000   700.0   270.0   1.21857   0.79499
2297    0.000000    0.000000  347.954627    0.402296   -0.234192    0.000   0.0000   700.0   270.0   1.21735   0.79425
2298    0.000000    0.000000  347.875611    0.401315   -0.234160    0.000   0.0000   700.0   270.0   1.21614   0.79351
2299    0.000000    0.000000  347.797040    0.400338   -0.234119    0.000   0.0000   700.0   270.0   1.21493   0.79277
2300    0.000000    0.000000  347.718907    0.399365   -0.234069    0.000   0.0000   700.0   270.0   1.21373   0.79204
2301    0.000000    0.000000  347.641205    0.398396   -0.234010    0.000   0.0000   700.0   270.0   1.21254   0.79131
2302    0.000000    0.000000  347.563930    0.397431   -0.233943    0.000   0.0000   700.0   270.0   1.21135   0.79059
2303    0.000000    0.000000  347.487075    0.396470   -0.233868    0.000   0.0000   700.0   270.0   1.21017   0.78987
2304    0.000000    0.000000  347.410635    0.395513   -0.233785    0.000   0.0000   700.0   270.0   1.20900   0.78915
2305    0.000000    0.000000  347.334605    0.394560   -0.233695    0.000   0.0000   700.0   270.0   1.20783   0.78844
2306    0.000000    0.000000  347.258978    0.393611   -0.233596    0.000   0.0000   700.0   270.0   1.20667   0.78773
2307    0.000000    0.000000  347.183749    0.392665   -0.233490    0.000   0.0000   700.0   270.0   1.20551   0.78703
2308    0.000000    0.000000  347.108913    0.391723   -0.233377    0.000   0.0000   700.0   270.0   1.20436   0.78633
2309    0.000000    0.000000  347.034466    0.390785   -0.233256    0.000   0.0000   700.0   270.0   1.20321   0.78563
2310    0.000000    0.000000  346.960401    0.389851   -0.233129    0.000   0.0000   700.0   270.0   1.20207   0.78494
2311    0.000000    0.000000  346.886714    0.388920   -0.232994    0.000   0.0000   700.0   270.0   1.20094   0.78425
2312    0.000000    0.000000  346.813401    0.387992   -0.232853    0.000   0.0000   700.0   270.0   1.19981   0.78356
2313    0.000000    0.000000  346.740455    0.387068   -0.232705    0.000   0.0000   700.0   270.0   1.19869   0.78288
2314    0.000000    0.000000  346.667873    0.386147   -0.232551    0.000   0.0000   700.0   270.0   1.19757   0.78220
2315    0.000000    0.000000  346.595651    0.385230   -0.232391    0.000   0.0000   700.0   270.0   1.19646   0.78152
2316    0.000000    0.000000  346.523782    0.384316   -0.232224    0.000   0.0000   700.0   270.0   1.19535   0.78084
2317    0.000000    0.000000  346.452264    0.383406   -0.232051    0.000   0.0000   700.0   270.0   1.19425   0.78017
2318    0.000000    0.000000  346.381091    0.382498   -0.231873    0.000   0.0000   700.0   270.0   1.19315   0.77951
2319    0.000000    0.000000  346.310260    0.381594   -0.231688    0.000   0.0000   700.0   270.0   1.19206   0.77884
2320    0.000000    0.000000  346.239766    0.380693   -0.231498    0.000   0.0000   700.0   270.0   1.19098   0.77818
2321    0.000000    0.000000  346.169606    0.379795   -0.231303    0.000   0.0000   700.0   270.0   1.18989   0.77752
2322    0.000000    0.000000  346.099774    0.378900   -0.231102    0.000   0.0000   700.0   270.0   1.18882   0.77687
2323    0.000000    0.000000  346.030267    0.378008   -0.230896    0.000   0.0000   700.0   270.0   1.18775   0.77622
2324    0.000000    0.000000  345.961082    0.377120   -0.230685    0.000   0.0000   700.0   270.0   1.18668   0.77557
2325    0.000000    0.000000  345.892214    0.376234   -0.230468    0.000   0.0000   700.0   270.0   1.18562   0.77492
2326    0.000000    0.000000  345.823660    0.375351   -0.230247    0.000   0.0000   700.0   270.0   1.18456   0.77428
2327    0.000000    0.000000  345.755416    0.374471   -0.230021    0.000   0.0000   700.0   270.0   1.18350   0.77364
2328    0.000000    0.000000  345.687478    0.373594   -0.229790    0.000   0.0000   700.0   270.0   1.18245   0.77300
2329    0.000000    0.000000  345.619843    0.372720   -0.229555    0.000   0.0000   700.0   270.0   1.18141   0.77237
2330    0.000000    0.000000  345.552508    0.371849   -0.229315    0.000   0.0000   700.0   270.0   1.18037   0.77174
2331    0.000000    0.000000  345.485468    0.370980   -0.229071    0.000   0.0000   700.0   270.0   1.17933   0.77111
2332    0.000000    0.000000  345.418721    0.370114   -0.228822    0.000   0.0000   700.0   270.0   1.17830   0.77048
2333    0.000000    0.000000  345.352264    0.369251   -0.228570    0.000   0.0000   700.0   270.0   1.17728   0.76986
2334    0.000000    0.000000  345.286092    0.368391   -0.228313    0.000   0.0000   700.0   270.0   1.17625   0.76924
2335    0.000000    0.000000  345.220204    0.367533   -0.228052    0.000   0.0000   700.0   270.0   1.17523   0.76862
2336    0.000000    0.000000  345.154595    0.366678   -0.227787    0.000   0.0000   700.0   270.0   1.17422   0.76800
2337    0.000000    0.000000  345.089263    0.365826   -0.227519    0.000   0.0000   700.0   270.0   1.17321   0.76739
2338    0.000000    0.000000  345.024205    0.364976   -0.227247    0.000   0.0000   700.0   270.0   1.17220   0.76678
2339    0.000000    0.000000  344.959417    0.364128   -0.226971    0.000   0.0000   700.0   270.0   1.17120   0.76617
2340    0.000000    0.000000  344.894898    0.363284   -0.226691    0.000   0.0000   700.0   270.0   1.17020   0.76556
2341    0.000000    0.000000  344.830643    0.362441   -0.226408    0.000   0.0000   700.0   270.0   1.16921   0.76496
2342    0.000000    0.000000  344.766651    0.361602   -0.226122    0.000   0.0000   700.0   270.0   1.16822   0.76436
2343    0.000000    0.000000  344.702918    0.360764   -0.225832    0.000   0.0000   700.0   270.0   1.16723   0.76376
2344    0.000000    0.000000  344.639442    0.359929   -0.225539    0.000   0.0000   700.0   270.0   1.16625   0.76316
2345    0.000000    0.000000  344.576221    0.359097   -0.225243    0.000   0.0000   700.0   270.0   1.16527   0.76257
2346    0.000000    0.000000  344.513251    0.358267   -0.224944    0.000   0.0000   700.0   270.0   1.16429   0.76198
2347    0.000000    0.000000  344.450530    0.357439   -0.224642    0.000   0.0000   700.0   270.0   1.16332   0.76139
2348    0.000000    0.000000  344.388055    0.356614   -0.224337    0.000   0.0000   700.0   270.0   1.16235   0.76080
2349    0.000000    0.000000  344.325825    0.355791   -0.224029    0.000   0.0000   700.0   270.0   1.16139   0.76021
2350    0.000000    0.000000  344.263836    0.354970   -0.223719    0.000   0.0000   700.0   270.0   1.16043   0.75963
2351    0.000000    0.000000  344.202086    0.354152   -0.223405    0.000   0.0000   700.0   270.0   1.15947   0.75905
2352    0.000000    0.000000  344.140574    0.353335   -0.223089    0.000   0.0000   700.0   270.0   1.15851   0.75847
2353    0.000000    0.000000  344.079296    0.352521   -0.222771    0.000   0.0000   700.0   270.0   1.15756   0.75790
2354    0.000000    0.000000  344.018250    0.351710   -0.222450    0.000   0.0000   700.0   270.0   1.15662   0.75732
2355    0.000000    0.000000  343.957434    0.350900   -0.222126    0.000   0.0000   700.0   270.0   1.15567   0.75675
2356    0.000000    0.000000  343.896847    0.350093   -0.221800    0.000   0.0000   700.0   270.0   1.15473   0.75618
2357    0.000000    0.000000  343.836485    0.349288   -0.221472    0.000   0.0000   700.0   270.0   1.15380   0.75561
2358    0.000000    0.000000  343.776347    0.348485   -0.221141    0.000   0.0000   700.0   270.0   1.15286   0.75505
2359    0.000000    0.000000  343.716431    0.347684   -0.220809    0.000   0.0000   700.0   270.0   1.15193   0.75448
2360    0.000000    0.000000  343.656734    0.346885   -0.220474    0.000   0.0000   700.0   270.0   1.15100   0.75392
2361    0.000000    0.000000  343.597255    0.346089   -0.220137    0.000   0.0000   700.0   270.0   1.15008   0.75336
2362    0.000000    0.000000  343.537991    0.345294   -0.219798    0.000   0.0000   700.0   270.0   1.14916   0.75280
2363    0.000000    0.000000  343.478942    0.344502   -0.219457    0.000   0.0000   700.0   270.0   1.14824   0.75224
2364    0.000000    0.000000  343.420104    0.343712   -0.219114    0.000   0.0000   700.0   270.0   1.14733   0.75169
2365    0.000000    0.000000  343.361476    0.342923   -0.218769    0.000   0.0000   700.0   270.0   1.14642   0.75114
2366    0.000000    0.000000  343.303056    0.342137   -0.218422    0.000   0.0000   700.0   270.0   1.14551   0.75059
2367    0.000000    0.000000  343.244842    0.341353   -0.218074    0.000   0.0000   700.0   270.0   1.14460   0.75004
2368    0.000000    0.000000  343.186833    0.340570   -0.217724    0.000   0.0000   700.0   270.0   1.14370   0.74949
2369    0.000000    0.000000  343.129027    0.339790   -0.217372    0.000   0.0000   700.0   270.0   1.14280   0.74895
2370    0.000000    0.000000  343.071422    0.339012   -0.217018    0.000   0.0000   700.0   270.0   1.14191   0.74840
2371    0.000000    0.000000  343.014017    0.338236   -0.216663    0.000   0.0000   700.0   270.0   1.14101   0.74786
2372    0.000000    0.000000  342.956809    0.337461   -0.216307    0.000   0.0000   700.0   270.0   1.14012   0.74732
2373    0.000000    0.000000  342.899797    0.336689   -0.215949    0.000   0.0000   700.0   270.0   1.13923   0.74678
2374    0.000000    0.000000  342.842980    0.335918   -0.215589    0.000   0.0000   700.0   270.0   1.13835   0.74625
2375    0.000000    0.000000  342.786356    0.335150   -0.215228    0.000   0.0000   700.0   270.0   1.13747   0.74571
2376    0.000000    0.000000  342.729923    0.334383   -0.214866    0.000   0.0000   700.0   270.0   1.13659   0.74518
2377    0.000000    0.000000  342.673680    0.333618   -0.214502    0.000   0.0000   700.0   270.0   1.13571   0.74465
2378    0.000000    0.000000  342.617625    0.332855   -0.214137    0.000   0.0000   700.0   270.0   1.13484   0.74412
2379    0.000000    0.000000  342.561758    0.332094   -0.213771    0.000   0.0000   700.0   270.0   1.13397   0.74359
2380    0.000000    0.000000  342.506075    0.331335   -0.213404    0.000   0.0000   700.0   270.0   1.13310   0.74307
2381    0.000000    0.000000  342.450577    0.330577   -0.213035    0.000   0.0000   700.0   270.0   1.13224   0.74254
2382    0.000000    0.000000  342.395261    0.329822   -0.212666    0.000   0.0000   700.0   270.0   1.13137   0.74202
2383    0.000000    0.000000  342.340127    0.329068   -0.212295    0.000   0.0000   700.0   270.0   1.13051   0.74150
2384    0.000000    0.000000  342.285172    0.328316   -0.211923    0.000   0.0000   700.0   270.0   1.12966   0.74098
2385    0.000000    0.000000  342.230396    0.327566   -0.211550    0.000   0.0000   700.0   270.0   1.12880   0.74046
2386    0.000000    0.000000  342.175797    0.326818   -0.211176    0.000   0.0000   700.0   270.0   1.12795   0.73994
2387    0.000000    0.000000  342.121374    0.326071   -0.210802    0.000   0.0000   700.0   270.0   1.12710   0.73943
2388    0.000000    0.000000  342.067126    0.325326   -0.210426    0.000   0.0000   700.0   270.0   1.12626   0.73892
2389    0.000000    0.000000  342.013051    0.324583   -0.210049    0.000   0.0000   700.0   270.0   1.12541   0.73840
2390    0.000000    0.000000  341.959148    0.323842   -0.209672    0.000   0.0000   700.0   270.0   1.12457   0.73789
2391    0.000000    0.000000  341.905416    0.323102   -0.209294    0.000   0.0000   700.0   270.0   1.12373   0.73739
2392    0.000000    0.000000  341.851854    0.322365   -0.208915    0.000   0.0000   700.0   270.0   1.12290   0.73688
2393    0.000000    0.000000  341.798460    0.321629   -0.208535    0.000   0.0000   700.0   270.0   1.12206   0.73637
2394    0.000000    0.000000  341.745233    0.320894   -0.208154    0.000   0.0000   700.0   270.0   1.12123   0.73587
2395    0.000000    0.000000  341.692173    0.320162   -0.207773    0.000   0.0000   700.0   270.0   1.12040   0.73537
2396    0.000000    0.000000  341.639278    0.319431   -0.207391    0.000   0.0000   700.0   270.0   1.11958   0.73486
2397    0.000000    0.000000  341.586547    0.318701   -0.207009    0.000   0.0000   700.0   270.0   1.11875   0.73437
2398    0.000000    0.000000  341.533979    0.317974   -0.206626    0.000   0.0000   700.0   270.0   1.11793   0.73387
2399    0.000000    0.000000  341.481572    0.317248   -0.206242    0.000   0.0000   700.0   270.0   1.11711   0.73337
2400    0.000000    0.000000  341.429326    0.316524   -0.205858    0.000   0.0000   700.0   270.0   1.11629   0.73287
2401    0.000000    0.000000  341.377240    0.315801   -0.205473    0.000   0.0000   700.0   270.0   1.11548   0.73238
2402    0.000000    0.000000  341.325313    0.315080   -0.205087    0.000   0.0000   700.0   270.0   1.11467   0.73189
2403    0.000000    0.000000  341.273543    0.314361   -0.204701    0.000   0.0000   700.0   270.0   1.11386   0.73140
2404    0.000000    0.000000  341.221930    0.313644   -0.204315    0.000   0.0000   700.0   270.0   1.11305   0.73091
2405    0.000000    0.000000  341.170473    0.312928   -0.203928    0.000   0.0000   700.0   270.0   1.11225   0.73042
2406    0.000000    0.000000  341.119170    0.312213   -0.203541    0.000   0.0000   700.0   270.0   1.11144   0.72993
2407    0.000000    0.000000  341.068021    0.311501   -0.203154    0.000   0.0000   700.0   270.0   1.11064   0.72944
2408    0.000000    0.000000  341.017025    0.310790   -0.202766    0.000   0.0000   700.0   270.0   1.10984   0.72896
2409    0.000000    0.000000  340.966180    0.310080   -0.202377    0.000   0.0000   700.0   270.0   1.10905   0.72848
2410    0.000000    0.000000  340.915487    0.309372   -0.201989    0.000   0.0000   700.0   270.0   1.10825   0.72799
2411    0.000000    0.000000  340.864943    0.308666   -0.201600    0.000   0.0000   700.0   270.0   1.10746   0.72751
2412    0.000000    0.000000  340.814549    0.307961   -0.201211    0.000   0.0000   700.0   270.0   1.10667   0.72703
2413    0.000000    0.000000  340.764303    0.307258   -0.200821    0.000   0.0000   700.0   270.0   1.10589   0.72656
2414    0.000000    0.000000  340.714204    0.306557   -0.200431    0.000   0.0000   700.0   270.0   1.10510   0.72608
2415    0.000000    0.000000  340.664252    0.305857   -0.200041    0.000   0.0000   700.0   270.0   1.10432   0.72560
2416    0.000000    0.000000  340.614446    0.305158   -0.199651    0.000   0.0000   700.0   270.0   1.10354   0.72513
2417    0.000000    0.000000  340.564784    0.304462   -0.199261    0.000   0.0000   700.0   270.0   1.10276   0.72466
2418    0.000000    0.000000  340.515267    0.303766   -0.198870    0.000   0.0000   700.0   270.0   1.10198   0.72419
2419    0.000000    0.000000  340.465893    0.303073   -0.198480    0.000   0.0000   700.0   270.0   1.10121   0.72372
2420    0.000000    0.000000  340.416661    0.302380   -0.198089    0.000   0.0000   700.0   270.0   1.10044   0.72325
2421    0.000000    0.000000  340.367571    0.301690   -0.197698    0.000   0.0000   700.0   270.0   1.09967   0.72278
2422    0.000000    0.000000  340.318621    0.301001   -0.197307    0.000   0.0000   700.0   270.0   1.09890   0.72231
2423    0.000000    0.000000  340.269812    0.300313   -0.196916    0.000   0.0000   700.0   270.0   1.09813   0.72185
2424    0.000000    0.000000  340.221142    0.299627   -0.196525    0.000   0.0000   700.0   270.0   1.09737   0.72138
2425    0.000000    0.000000  340.172611    0.298943   -0.196133    0.000   0.0000   700.0   270.0   1.09661   0.72092
2426    0.000000    0.000000  340.124218    0.298260   -0.195742    0.000   0.0000   700.0   270.0   1.09585   0.72046
2427    0.000000    0.000000  340.075962    0.297578   -0.195351    0.000   0.0000   700.0   270.0   1.09509   0.72000
2428    0.000000    0.000000  340.027842    0.296898   -0.194960    0.000   0.0000   700.0   270.0   1.09434   0.71954
2429    0.000000    0.000000  339.979858    0.296220   -0.194568    0.000   0.0000   700.0   270.0   1.09358   0.71908
2430    0.000000    0.000000  339.932009    0.295543   -0.194177    0.000   0.0000   700.0   270.0   1.09283   0.71862
2431    0.000000    0.000000  339.884294    0.294867   -0.193786    0.000   0.0000   700.0   270.0   1.09208   0.71817
2432    0.000000    0.000000  339.836713    0.294193   -0.193395    0.000   0.0000   700.0   270.0   1.09134   0.71771
2433    0.000000    0.000000  339.789265    0.293521   -0.193004    0.000   0.0000   700.0   270.0   1.09059   0.71726
2434    0.000000    0.000000  339.741950    0.292850   -0.192613    0.000   0.0000   700.0   270.0   1.08985   0.71681
2435    0.000000    0.000000  339.694766    0.292180   -0.192222    0.000   0.0000   700.0   270.0   1.08911   0.71636
2436    0.000000    0.000000  339.647713    0.291512   -0.191831    0.000   0.0000   700.0   270.0   1.08837   0.71591
2437    0.000000    0.000000  339.600790    0.290845   -0.191440    0.000   0.0000   700.0   270.0   1.08763   0.71546
2438    0.000000    0.000000  339.553997    0.290180   -0.191049    0.000   0.0000   700.0   270.0   1.08689   0.71501
2439    0.000000    0.000000  339.507334    0.289517   -0.190659    0.000   0.0000   700.0   270.0   1.08616   0.71456
2440    0.000000    0.000000  339.460798    0.288854   -0.190269    0.000   0.0000   700.0   270.0   1.08543   0.71412
2441    0.000000    0.000000  339.414391    0.288193   -0.189879    0.000   0.0000   700.0   270.0   1.08470   0.71367
2442    0.000000    0.000000  339.368111    0.287534   -0.189489    0.000   0.0000   700.0   270.0   1.08397   0.71323
2443    0.000000    0.000000  339.321958    0.286876   -0.189099    0.000   0.0000   700.0   270.0   1.08324   0.71279
2444    0.000000    0.000000  339.275930    0.286220   -0.188709    0.000   0.0000   700.0   270.0   1.08252   0.71234
2445    0.000000    0.000000  339.230029    0.285565   -0.188320    0.000   0.0000   700.0   270.0   1.08180   0.71190
2446    0.000000    0.000000  339.184252    0.284911   -0.187931    0.000   0.0000   700.0   270.0   1.08108   0.71147
2447    0.000000    0.000000  339.138600    0.284259   -0.187542    0.000   0.0000   700.0   270.0   1.08036   0.71103
2448    0.000000    0.000000  339.093071    0.283608   -0.187153    0.000   0.0000   700.0   270.0   1.07964   0.71059
2449    0.000000    0.000000  339.047666    0.282959   -0.186765    0.000   0.0000   700.0   270.0   1.07893   0.71016
2450    0.000000    0.000000  339.002383    0.282311   -0.186377    0.000   0.0000   700.0   270.0   1.07821   0.70972
2451    0.000000    0.000000  338.957223    0.281664   -0.185989    0.000   0.0000   700.0   270.0   1.07750   0.70929
2452    0.000000    0.000000  338.912185    0.281019   -0.185601    0.000   0.0000   700.0   270.0   1.07679   0.70885
2453    0.000000    0.000000  338.867267    0.280376   -0.185214    0.000   0.0000   700.0   270.0   1.07609   0.70842
2454    0.000000    0.000000  338.822470    0.279733   -0.184827    0.000   0.0000   700.0   270.0   1.07538   0.70799
2455    0.000000    0.000000  338.777793    0.279092   -0.184440    0.000   0.0000   700.0   270.0   1.07468   0.70756
2456    0.000000    0.000000  338.733236    0.278453   -0.184054    0.000   0.0000   700.0   270.0   1.07398   0.70713
2457    0.000000    0.000000  338.688798    0.277815   -0.183668    0.000   0.0000   700.0   270.0   1.07327   0.70671
2458    0.000000    0.000000  338.644478    0.277178   -0.183282    0.000   0.0000   700.0   270.0   1.07258   0.70628
2459    0.000000    0.000000  338.600276    0.276543   -0.182897    0.000   0.0000   700.0   270.0   1.07188   0.70585
2460    0.000000    0.000000  338.556192    0.275909   -0.182512    0.000   0.0000   700.0   270.0   1.07118   0.70543
2461    0.000000    0.000000  338.512225    0.275276   -0.182127    0.000   0.0000   700.0   270.0   1.07049   0.70501
2462    0.000000    0.000000  338.468375    0.274645   -0.181743    0.000   0.0000   700.0   270.0   1.06980   0.70458
2463    0.000000    0.000000  338.424641    0.274015   -0.181359    0.000   0.0000   700.0   270.0   1.06911   0.70416
2464    0.000000    0.000000  338.381022    0.273387   -0.180975    0.000   0.0000   700.0   270.0   1.06842   0.70374
2465    0.000000    0.000000  338.337519    0.272760   -0.180592    0.000   0.0000   700.0   270.0   1.06774   0.70332
2466    0.000000    0.000000  338.294130    0.272134   -0.180209    0.000   0.0000   700.0   270.0   1.06705   0.70291
2467    0.000000    0.000000  338.250856    0.271509   -0.179827    0.000   0.0000   700.0   270.0   1.06637   0.70249
2468    0.000000    0.000000  338.207695    0.270886   -0.179445    0.000   0.0000   700.0   270.0   1.06569   0.70207
2469    0.000000    0.000000  338.164648    0.270265   -0.179063    0.000   0.0000   700.0   270.0   1.06501   0.70166
2470    0.000000    0.000000  338.121713    0.269644   -0.178682    0.000   0.0000   700.0   270.0   1.06433   0.70124
2471    0.000000    0.000000  338.078892    0.269026   -0.178301    0.000   0.0000   700.0   270.0   1.06365   0.70083
2472    0.000000    0.000000  338.036182    0.268408   -0.177920    0.000   0.0000   700.0   270.0   1.06298   0.70042
2473    0.000000    0.000000  337.993584    0.267792   -0.177541    0.000   0.0000   700.0   270.0   1.06231   0.70000
2474    0.000000    0.000000  337.951096    0.267177   -0.177161    0.000   0.0000   700.0   270.0   1.06164   0.69959
2475    0.000000    0.000000  337.908720    0.266563   -0.176782    0.000   0.0000   700.0   270.0   1.06097   0.69918
2476    0.000000    0.000000  337.866454    0.265951   -0.176403    0.000   0.0000   700.0   270.0   1.06030   0.69878
2477    0.000000    0.000000  337.824298    0.265340   -0.176025    0.000   0.0000   700.0   270.0   1.05963   0.69837
2478    0.000000    0.000000  337.782252    0.264730   -0.175648    0.000   0.0000   700.0   270.0   1.05897   0.69796
2479    0.000000    0.000000  337.740315    0.264122   -0.175270    0.000   0.0000   700.0   270.0   1.05831   0.69756
2480    0.000000    0.000000  337.698486    0.263515   -0.174894    0.000   0.0000   700.0   270.0   1.05764   0.69715
2481    0.000000    0.000000  337.656766    0.262910   -0.174517    0.000   0.0000   700.0   270.0   1.05698   0.69675
2482    0.000000    0.000000  337.615153    0.262305   -0.174141    0.000   0.0000   700.0   270.0   1.05633   0.69634
2483    0.000000    0.000000  337.573648    0.261702   -0.173766    0.000   0.0000   700.0   270.0   1.05567   0.69594
2484    0.000000    0.000000  337.532250    0.261101   -0.173391    0.000   0.0000   700.0   270.0   1.05502   0.69554
2485    0.000000    0.000000  337.490959    0.260500   -0.173017    0.000   0.0000   700.0   270.0   1.05436   0.69514
2486    0.000000    0.000000  337.449775    0.259901   -0.172643    0.000   0.0000   700.0   270.0   1.05371   0.69474
2487    0.000000    0.000000  337.408696    0.259303   -0.172270    0.000   0.0000   700.0   270.0   1.05306   0.69434
2488    0.000000    0.000000  337.367723    0.258707   -0.171897    0.000   0.0000   700.0   270.0   1.05241   0.69395
2489    0.000000    0.000000  337.326855    0.258112   -0.171525    0.000   0.0000   700.0   270.0   1.05177   0.69355
2490    0.000000    0.000000  337.286092    0.257518   -0.171153    0.000   0.0000   700.0   270.0   1.05112   0.69315
2491    0.000000    0.000000  337.245433    0.256925   -0.170782    0.000   0.0000   700.0   270.0   1.05048   0.69276
2492    0.000000    0.000000  337.204879    0.256334   -0.170411    0.000   0.0000   700.0   270.0   1.04984   0.69237
2493    0.000000    0.000000  337.164428    0.255744   -0.170041    0.000   0.0000   700.0   270.0   1.04920   0.69197
2494    0.000000    0.000000  337.124081    0.255155   -0.169671    0.000   0.0000   700.0   270.0   1.04856   0.69158
2495    0.000000    0.000000  337.083837    0.254568   -0.169302    0.000   0.0000   700.0   270.0   1.04792   0.69119
2496    0.000000    0.000000  337.043695    0.253982   -0.168933    0.000   0.0000   700.0   270.0   1.04728   0.69080
2497    0.000000    0.000000  337.003656    0.253397   -0.168565    0.000   0.0000   700.0   270.0   1.04665   0.69041
2498    0.000000    0.000000  336.963719    0.252814   -0.168197    0.000   0.0000   700.0   270.0   1.04602   0.69002
2499    0.000000    0.000000  336.923883    0.252231   -0.167830    0.000   0.0000   700.0   270.0   1.04539   0.68964
2500    0.000000    0.000000  336.884149    0.000000    0.000000    0.000   0.0000   700.0   270.0   1.04476   0.68925
