YEAR EMICO2FF EMICO2LU EMICH4ANT EMIN2OANT MISFOR UPCO2OCN UPCO2LND CONCO2 CONCH4 CONN2O TEMP
1750     0.00000000     0.00000000     0.00000000     0.00000000     0.00000000     0.00000000     0.00000000     0.00000000     8.32320000     2.34722222     4.25995617
1751     0.00000000     0.00000000     0.00000000     0.00000000     0.00000000     0.00003175     0.00000091     0.00000000     9.68000000     2.34722222     2.88533580
1752     0.00000000     0.00000000     0.00000000     0.00000000     0.00000000     0.00007143     0.00000365     0.01388889    10.95120000     2.34722222     2.25663210
1753     0.00000000     0.00000000     0.00000000     0.00000000     0.00000000     0.00019841     0.00001461     0.01388889    12.50000000     2.34722222     0.38232654
1754     0.00000000     0.00000000     0.00000000     0.00000000     0.00000000     0.00028571     0.00002283     0.05555556    13.93920000     2.53125000     1.93826173
1755     0.00000000     0.00000000     0.00000000     0.00000000     0.00000000     0.00050793     0.00003287     0.05555556    15.68000001     2.53125000     1.73600556
1756     0.00000000     0.00000000     0.00000000     0.00000000     0.00000000     0.00079364     0.00004474     0.12500000    17.52320001     2.53125000     2.76647469
1757     0.00000000     0.00000000     0.00000000     0.00000000     0.00000000     0.00096030     0.00005844     0.22222222    19.22000001     2.72222222     0.34445000
1758     0.00000000     0.00000000     0.00000000     0.00000000     0.00000000     0.00134125     0.00007396     0.22222222    21.25520001     2.72222222     0.22370617
1759     0.00000000     0.00000000     0.00000000     0.00000000     0.00000000     0.00178569     0.00011048     0.34722222    23.12000001     2.72222222     0.36789136
1760     0.00000000     0.00000000     0.00000000     0.00000000     0.00000000     0.00203171     0.00013148     0.50000000    25.34720001     2.72222222     0.12611358
1761     0.00000000     0.00000000     0.00000000     0.00000000     0.00000000     0.00257139     0.00015431     0.68055556    27.38000001     2.92013889     0.22370617
1762     0.00000000     0.00000000     0.00000000     0.00000000     0.00000000     0.00286503     0.00017896     0.88888889    29.49120001     2.92013889     0.10733889
1763     0.00000000     0.00000000     0.00000000     0.00000000     0.00000000     0.00349994     0.00020544     0.88888889    32.00000001     2.92013889     0.28291914
1764     0.00000000     0.00000000     0.00000000     0.00000000     0.00000000     0.00419835     0.00023375     1.12500000    34.27920002     2.92013889     0.73608889
1765     0.00000000     0.00000000     0.00000000     0.00000000     0.00000000     0.00457136     0.00029584     1.38888889    36.63680002     3.12500000     0.13752099
1766     0.00000000     0.00000000     0.00000000     0.00000000     0.00000000     0.00536499     0.00032962     1.68055556    39.07280002     3.12500000     0.04400556
1767     0.00000000     0.00000000     0.00000000     0.00000000     0.00000000     0.00622212     0.00036523     2.00000000    41.58720002     3.12500000     0.15555802
1768     0.00000000     0.00000000     0.00000000     0.00000000     0.00000000     0.00667450     0.00040267     2.72222222    44.55680002     3.12500000     0.17800556
1769     0.00000000     0.00000000     0.00000000     0.00000000     0.00000000     0.00762686     0.00044193     3.12500000    47.23920002     3.33680556     1.97121543
1770     0.00000000     0.00000000     0.00000000     0.00000000     0.00000000     0.00812686     0.00048302     3.55555556    50.00000002     3.33680556     0.74963210
1771     0.00000000     0.00000000     0.00000000     0.00000000     0.00000000     0.00917446     0.00057067     4.01388889    52.42880002     3.33680556     0.18133580
1772     0.00000000     0.00000000     0.00000000     0.00000000     0.00000000     0.01028555     0.00061724     5.01388889    54.49680002     3.33680556     0.04943765
1773     0.00000000     0.00000000     0.00000000     0.00000000     0.00000000     0.01086491     0.00066563     5.55555556    57.03120002     3.33680556     0.00654877
1774     0.00000000     0.00000000     0.00000000     0.00000000     0.00000000     0.01207124     0.00071585     6.72222222    59.62320002     3.55555556     0.10992840
1775     0.00000000     0.00000000     0.00000000     0.00000000     0.00000000     0.01269821     0.00076790     7.34722222    62.27280003     3.55555556     0.00067222
1776     0.00000000     0.00000000     0.00000000     0.00000000     0.00000000     0.01399978     0.00082177     8.68055556    64.52480003     3.55555556     0.00108889
1777     0.00000000     0.00000000     0.00000000     0.00000000     0.00000000     0.01536484     0.00093499     9.38888889    67.28000003     3.55555556     2.08306728
1778     0.00000000     0.00000000     0.00000000     0.00000000     0.00000000     0.01607117     0.00099434    10.88888889    70.09280003     3.78125000     1.23070617
1779     0.00000000     0.00000000     0.00000000     0.00000000     0.00000000     0.01753147     0.00105551    11.68055556    72.48080003     3.78125000     0.83348395
1780     0.00000000     0.00000000     0.00000000     0.00000000     0.00000000     0.01905525     0.00111852    13.34722222    75.39920003     3.78125000     1.53514136
1781     0.00000000     0.00000000     0.00000000     0.00000000     0.00000000     0.01984095     0.00118335    14.22222222    77.37680003     3.78125000     2.93896543
1782     0.00000000     0.00000000     0.00000000     0.00000000     0.00000000     0.02145998     0.00125000    16.05555556    79.38000003     3.78125000     1.90558580
1783     0.00000000     0.00000000     0.00000000     0.00000000     0.00000000     0.02229330     0.00138879    17.01388889    81.92000003     4.01388889     0.84789136
1784     0.00000000     0.00000000     0.00000000     0.00000000     0.00000000     0.02400756     0.00146092    19.01388889    83.98080003     4.01388889     4.74320000
1785     0.00000000     0.00000000     0.00000000     0.00000000     0.00000000     0.02578530     0.00153488    20.05555556    86.06720003     4.01388889     2.54878025
1786     0.00000000     0.00000000     0.00000000     0.00000000     0.00000000     0.02669799     0.00161066    22.22222222    88.17920003     4.01388889     0.02906728
1787     0.00000000     0.00000000     0.00000000     0.00000000     0.00000000     0.02857098     0.00168828    23.34722222    90.31680003     4.01388889     2.99308889
1788     0.00000000     0.00000000     0.00000000     0.00000000     0.00000000     0.02953128     0.00176771    25.68055556    93.02480003     4.25347222     0.85514136
1789     0.00000000     0.00000000     0.00000000     0.00000000     0.00000000     0.03149950     0.00193207    26.88888889    95.22000003     4.25347222     0.01333889
1790     0.00000000     0.00000000     0.00000000     0.00000000     0.00000000     0.03353121     0.00201698    29.38888889    97.44080004     4.25347222     0.25840062
1791     0.00000000     0.00000000     0.00000000     0.00000000     0.00000000     0.03457088     0.00210373    30.68055556   101.38880004     4.25347222     0.00029877
1792     0.00000000     0.00000000     0.00000000     0.00000000     0.00000000     0.03669783     0.00219229    33.34722222   104.83520004     4.25347222     0.01244691
1793     0.00000000     0.00000000     0.00000000     0.00000000     0.00000000     0.03888827     0.00228269    34.72222222   108.92880004     4.50000000     0.33075556
1794     0.00000000     0.00000000     0.00000000     0.00000000     0.00000000     0.04000730     0.00237491    37.55555556   113.10080004     4.50000000     0.30420000
1795     0.00000000     0.00000000     0.00000000     0.00000000     0.00000000     0.04229298     0.00256483    39.01388889   117.35120004     4.50000000     0.80503951
1796     0.00000000     0.00000000     0.00000000     0.00000000     0.00000000     0.04345963     0.00266253    40.50000000   121.05680004     4.50000000     0.67667222
1797     0.00000000     0.00000000     0.00000000     0.00000000     0.00000000     0.04584054     0.00276205    42.01388889   125.45280004     4.50000000     2.00444691
1798     0.00000000     0.00000000     0.00000000     0.00000000     0.00000000     0.04828495     0.00286340    45.12500000   129.92720004     4.75347222     0.16245000
1799     0.00000000     0.00000000     0.00000000     0.00000000     0.00000000     0.04953096     0.00296658    46.72222222   133.82480004     4.05029586     0.08089136
1800     0.00000000     0.00000000     0.00000000     0.00000000     0.00000000     0.05207060     0.00307159    48.34722222   138.44480004     4.05029586     0.64474321
1801     0.00000000     0.00000000     0.00000000     0.00000000     0.00000000     0.05467374     0.00328707    50.00000000   144.50000004     4.05029586     0.93692840
1802     0.00000000     0.00000000     0.00000000     0.00000000     0.00000000     0.05599911     0.00339755    51.68055556   150.68480004     4.05029586     1.31940988
1803     0.00000000     0.00000000     0.00000000     0.00000000     0.00000000     0.05869748     0.00350986    53.38888889   157.70880005     4.27218935     0.40700247
1804     0.00000000     0.00000000     0.00000000     0.00000000     0.00000000     0.06007048     0.00362400    55.12500000   164.16720005     4.27218935     1.00662284
1805     0.00000000     0.00000000     0.00000000     0.00000000     0.00000000     0.06286408     0.00373996    56.88888889   170.75520005     4.27218935     1.23070617
1806     0.00000000     0.00000000     0.00000000     0.00000000     0.00000000     0.06572118     0.00385774    58.68055556   177.47280005     4.27218935     1.32845000
1807     0.00000000     0.00000000     0.00000000     0.00000000     0.00000000     0.06717354     0.00409879    60.50000000   184.32000005     4.50000000     0.00173395
1808     0.00000000     0.00000000     0.00000000     0.00000000     0.00000000     0.07012587     0.00422206    60.50000000   192.08000005     4.50000000     0.62595617
1809     0.00000000     0.00000000     0.00000000     0.00000000     0.00000000     0.07162585     0.00434715    62.34722222   199.20080005     4.50000000     1.67445000
1810     0.00000000     0.00000000     0.00000000     0.00000000     0.00000000     0.07467342     0.00447407    64.22222222   206.45120005     4.50000000     2.46173395
1811     0.00000000     0.00000000     0.00000000     0.00000000     0.00000000     0.07778448     0.00460281    64.22222222   214.65920005     4.73372781     1.43933889
1812     0.00000000     0.00000000     0.00000000     0.00000000     0.00000000     0.07936382     0.00486578    66.12500000   222.18320005     4.73372781     1.74637284
1813     0.00000000     0.00000000     0.00000000     0.00000000     0.00000000     0.08257012     0.00500000    66.12500000   230.69520006     4.73372781     5.00333889
1814     0.00000000     0.00000000     0.00000000     0.00000000     0.00000000     0.08583991     0.00513605    68.05555556   238.49280006     4.97337278     3.53189136
1815     0.00000000     0.00000000     0.00000000     0.00000000     0.00000000     0.08749861     0.00527392    68.05555556   247.30880006     4.97337278     2.47407654
1816     0.00000000     0.00000000     0.00000000     0.00000000     0.00000000     0.09086364     0.00541362    68.05555556   255.38000006     4.97337278     5.80647469
1817     0.00000000     0.00000000     0.00000000     0.00000000     0.00000000     0.09256996     0.00555515    70.01388889   264.50000006     5.21893491     2.44942222
1818     0.00000000     0.00000000     0.00000000     0.00000000     0.00000000     0.09603022     0.00584368    70.01388889   272.84480006     5.21893491     1.45825247
1819     0.00000000     0.00000000     0.00000000     0.00000000     0.00000000     0.09955398     0.00599069    72.00000000   282.26880006     5.21893491     0.38720000
1820     0.00000000     0.00000000     0.00000000     0.00000000     0.00000000     0.10133966     0.00613952    72.00000000   290.88720006     5.47041420     1.50607654
1821     0.00000000     0.00000000     0.00000000     0.00000000     0.00000000     0.10495865     0.00629018    72.00000000   300.61520006     5.47041420     3.32820000
1822     0.00000000     0.00000000     0.00000000     0.00000000     0.00000000     0.10864113     0.00644266    72.00000000   309.50720006     5.47041420     0.51342222
1823     0.00000000     0.00000000     0.00000000     0.00000000     0.00000000     0.11050618     0.00659697    74.01388889   319.53920007     5.72781065     0.96759506
1824     0.00000000     0.00000000     0.00000000     0.00000000     0.00000000     0.11428390     0.00691107    74.01388889   328.70480007     5.72781065     0.76329877
1825     0.00000000     0.00000000     0.00000000     0.00000000     0.00000000     0.11619657     0.00707085    74.01388889   339.04080007     5.72781065     0.20908889
1826     0.00000000     0.00000000     0.00000000     0.00000000     0.00000000     0.12006952     0.00723247    74.01388889   348.48000007     5.99112426     0.29133889
1827     0.00000000     0.00000000     0.00000000     0.00000000     0.00000000     0.12400597     0.00739591    74.01388889   359.12000007     5.99112426     3.03400556
1828     0.00000000     0.00000000     0.00000000     0.00000000     0.00000000     0.12599800     0.00756118    76.05555556   368.83280007     5.99112426     0.38232654
1829     0.00000000     0.00000000     0.00000000     0.00000000     0.00000000     0.13002968     0.00772827    76.05555556   379.77680007     6.26035503     3.32820000
1830     0.00000000     0.00000000     0.00000000     0.00000000     0.00000000     0.13206933     0.00806793    76.05555556   389.76320007     6.26035503     0.35842222
1831     0.00000000     0.00000000     0.00000000     0.00000000     0.00000000     0.13619625     0.00824050    76.05555556   401.01120007     6.53550296     0.73608889
1832     0.00000000     0.00000000     0.00000000     0.00000000     0.00000000     0.14038666     0.00841490    74.01388889   411.27120007     6.53550296     2.12867222
1833     0.00000000     0.00000000     0.00000000     0.00000000     0.00000000     0.14250567     0.00859112    70.01388889   422.82320008     6.81656805     1.08699321
1834     0.00000000     0.00000000     0.00000000     0.00000000     0.00000000     0.14679132     0.00876917    68.05555556   433.35680008     6.81656805     3.41475556
1835     0.00000000     0.00000000     0.00000000     0.00000000     0.00000000     0.15114046     0.00894905    64.22222222   445.21280008     6.81656805     8.23278025
1836     0.00000000     0.00000000     0.00000000     0.00000000     0.00000000     0.15333884     0.00931428    62.34722222   457.22880008     7.10355030     8.45975556
1837     0.00000000     0.00000000     0.00000000     0.00000000     0.00000000     0.15778321     0.00949963    58.68055556   468.18000008     7.10355030     4.72610432
1838     0.00000000     0.00000000     0.00000000     0.00000000     0.00000000     0.16002921     0.00968682    56.88888889   480.50000008     7.39644970     5.02092840
1839     0.00000000     0.00000000     0.00000000     0.00000000     0.00000000     0.16456882     0.00987582    56.88888889   491.72480008     7.39644970     1.64408889
1840     0.00000000     0.00000000     0.00000000     0.00000000     0.00000000     0.16917192     0.01006665    56.88888889   504.34880008     7.69526627     1.00662284
1841     0.00000000     0.00000000     0.00000000     0.00000000     0.00000000     0.17149728     0.01025931    56.88888889   519.70880008     7.69526627     1.22200556
1842     0.00000000     0.00000000     0.00000000     0.00000000     0.00000000     0.17619562     0.01065011    58.68055556   535.29920009     8.00000000     0.39703951
1843     0.00000000     0.00000000     0.00000000     0.00000000     0.00000000     0.17856859     0.01084825    60.50000000   552.44880009     8.31065089     2.71445000
1844     0.00000000     0.00000000     0.00000000     0.00000000     0.00000000     0.18336217     0.01104821    62.34722222   568.51920009     8.31065089     6.66936358
1845     0.00000000     0.00000000     0.00000000     0.00000000     0.00000000     0.18821923     0.01125000    66.12500000   584.82000009     8.62721893     5.09159506
1846     0.00000000     0.00000000     0.00000000     0.00000000     0.00000000     0.19067158     0.01145362    70.01388889   601.35120009     8.62721893     0.09007654
1847     0.00000000     0.00000000     0.00000000     0.00000000     0.00000000     0.19562388     0.01165906    72.00000000   618.11280009     8.94970414     0.04400556
1848     0.00000000     0.00000000     0.00000000     0.00000000     0.00000000     0.20063967     0.01207542    76.05555556   636.53120009     8.94970414     4.47337284
1849     0.00000000     0.00000000     0.00000000     0.00000000     0.00000000     0.20317138     0.01228634    80.22222222   653.77280009     9.27810651     9.20681728
1850     0.00000000     0.00000000     0.00000000     0.00000000     0.00000000     0.20828241     0.01249909    82.34722222   671.24480010     9.61242604     2.92551173
1851     0.00000000     0.00000000     0.00000000     0.00000000     0.00000000     0.21086173     0.01271366    86.68055556   677.12000010     9.61242604     0.25521543
1852     0.00000000     0.00000000     0.00000000     0.00000000     0.00000000     0.21606800     0.01293006    88.88888889   706.88000010     9.95266272     0.25521543
1853     0.00000000     0.00000000     0.00000000     0.00000000     0.00000000     0.22133776     0.01314828    91.12500000   722.00000010    10.29881657     0.81210432
1854     0.00000000     0.00000000     0.00000000     0.00000000     0.00000000     0.22399644     0.01359021    95.68055556   752.72000010    10.29881657     1.43933889
1855     0.00000000     0.00000000     0.00000000     0.00000000     0.00000000     0.22936144     0.01381392    98.00000000   768.32000010    10.65088757     2.63733889
1856     0.00000000     0.00000000     0.00000000     0.00000000     0.00000000     0.23478992     0.01403944   102.72222222   784.08000010    11.00887574     7.74211250
1857     0.00000000     0.00000000     0.00000000     0.00000000     0.00000000     0.23752798     0.01426680   105.12500000   816.08000011    11.00887574    11.21011250
1858     0.00000000     0.00000000     0.00000000     0.00000000     0.00000000     0.24305170     0.01449598   110.01388889   832.32000011    11.37278106     9.13781250
1859     0.00000000     0.00000000     0.00000000     0.00000000     0.00000000     0.24583737     0.01472699   115.01388889   865.28000011    11.74260355     2.82031250
1860     0.00000000     0.00000000     0.00000000     0.00000000     0.00000000     0.25145633     0.01519449   117.55555556   882.00000011    12.11834320     7.31531250
1861     0.00000000     0.00000000     0.00000000     0.00000000     0.00000000     0.25713878     0.01543097   122.72222222   915.92000011    12.11834320     8.68055556
1862     0.00000000     0.00000000     0.00000000     0.00000000     0.00000000     0.26000381     0.01566928   125.34722222   933.12000011    12.50000000    14.70701010
1863     0.00000000     0.00000000     0.00000000     0.00000000     0.00000000     0.26578150     0.01590942   128.00000000   968.00000012    12.88757396     4.24355737
1864     0.00000000     0.00000000     0.00000000     0.00000000     0.00000000     0.26869415     0.01615139   133.38888889   985.68000012    13.28106509    12.62919811
1865     0.00000000     0.00000000     0.00000000     0.00000000     0.00000000     0.15742284     0.04183230   136.12500000  1021.52000012    13.68047337     4.11785211
1866     0.00000000     0.00000000     0.00000000     0.00000000     0.00000000     0.28657155     0.03862819   138.88888889  1058.00000012    14.08579882     3.04655125
1867     0.00000000     0.00000000     0.00000000     0.00000000     0.00000000     0.26959789     0.08956842   141.68055556  1076.48000012    14.49704142     5.17803588
1868     0.00000000     0.00000000     0.00000000     0.00000000     0.00000000     0.25510204     0.03831913   144.50000000  1113.92000012    14.49704142     3.23345184
1869     0.00000000     0.00000000     0.00000000     0.00000000     0.00000000     0.28045269     0.01593226   150.22222222  1132.88000012    14.91420118     5.82762458
1870     0.00000000     0.00000000     0.00000000     0.00000000     0.00000000     0.34902832     0.02564592   153.12500000  1171.28000013    15.33727811     5.44141363
1871     0.00000000     0.00000000     0.00000000     0.00000000     0.00000000     0.36057571     0.02117969   159.01388889  1210.32000013    15.76627219     7.45998370
1872     0.00000000     0.00000000     0.00000000     0.00000000     0.00000000     0.29831153     0.10497561   165.01388889  1230.08000013    16.20118343     4.68520062
1873     0.00000000     0.00000000     0.00000000     0.00000000     0.00000000     0.30561983     0.08486780   171.12500000  1270.08000013    16.64201183     7.40476266
1874     0.00000000     0.00000000     0.00000000     0.00000000     0.00000000     0.25242382     0.03708936   180.50000000  1290.32000013    17.08875740     9.74510912
1875     0.00000000     0.00000000     0.00000000     0.00000000     0.00000000     0.23225358     0.10607408   190.12500000  1331.28000013    17.54142012    12.18945313
1876     0.00000000     0.00000000     0.00000000     0.00000000     0.00000000     0.25388146     0.04320394   200.00000000  1372.88000014    18.00000000    14.43759083
1877     0.00000000     0.00000000     0.00000000     0.00000000     0.00000000     0.24294550     0.05353323   213.55555556  1393.92000014    18.46449704     3.40726406
1878     0.00000000     0.00000000     0.00000000     0.00000000     0.00000000     0.19447335     0.14443874   227.55555556  1436.48000014    18.93491124     0.36375433
1879     0.00000000     0.00000000     0.00000000     0.00000000     0.00000000     0.25362105     0.12048107   242.00000000  1458.00000014    19.41124260     6.44148597
1880     0.00000000     0.00000000     0.00000000     0.00000000     0.00000000     0.40780762     0.21462545   260.68055556  1501.52000014    20.38165680     6.86284294
1881     0.00000000     0.00000000     0.00000000     0.00000000     0.00000000     0.39674894     0.16139409   280.05555556  1545.68000015    20.87573964     4.81247278
1882     0.00000000     0.00000000     0.00000000     0.00000000     0.00000000     0.40500000     0.05822138   300.12500000  1590.48000015    21.37573964     5.60308224
1883     0.00000000     0.00000000     0.00000000     0.00000000     0.00000000     0.37555556     0.05294876   316.68055556  1635.92000015    21.88165680     8.27391023
1884     0.00000000     0.00000000     0.00000000     0.00000000     0.00000000     0.40825954     0.03318587   338.00000000  1682.00000015    22.39349112    10.15314453
1885     0.00000000     0.00000000     0.00000000     0.00000000     0.00000000     0.48463994     0.01285604   355.55555556  1705.28000015    22.91124260    10.52765983
1886     0.00000000     0.00000000     0.00000000     0.00000000     0.00000000     0.54648760     0.07893512   369.01388889  1752.32000015    23.96449704     5.92474112
1887     0.00000000     0.00000000     0.00000000     0.00000000     0.00000000     0.63622323     0.25634543   382.72222222  1800.00000016    24.50000000    10.56231509
1888     0.00000000     0.00000000     0.00000000     0.00000000     0.00000000     0.88360576     0.56538881   392.00000000  1848.32000016    25.04142012     8.88010204
1889     0.00000000     0.00000000     0.00000000     0.00000000     0.00000000     1.34448912     0.07805394   401.38888889  1897.28000016    26.14201183     4.02010474
1890     0.00000000     0.00000000     0.00000000     0.00000000     0.00000000     1.65203179     0.08290469   410.88888889  1946.88000016    26.70118343    15.86722222
1891     0.00000000     0.00000000     0.00000000     0.00000000     0.00000000     2.14901844     0.06286017   415.68055556  1997.12000017    27.26627219    12.13114043
1892     0.00000000     0.00000000     0.00000000     0.00000000     0.00000000     2.25453437     0.03928912   425.34722222  2073.68000017    24.50000000    16.59037812
1893     0.00000000     0.00000000     0.00000000     0.00000000     0.00000000     2.49826990     0.15335368   430.22222222  2125.52000017    25.00255102    19.89681460
1894     0.00000000     0.00000000     0.00000000     0.00000000     0.00000000     2.19067551     0.25031150   435.12500000  2178.00000017    25.51020408    17.29863522
1895     0.00000000     0.00000000     0.00000000     0.00000000     0.00000000     2.01185183     0.07970723   440.05555556  2231.12000017    26.54081633    13.98534517
1896     0.00000000     0.00000000     0.00000000     0.00000000     0.00000000     1.97720816     0.27719843   445.01388889  2312.00000018    27.06377551     4.56451531
1897     0.00000000     0.00000000     0.00000000     0.00000000     0.00000000     2.66622663     0.13810006   450.00000000  2366.72000018    28.12500000     4.05505671
1898     0.00000000     0.00000000     0.00000000     0.00000000     0.00000000     3.73416468     0.12786172   460.05555556  2422.08000018    28.66326531    13.35988862
1899     0.00000000     0.00000000     0.00000000     0.00000000     0.00000000     3.78125000     0.06740275   475.34722222  2506.32000019    29.75510204     7.56490593
1900     0.00000000     0.00000000     0.00000000     0.00000000     0.00000000     3.27326992     0.04629659   490.88888889  2563.28000019    30.30867347     4.61263644
1901     0.00000000     0.00000000     0.00000000     0.00000000     0.00000000     3.35880883     0.06517329   506.68055556  2679.12000019    31.43112245     8.39878903
1902     0.00000000     0.00000000     0.00000000     0.00000000     0.00000000     2.66571456     0.10462261   528.12500000  2797.52000020    32.57397959    15.46535503
1903     0.00000000     0.00000000     0.00000000     0.00000000     0.00000000     2.59481255     0.52510074   544.50000000  2918.48000020    33.15306122    25.66189575
1904     0.00000000     0.00000000     0.00000000     0.00000000     0.00000000     2.86146638     0.30544245   566.72222222  3073.28000020    34.32653061    26.25248803
1905     0.00000000     0.00000000     0.00000000     0.00000000     0.00000000     2.63648834     0.21432552   589.38888889  3200.00000021    34.92091837    18.43112245
1906     0.00000000     0.00000000     0.00000000     0.00000000     0.00000000     3.00846021     0.17209787   618.34722222  3362.00000021    31.46888889    12.06038632
1907     0.00000000     0.00000000     0.00000000     0.00000000     0.00000000     2.33280000     0.09951916   642.01388889  3494.48000022    32.53555556    36.12500000
1908     0.00000000     0.00000000     0.00000000     0.00000000     0.00000000     1.74591533     0.10826208   666.12500000  3663.68000022    33.07555556    33.55170139
1909     0.00000000     0.00000000     0.00000000     0.00000000     0.00000000     1.72008919     0.16682381   690.68055556  3836.88000023    34.16888889    30.45967394
1910     0.00000000     0.00000000     0.00000000     0.00000000     0.00000000     1.22685706     0.25396478   715.68055556  4014.08000023    35.28000000    30.56811088
1911     0.00000000     0.00000000     0.00000000     0.00000000     0.00000000     0.68501577     0.16194505   741.12500000  4158.72000024    36.40888889    33.46466260
1912     0.00000000     0.00000000     0.00000000     0.00000000     0.00000000     0.55197605     0.13315348   760.50000000  4343.12000024    36.98000000    26.95325485
1913     0.00000000     0.00000000     0.00000000     0.00000000     0.00000000     0.88753439     0.23025591   786.72222222  4531.52000025    38.13555556    26.34602200
1914     0.00000000     0.00000000     0.00000000     0.00000000     0.00000000     1.25107438     0.75272314   806.68055556  4762.88000026    39.30888889    11.30285124
1915     0.00000000     0.00000000     0.00000000     0.00000000     0.00000000     1.57458512     0.39865481   826.88888889  4960.08000026    35.59570312     5.16156550
1916     0.00000000     0.00000000     0.00000000     0.00000000     0.00000000     1.91361721     0.39470654   847.34722222  5202.00000027    36.12500000    26.17875578
1917     0.00000000     0.00000000     0.00000000     0.00000000     0.00000000     3.05594136     0.59259007   875.01388889  5408.00000027    37.19531250    46.57035422
1918     0.00000000     0.00000000     0.00000000     0.00000000     0.00000000     6.08307200     0.73857988   896.05555556  5660.48000028    38.28125000    32.54072670
1919     0.00000000     0.00000000     0.00000000     0.00000000     0.00000000     4.43898376     1.75592795   917.34722222  5918.72000028    39.38281250    17.59059016
1920     0.00000000     0.00000000     0.00000000     0.00000000     0.00000000     4.60332614     0.68508503   938.88888889  6182.72000029    40.50000000    18.30125000
1921     0.00000000     0.00000000     0.00000000     0.00000000     0.00000000     5.64783199     0.76914054   968.00000000  6407.12000030    36.37543253    10.77806122
1922     0.00000000     0.00000000     0.00000000     0.00000000     0.00000000     5.25806122     0.67257532   997.55555556  6681.68000030    37.38581315    24.13677300
1923     0.00000000     0.00000000     0.00000000     0.00000000     0.00000000     4.31212947     0.44079599  1020.01388889  6962.00000031    38.41003460    20.52001953
1924     0.00000000     0.00000000     0.00000000     0.00000000     0.00000000     4.28185103     0.21656074  1050.34722222  7248.08000031    39.44809689    28.44505432
1925     0.00000000     0.00000000     0.00000000     0.00000000     0.00000000     3.43993550     0.23384531  1088.88888889  7539.92000032    40.50000000    15.54637287
1926     0.00000000     0.00000000     0.00000000     0.00000000     0.00000000     2.26937618     0.44482978  1120.22222222  7837.52000033    41.56574394     3.88895062
1927     0.00000000     0.00000000     0.00000000     0.00000000     0.00000000     2.07634524     0.47455893  1152.00000000  8140.88000033    38.03858025    13.60285382
1928     0.00000000     0.00000000     0.00000000     0.00000000     0.00000000     2.06694100     0.30441976  1192.34722222  8450.00000034    38.52469136    14.99736344
1929     0.00000000     0.00000000     0.00000000     0.00000000     0.00000000     1.42130951     0.30904281  1233.38888889  8764.88000035    39.50617284    36.32294484
1930     0.00000000     0.00000000     0.00000000     0.00000000     0.00000000     1.51020214     0.17013889  1266.72222222  9031.68000035    40.50000000     7.67013889
1931     0.00000000     0.00000000     0.00000000     0.00000000     0.00000000     1.84578967     0.20811655  1309.01388889  9357.12000036    41.50617284     3.56640393
1932     0.00000000     0.00000000     0.00000000     0.00000000     0.00000000     2.07037588     0.22816666  1352.00000000  9632.72000036    38.16620499     7.07820313
1933     0.00000000     0.00000000     0.00000000     0.00000000     0.00000000     2.29344031     0.30836262  1386.88888889  9968.72000037    39.09141274    20.62795858
1934     0.00000000     0.00000000     0.00000000     0.00000000     0.00000000     2.59307252     1.31149575  1422.22222222 10253.12000037    40.02770083     7.63582064
1935     0.00000000     0.00000000     0.00000000     0.00000000     0.00000000     3.97364966     4.18431122  1458.00000000 10541.52000038    40.97506925    11.65936634
1936     0.00000000     0.00000000     0.00000000     0.00000000     0.00000000     4.19500595     0.17199714  1494.22222222 10833.92000038    41.93351801     6.31565011
1937     0.00000000     0.00000000     0.00000000     0.00000000     0.00000000     4.27218935     0.12500000  1512.50000000 11130.32000039    38.72000000     0.51398534
1938     0.00000000     0.00000000     0.00000000     0.00000000     0.00000000     5.55555556     0.72531364  1530.88888889 11430.72000040    39.16125000     1.54377551
1939     0.00000000     0.00000000     0.00000000     0.00000000     0.00000000     5.62110727     0.87971727  1540.12500000 11735.12000040    40.05125000     1.28471021
1940     0.00000000     0.00000000     0.00000000     0.00000000     0.00000000     4.57103284     1.37080187  1549.38888889 12043.52000041    40.95125000     4.01388889
1941     0.00000000     0.00000000     0.00000000     0.00000000     0.00000000     4.35191745     0.91733154  1549.38888889 12418.88000041    37.96938775     0.09653352
1942     0.00000000     0.00000000     0.00000000     0.00000000     0.00000000     3.80175645     0.81111590  1540.12500000 12736.08000042    38.80385487     0.42492676
1943     0.00000000     0.00000000     0.00000000     0.00000000     0.00000000     3.88180291     0.98826613  1530.88888889 13057.28000042    39.64739229     0.10939126
1944     0.00000000     0.00000000     0.00000000     0.00000000     0.00000000     3.95130689     0.37347526  1521.68055556 13382.48000043    40.50000000    11.12347222
1945     0.00000000     0.00000000     0.00000000     0.00000000     0.00000000     4.26215721     2.46847565  1521.68055556 13778.00000043    37.68698347     0.41750892
1946     0.00000000     0.00000000     0.00000000     0.00000000     0.00000000     4.92589455     1.60304256  1521.68055556 14112.00000044    38.48037190    10.20551658
1947     0.00000000     0.00000000     0.00000000     0.00000000     0.00000000     3.81905499     1.24814895  1530.88888889 14586.32000045    39.28202479     8.21572066
1948     0.00000000     0.00000000     0.00000000     0.00000000     0.00000000     3.23966942     2.56959672  1540.12500000 14999.12000045    40.09194215     7.48988340
1949     0.00000000     0.00000000     0.00000000     0.00000000     0.00000000     3.07088847     4.33637741  1558.68055556 15488.00000046    37.43005671     9.03125000
1950     0.00000000     0.00000000     0.00000000     0.00000000     0.00000000     2.20248575     2.03144253  1577.34722222 15984.72000047    38.18620038    38.54420000
1951     0.00000000     0.00000000     0.00000000     0.00000000     0.00000000     2.48287228     3.93081130  1615.01388889 16562.00000048    38.56710775     8.90420000
1952     0.00000000     0.00000000     0.00000000     0.00000000     0.00000000     3.78897866     1.34663988  1653.12500000 17149.52000048    39.33459357     0.84500000
1953     0.00000000     0.00000000     0.00000000     0.00000000     0.00000000     3.93240833     0.68426158  1691.68055556 17898.32000049    36.83680556     0.74420000
1954     0.00000000     0.00000000     0.00000000     0.00000000     0.00000000     3.83051658     0.63062645  1740.50000000 18585.92000050    37.55555556    26.06420000
1955     0.00000000     0.00000000     0.00000000     0.00000000     0.00000000     4.51111797     0.77368992  1800.00000000 19365.12000051    38.28125000    32.80500000
1956     0.00000000     0.00000000     0.00000000     0.00000000     0.00000000     4.39461724     0.76308202  1860.50000000 20160.32000053    39.01388889    66.12500000
1957     0.00000000     0.00000000     0.00000000     0.00000000     0.00000000     3.62295795     0.37193194  1922.00000000 21053.52000054    36.63680000     0.24500000
1958     0.00000000     0.00000000     0.00000000     0.00000000     0.00000000     3.43157248     0.65127270  1995.01388889 21966.08000055    37.32480000     2.12180000
1959     0.00000000     0.00000000     0.00000000     0.00000000     0.00000000     3.58765973     0.51531012  4753.12500000 22898.00000056    38.01920000     0.00020000
1960     0.00000000     0.00000000     0.00000000     0.00000000     0.00000000     5.04113083     0.52098724  4977.52531250 23936.72000057    38.72000000     1.37780000
1961     0.00000000     0.00000000     0.00000000     0.00000000     0.00000000     6.98737335     0.28220536  5158.74031250 24998.48000058    36.45266272     0.00180000
1962     0.00000000     0.00000000     0.00000000     0.00000000     0.00000000     6.20077248     0.42609548  5371.66125000 26174.72000060    35.47411243     0.08820000
1963     0.00000000     0.00000000     0.00000000     0.00000000     0.00000000     6.20397265     0.40683882  5517.75125000 27378.00000061    36.45266272     0.36980000
1964     0.00000000     0.00000000     0.00000000     0.00000000     0.00000000     6.18347222     0.44883534  5649.84500000 28608.32000063    37.77810651    49.40180000
1965     0.00000000     0.00000000     0.00000000     0.00000000     0.00000000     5.83946681     0.56957286  5802.33781250 29963.52000064    39.12721893    26.06420000
1966     0.00000000     0.00000000     0.00000000     0.00000000     0.00000000     5.22536415     0.51767056  6143.86125000 31350.08000065    40.50000000     7.29620000
1967     0.00000000     0.00000000     0.00000000     0.00000000     0.00000000     4.81338203     0.40627678  6364.74031250 32768.00000067    41.89644970     9.76820000
1968     0.00000000     0.00000000     0.00000000     0.00000000     0.00000000     4.67215846     0.80141749  6644.16281250 34322.00000069    43.31656805    11.80980000
1969     0.00000000     0.00000000     0.00000000     0.00000000     0.00000000     4.74631950     0.55289757  7080.50000000 35912.00000070    45.12500000     0.48020000
1970     0.00000000     0.00000000     0.00000000     0.00000000     0.00000000     4.75221892     0.98677495  7396.32031250 37647.68000072    46.97041420     1.65620000
1971     0.00000000     0.00000000     0.00000000     0.00000000     0.00000000     4.96926171     0.69678015  7601.44500000 39312.08000073    48.85281065    32.80500000
1972     0.00000000     0.00000000     0.00000000     0.00000000     0.00000000     4.97909621     1.01124424  7975.84500000 41127.12000075    50.77218935     2.73780000
1973     0.00000000     0.00000000     0.00000000     0.00000000     0.00000000     5.63695455     0.94573974  8649.41281250 42983.12000077    53.12426035     4.32180000
1974     0.00000000     0.00000000     0.00000000     0.00000000     0.00000000     5.10404872     0.98395382  8874.45031250 44880.08000078    55.52958580    27.52820000
1975     0.00000000     0.00000000     0.00000000     0.00000000     0.00000000     4.87941635     1.96145158  9166.58000000 46818.00000080    57.98816568    15.56820000
1976     0.00000000     0.00000000     0.00000000     0.00000000     0.00000000     5.54799955     1.28510694  9515.10125000 48796.88000082    60.50000000    36.80820000
1977     0.00000000     0.00000000     0.00000000     0.00000000     0.00000000     5.27950283     0.73167268 10110.42000000 50816.72000083    63.93195266     1.65620000
1978     0.00000000     0.00000000     0.00000000     0.00000000     0.00000000     5.63932150     1.08444033 10701.84500000 53007.68000085   450.00000000     2.12180000
1979     0.00000000     0.00000000     0.00000000     0.00000000     0.00000000     6.05370332     0.77623981 11208.78781250 55112.00000087   477.40500000     2.46420000
1980     0.00000000     0.00000000     0.00000000     0.00000000     0.00000000     6.87209994     1.03912235 11884.96531250 57392.72000089   486.72000000     6.12500000
1981     0.00000000     0.00000000     0.00000000     0.00000000     0.00000000     6.87721172     0.90521165 12383.44531250 60135.12000091   518.42000000    11.80980000
1982     0.00000000     0.00000000     0.00000000     0.00000000     0.00000000     7.14125485     1.07317929 12836.02531250 62799.68000093   551.12000000     0.03380000
1983     0.00000000     0.00000000     0.00000000     0.00000000     0.00000000     7.42453181     1.21453017 13509.57031250 65666.88000095   571.22000000    35.11220000
1984     0.00000000     0.00000000     0.00000000     0.00000000     0.00000000     7.76794147     1.00035496 14212.98000000 11883.68055572   595.12500000     0.27380000
1985     0.00000000     0.00000000     0.00000000     0.00000000     0.00000000     8.02599511     1.14449008 14817.81125000 12220.05555573   609.00500000     0.00020000
1986     0.00000000     0.00000000     0.00000000     0.00000000     0.00000000     8.47750865     1.31170717 15373.81125000 12534.72222239   651.60500000     5.57780000
1987     0.00000000     0.00000000     0.00000000     0.00000000     0.00000000     7.73233844     1.26994661 16195.50031250 12880.12500017   648.00000000    47.04500000
1988     0.00000000     0.00000000     0.00000000     0.00000000     0.00000000     7.83120294     1.57501864 17316.60500000 13149.01388907   684.50000000    41.04180000
1989     0.00000000     0.00000000     0.00000000     0.00000000     0.00000000     7.22144494     1.25609005 18021.51125000 13448.00000018   752.72000000    18.36180000
1990     0.00000000     0.00000000     0.00000000     0.00000000     0.00000000     6.67605551     1.65023177 18619.67531250 13695.12500018   776.18000000    69.85620000
1991     0.00000000     0.00000000     0.00000000     0.00000000     0.00000000     6.19132981     1.67482232 19315.95125000 14000.22222240   812.04500000    45.50580000
1992     0.00000000     0.00000000     0.00000000     0.00000000     0.00000000     6.12204926     1.66831646 19681.28000000 14280.50000018   816.08000000     8.56980000
1993     0.00000000     0.00000000     0.00000000     0.00000000     0.00000000     5.74380482     1.16626253 20050.03125000 14308.68055574   848.72000000    22.17780000
1994     0.00000000     0.00000000     0.00000000     0.00000000     0.00000000     5.37106664     1.36175618 20940.81125000 14478.34722241   856.98000000    38.89620000
1995     0.00000000     0.00000000     0.00000000     0.00000000     0.00000000     5.06026441     1.37019124 21997.53125000 14677.55555574   898.88000000   103.96820000
1996     0.00000000     0.00000000     0.00000000     0.00000000     0.00000000     5.00312370     2.94634936 22887.30125000 14734.72222241   924.50000000    36.80820000
1997     0.00000000     0.00000000     0.00000000     0.00000000     0.00000000     4.93428673     1.71922284 23566.20500000 14820.68055574   959.22000000   127.04180000
1998     0.00000000     0.00000000     0.00000000     0.00000000     0.00000000     4.81927837     1.75956462 25076.80125000 15109.01388908   990.12500000   257.64500000
1999     0.00000000     0.00000000     0.00000000     0.00000000     0.00000000     4.77685950     1.33966853 26049.03125000 15341.68055575  1030.58000000    85.80500000
2000     0.00000000     0.00000000     0.00000000     0.00000000     0.00000000     0.00000000     0.00000000 26720.94031250 15370.88888908  1071.84500000    62.04980000
