YEAR CONCO2 CONCH4 CONN2O T2M CUMCO2 ANTCO2 ANTCH4 ANTN2O ANTNOx ANTCO ANTVOC ANTSO2 RADTTL RADANT RADAER RADCO2 RADCH4 RADN2O pH
2000   277.00   700.00   270.00   0.0000    0.16    0.1565      0.00    0.00    0.00    0.00    0.00    0.00   0.0000   0.0000   0.0000   0.0000   0.0000   0.0000   8.1838
2001   277.07   700.00   270.00   0.0001    0.35    0.1896      0.00    0.00    0.00    0.00    0.00    0.00   0.0014   0.0014   0.0000   0.0014   0.0000   0.0000   8.1837
2002   277.15   700.00   270.00   0.0004    0.57    0.2287      0.00    0.00    0.00    0.00    0.00    0.00   0.0030   0.0030   0.0000   0.0030   0.0000   0.0000   8.1836
2003   277.25   700.00   270.00   0.0008    0.85    0.2747      0.00    0.00    0.00    0.00    0.00    0.00   0.0048   0.0048   0.0000   0.0048   0.0000   0.0000   8.1835
2004   277.36   700.00   270.00   0.0013    1.18    0.3288      0.00    0.00    0.00    0.00    0.00    0.00   0.0069   0.0069   0.0000   0.0069   0.0000   0.0000   8.1834
2005   277.49   700.00   270.00   0.0019    1.57    0.3920      0.00    0.00    0.00    0.00    0.00    0.00   0.0094   0.0094   0.0000   0.0094   0.0000   0.0000   8.1832
2006   277.64   700.00   270.00   0.0027    2.04    0.4655      0.00    0.00    0.00    0.00    0.00    0.00   0.0123   0.0123   0.0000   0.0123   0.0000   0.0000   8.1830
2007   277.81   700.00   270.00   0.0036    2.59    0.5507      0.00    0.00    0.00    0.00    0.00    0.00   0.0156   0.0156   0.0000   0.0156   0.0000   0.0000   8.1828
2008   278.02   700.00   270.00   0.0047    3.24    0.6489      0.00    0.00    0.00    0.00    0.00    0.00   0.0195   0.0195   0.0000   0.0195   0.0000   0.0000   8.1826
2009   278.25   700.00   270.00   0.0060    4.00    0.7616      0.00    0.00    0.00    0.00    0.00    0.00   0.0241   0.0241   0.0000   0.0241   0.0000   0.0000   8.1823
2010   278.53   700.00   270.00   0.0075    4.89    0.8904      0.00    0.00    0.00    0.00    0.00    0.00   0.0294   0.0294   0.0000   0.0294   0.0000   0.0000   8.1819
2011   278.85   700.00   270.00   0.0093    5.92    1.0369      0.00    0.00    0.00    0.00    0.00    0.00   0.0355   0.0355   0.0000   0.0355   0.0000   0.0000   8.1815
2012   279.22   700.00   270.00   0.0114    7.13    1.2028      0.00    0.00    0.00    0.00    0.00    0.00   0.0426   0.0426   0.0000   0.0426   0.0000   0.0000   8.1811
2013   279.64   700.00   270.00   0.0139    8.52    1.3899      0.00    0.00    0.00    0.00    0.00    0.00   0.0507   0.0507   0.0000   0.0507   0.0000   0.0000   8.1805
2014   280.13   700.00   270.00   0.0167   10.12    1.5997      0.00    0.00    0.00    0.00    0.00    0.00   0.0599   0.0599   0.0000   0.0599   0.0000   0.0000   8.1799
2015   280.68   700.00   270.00   0.0200   11.95    1.8341      0.00    0.00    0.00    0.00    0.00    0.00   0.0705   0.0705   0.0000   0.0705   0.0000   0.0000   8.1792
2016   281.32   700.00   270.00   0.0237   14.05    2.0946      0.00    0.00    0.00    0.00    0.00    0.00   0.0825   0.0825   0.0000   0.0825   0.0000   0.0000   8.1784
2017   282.03   700.00   270.00   0.0280   16.43    2.3828      0.00    0.00    0.00    0.00    0.00    0.00   0.0961   0.0961   0.0000   0.0961   0.0000   0.0000   8.1776
2018   282.84   700.00   270.00   0.0328   19.13    2.7000      0.00    0.00    0.00    0.00    0.00    0.00   0.1114   0.1114   0.0000   0.1114   0.0000   0.0000   8.1766
2019   283.76   700.00   270.00   0.0383   22.18    3.0476      0.00    0.00    0.00    0.00    0.00    0.00   0.1286   0.1286   0.0000   0.1286   0.0000   0.0000   8.1754
2020   284.78   700.00   270.00   0.0446   25.60    3.4265      0.00    0.00    0.00    0.00    0.00    0.00   0.1478   0.1478   0.0000   0.1478   0.0000   0.0000   8.1742
2021   285.92   700.00   270.00   0.0516   29.44    3.8375      0.00    0.00    0.00    0.00    0.00    0.00   0.1691   0.1691   0.0000   0.1691   0.0000   0.0000   8.1728
2022   287.19   700.00   270.00   0.0594   33.72    4.2811      0.00    0.00    0.00    0.00    0.00    0.00   0.1928   0.1928   0.0000   0.1928   0.0000   0.0000   8.1712
2023   288.59   700.00   270.00   0.0682   38.48    4.7572      0.00    0.00    0.00    0.00    0.00    0.00   0.2188   0.2188   0.0000   0.2188   0.0000   0.0000   8.1695
2024   290.14   700.00   270.00   0.0779   43.74    5.2658      0.00    0.00    0.00    0.00    0.00    0.00   0.2475   0.2475   0.0000   0.2475   0.0000   0.0000   8.1677
2025   291.85   700.00   270.00   0.0886   49.55    5.8060      0.00    0.00    0.00    0.00    0.00    0.00   0.2787   0.2787   0.0000   0.2787   0.0000   0.0000   8.1656
2026   293.72   700.00   270.00   0.1005   55.93    6.3766      0.00    0.00    0.00    0.00    0.00    0.00   0.3128   0.3128   0.0000   0.3128   0.0000   0.0000   8.1634
2027   295.75   700.00   270.00   0.1134   62.90    6.9760      0.00    0.00    0.00    0.00    0.00    0.00   0.3497   0.3497   0.0000   0.3497   0.0000   0.0000   8.1610
2028   297.96   700.00   270.00   0.1276   70.50    7.6020      0.00    0.00    0.00    0.00    0.00    0.00   0.3894   0.3894   0.0000   0.3894   0.0000   0.0000   8.1584
2029   300.36   700.00   270.00   0.1431   78.76    8.2519      0.00    0.00    0.00    0.00    0.00    0.00   0.4321   0.4321   0.0000   0.4321   0.0000   0.0000   8.1555
2030   302.94   700.00   270.00   0.1598   87.68    8.9225      0.00    0.00    0.00    0.00    0.00    0.00   0.4778   0.4778   0.0000   0.4778   0.0000   0.0000   8.1525
2031   305.70   700.00   270.00   0.1779   97.29    9.6099      0.00    0.00    0.00    0.00    0.00    0.00   0.5263   0.5263   0.0000   0.5263   0.0000   0.0000   8.1493
2032   308.66   700.00   270.00   0.1972  107.60   10.3099      0.00    0.00    0.00    0.00    0.00    0.00   0.5778   0.5778   0.0000   0.5778   0.0000   0.0000   8.1460
2033   311.81   700.00   270.00   0.2180  118.62   11.0178      0.00    0.00    0.00    0.00    0.00    0.00   0.6320   0.6320   0.0000   0.6320   0.0000   0.0000   8.1424
2034   315.16   700.00   270.00   0.2401  130.34   11.7284      0.00    0.00    0.00    0.00    0.00    0.00   0.6889   0.6889   0.0000   0.6889   0.0000   0.0000   8.1386
2035   318.68   700.00   270.00   0.2635  142.78   12.4361      0.00    0.00    0.00    0.00    0.00    0.00   0.7483   0.7483   0.0000   0.7483   0.0000   0.0000   8.1347
2036   322.40   700.00   270.00   0.2883  155.92   13.1352      0.00    0.00    0.00    0.00    0.00    0.00   0.8101   0.8101   0.0000   0.8101   0.0000   0.0000   8.1306
2037   326.28   700.00   270.00   0.3144  169.74   13.8194      0.00    0.00    0.00    0.00    0.00    0.00   0.8741   0.8741   0.0000   0.8741   0.0000   0.0000   8.1263
2038   330.34   700.00   270.00   0.3417  184.22   14.4826      0.00    0.00    0.00    0.00    0.00    0.00   0.9400   0.9400   0.0000   0.9400   0.0000   0.0000   8.1220
2039   334.55   700.00   270.00   0.3702  199.34   15.1185      0.00    0.00    0.00    0.00    0.00    0.00   1.0077   1.0077   0.0000   1.0077   0.0000   0.0000   8.1175
2040   338.91   700.00   270.00   0.3998  215.06   15.7207      0.00    0.00    0.00    0.00    0.00    0.00   1.0767   1.0767   0.0000   1.0767   0.0000   0.0000   8.1129
2041   343.39   700.00   270.00   0.4304  231.34   16.2832      0.00    0.00    0.00    0.00    0.00    0.00   1.1469   1.1469   0.0000   1.1469   0.0000   0.0000   8.1082
2042   347.99   700.00   270.00   0.4620  248.14   16.8001      0.00    0.00    0.00    0.00    0.00    0.00   1.2179   1.2179   0.0000   1.2179   0.0000   0.0000   8.1034
2043   352.69   700.00   270.00   0.4945  265.41   17.2658      0.00    0.00    0.00    0.00    0.00    0.00   1.2895   1.2895   0.0000   1.2895   0.0000   0.0000   8.0986
2044   357.46   700.00   270.00   0.5277  283.08   17.6753      0.00    0.00    0.00    0.00    0.00    0.00   1.3612   1.3612   0.0000   1.3612   0.0000   0.0000   8.0938
2045   362.28   700.00   270.00   0.5614  301.11   18.0239      0.00    0.00    0.00    0.00    0.00    0.00   1.4327   1.4327   0.0000   1.4327   0.0000   0.0000   8.0890
2046   367.14   700.00   270.00   0.5957  319.41   18.3077      0.00    0.00    0.00    0.00    0.00    0.00   1.5038   1.5038   0.0000   1.5038   0.0000   0.0000   8.0842
2047   372.00   700.00   270.00   0.6304  337.94   18.5235      0.00    0.00    0.00    0.00    0.00    0.00   1.5741   1.5741   0.0000   1.5741   0.0000   0.0000   8.0795
2048   376.85   700.00   270.00   0.6652  356.61   18.6688      0.00    0.00    0.00    0.00    0.00    0.00   1.6432   1.6432   0.0000   1.6432   0.0000   0.0000   8.0748
2049   381.66   700.00   270.00   0.7002  375.35   18.7419      0.00    0.00    0.00    0.00    0.00    0.00   1.7109   1.7109   0.0000   1.7109   0.0000   0.0000   8.0703
2050   386.41   700.00   270.00   0.7351  394.09   18.7419      0.00    0.00    0.00    0.00    0.00    0.00   1.7769   1.7769   0.0000   1.7769   0.0000   0.0000   8.0658
2051   391.07   700.00   270.00   0.7698  412.76   18.6688      0.00    0.00    0.00    0.00    0.00    0.00   1.8409   1.8409   0.0000   1.8409   0.0000   0.0000   8.0615
2052   395.62   700.00   270.00   0.8043  431.28   18.5235      0.00    0.00    0.00    0.00    0.00    0.00   1.9026   1.9026   0.0000   1.9026   0.0000   0.0000   8.0573
2053   400.03   700.00   270.00   0.8382  449.59   18.3077      0.00    0.00    0.00    0.00    0.00    0.00   1.9618   1.9618   0.0000   1.9618   0.0000   0.0000   8.0533
2054   404.29   700.00   270.00   0.8717  467.61   18.0239      0.00    0.00    0.00    0.00    0.00    0.00   2.0183   2.0183   0.0000   2.0183   0.0000   0.0000   8.0494
2055   408.36   700.00   270.00   0.9044  485.29   17.6753      0.00    0.00    0.00    0.00    0.00    0.00   2.0719   2.0719   0.0000   2.0719   0.0000   0.0000   8.0458
2056   412.25   700.00   270.00   0.9363  502.55   17.2658      0.00    0.00    0.00    0.00    0.00    0.00   2.1224   2.1224   0.0000   2.1224   0.0000   0.0000   8.0423
2057   415.92   700.00   270.00   0.9673  519.35   16.8001      0.00    0.00    0.00    0.00    0.00    0.00   2.1697   2.1697   0.0000   2.1697   0.0000   0.0000   8.0391
2058   419.36   700.00   270.00   0.9973  535.64   16.2832      0.00    0.00    0.00    0.00    0.00    0.00   2.2137   2.2137   0.0000   2.2137   0.0000   0.0000   8.0361
2059   422.56   700.00   270.00   1.0262  551.36   15.7207      0.00    0.00    0.00    0.00    0.00    0.00   2.2543   2.2543   0.0000   2.2543   0.0000   0.0000   8.0333
2060   425.51   700.00   270.00   1.0539  566.48   15.1185      0.00    0.00    0.00    0.00    0.00    0.00   2.2914   2.2914   0.0000   2.2914   0.0000   0.0000   8.0308
2061   428.20   700.00   270.00   1.0804  580.96   14.4826      0.00    0.00    0.00    0.00    0.00    0.00   2.3251   2.3251   0.0000   2.3251   0.0000   0.0000   8.0285
2062   430.63   700.00   270.00   1.1056  594.78   13.8194      0.00    0.00    0.00    0.00    0.00    0.00   2.3552   2.3552   0.0000   2.3552   0.0000   0.0000   8.0264
2063   432.78   700.00   270.00   1.1294  607.91   13.1352      0.00    0.00    0.00    0.00    0.00    0.00   2.3819   2.3819   0.0000   2.3819   0.0000   0.0000   8.0246
2064   434.67   700.00   270.00   1.1518  620.35   12.4361      0.00    0.00    0.00    0.00    0.00    0.00   2.4052   2.4052   0.0000   2.4052   0.0000   0.0000   8.0230
2065   436.30   700.00   270.00   1.1728  632.08   11.7284      0.00    0.00    0.00    0.00    0.00    0.00   2.4251   2.4251   0.0000   2.4251   0.0000   0.0000   8.0216
2066   437.66   700.00   270.00   1.1923  643.10   11.0178      0.00    0.00    0.00    0.00    0.00    0.00   2.4417   2.4417   0.0000   2.4417   0.0000   0.0000   8.0205
2067   438.76   700.00   270.00   1.2104  653.41   10.3099      0.00    0.00    0.00    0.00    0.00    0.00   2.4551   2.4551   0.0000   2.4551   0.0000   0.0000   8.0196
2068   439.61   700.00   270.00   1.2271  663.02    9.6099      0.00    0.00    0.00    0.00    0.00    0.00   2.4654   2.4654   0.0000   2.4654   0.0000   0.0000   8.0189
2069   440.22   700.00   270.00   1.2423  671.94    8.9225      0.00    0.00    0.00    0.00    0.00    0.00   2.4729   2.4729   0.0000   2.4729   0.0000   0.0000   8.0184
2070   440.60   700.00   270.00   1.2560  680.19    8.2519      0.00    0.00    0.00    0.00    0.00    0.00   2.4775   2.4775   0.0000   2.4775   0.0000   0.0000   8.0180
2071   440.77   700.00   270.00   1.2684  687.79    7.6020      0.00    0.00    0.00    0.00    0.00    0.00   2.4795   2.4795   0.0000   2.4795   0.0000   0.0000   8.0179
2072   440.73   700.00   270.00   1.2794  694.77    6.9760      0.00    0.00    0.00    0.00    0.00    0.00   2.4790   2.4790   0.0000   2.4790   0.0000   0.0000   8.0179
2073   440.50   700.00   270.00   1.2890  701.15    6.3766      0.00    0.00    0.00    0.00    0.00    0.00   2.4762   2.4762   0.0000   2.4762   0.0000   0.0000   8.0181
2074   440.09   700.00   270.00   1.2974  706.95    5.8060      0.00    0.00    0.00    0.00    0.00    0.00   2.4713   2.4713   0.0000   2.4713   0.0000   0.0000   8.0185
2075   439.52   700.00   270.00   1.3045  712.22    5.2658      0.00    0.00    0.00    0.00    0.00    0.00   2.4644   2.4644   0.0000   2.4644   0.0000   0.0000   8.0189
2076   438.81   700.00   270.00   1.3104  716.97    4.7572      0.00    0.00    0.00    0.00    0.00    0.00   2.4557   2.4557   0.0000   2.4557   0.0000   0.0000   8.0195
2077   437.97   700.00   270.00   1.3152  721.26    4.2811      0.00    0.00    0.00    0.00    0.00    0.00   2.4454   2.4454   0.0000   2.4454   0.0000   0.0000   8.0202
2078   437.00   700.00   270.00   1.3189  725.09    3.8375      0.00    0.00    0.00    0.00    0.00    0.00   2.4337   2.4337   0.0000   2.4337   0.0000   0.0000   8.0210
2079   435.94   700.00   270.00   1.3217  728.52    3.4265      0.00    0.00    0.00    0.00    0.00    0.00   2.4207   2.4207   0.0000   2.4207   0.0000   0.0000   8.0219
2080   434.79   700.00   270.00   1.3234  731.57    3.0476      0.00    0.00    0.00    0.00    0.00    0.00   2.4065   2.4065   0.0000   2.4065   0.0000   0.0000   8.0229
2081   433.56   700.00   270.00   1.3243  734.27    2.7000      0.00    0.00    0.00    0.00    0.00    0.00   2.3914   2.3914   0.0000   2.3914   0.0000   0.0000   8.0239
2082   432.27   700.00   270.00   1.3244  736.65    2.3828      0.00    0.00    0.00    0.00    0.00    0.00   2.3755   2.3755   0.0000   2.3755   0.0000   0.0000   8.0250
2083   430.92   700.00   270.00   1.3237  738.74    2.0946      0.00    0.00    0.00    0.00    0.00    0.00   2.3589   2.3589   0.0000   2.3589   0.0000   0.0000   8.0262
2084   429.54   700.00   270.00   1.3223  740.58    1.8341      0.00    0.00    0.00    0.00    0.00    0.00   2.3417   2.3417   0.0000   2.3417   0.0000   0.0000   8.0273
2085   428.12   700.00   270.00   1.3203  742.18    1.5997      0.00    0.00    0.00    0.00    0.00    0.00   2.3241   2.3241   0.0000   2.3241   0.0000   0.0000   8.0286
2086   426.69   700.00   270.00   1.3177  743.57    1.3899      0.00    0.00    0.00    0.00    0.00    0.00   2.3062   2.3062   0.0000   2.3062   0.0000   0.0000   8.0298
2087   425.24   700.00   270.00   1.3146  744.77    1.2028      0.00    0.00    0.00    0.00    0.00    0.00   2.2881   2.2881   0.0000   2.2881   0.0000   0.0000   8.0310
2088   423.79   700.00   270.00   1.3110  745.81    1.0369      0.00    0.00    0.00    0.00    0.00    0.00   2.2698   2.2698   0.0000   2.2698   0.0000   0.0000   8.0323
2089   422.33   700.00   270.00   1.3070  746.70    0.8904      0.00    0.00    0.00    0.00    0.00    0.00   2.2514   2.2514   0.0000   2.2514   0.0000   0.0000   8.0335
2090   420.89   700.00   270.00   1.3027  747.46    0.7616      0.00    0.00    0.00    0.00    0.00    0.00   2.2331   2.2331   0.0000   2.2331   0.0000   0.0000   8.0348
2091   419.45   700.00   270.00   1.2980  748.11    0.6489      0.00    0.00    0.00    0.00    0.00    0.00   2.2149   2.2149   0.0000   2.2149   0.0000   0.0000   8.0360
2092   418.03   700.00   270.00   1.2931  748.66    0.5507      0.00    0.00    0.00    0.00    0.00    0.00   2.1968   2.1968   0.0000   2.1968   0.0000   0.0000   8.0373
2093   416.63   700.00   270.00   1.2879  749.12    0.4655      0.00    0.00    0.00    0.00    0.00    0.00   2.1789   2.1789   0.0000   2.1789   0.0000   0.0000   8.0385
2094   415.25   700.00   270.00   1.2825  749.52    0.3920      0.00    0.00    0.00    0.00    0.00    0.00   2.1612   2.1612   0.0000   2.1612   0.0000   0.0000   8.0397
2095   413.90   700.00   270.00   1.2770  749.85    0.3288      0.00    0.00    0.00    0.00    0.00    0.00   2.1437   2.1437   0.0000   2.1437   0.0000   0.0000   8.0409
2096   412.57   700.00   270.00   1.2713  750.12    0.2747      0.00    0.00    0.00    0.00    0.00    0.00   2.1266   2.1266   0.0000   2.1266   0.0000   0.0000   8.0421
2097   411.27   700.00   270.00   1.2655  750.35    0.2287      0.00    0.00    0.00    0.00    0.00    0.00   2.1097   2.1097   0.0000   2.1097   0.0000   0.0000   8.0432
2098   410.00   700.00   270.00   1.2597  750.54    0.1896      0.00    0.00    0.00    0.00    0.00    0.00   2.0932   2.0932   0.0000   2.0932   0.0000   0.0000   8.0443
2099   408.76   700.00   270.00   1.2537  750.70    0.1565      0.00    0.00    0.00    0.00    0.00    0.00   2.0770   2.0770   0.0000   2.0770   0.0000   0.0000   8.0454
2100   407.52   700.00   270.00   1.2477  750.70    0.0000      0.00    0.00    0.00    0.00    0.00    0.00   2.0608   2.0608   0.0000   2.0608   0.0000   0.0000   8.0465
2101   406.29   700.00   270.00   1.2417  750.70    0.0000      0.00    0.00    0.00    0.00    0.00    0.00   2.0447   2.0447   0.0000   2.0447   0.0000   0.0000   8.0476
2102   405.10   700.00   270.00   1.2356  750.70    0.0000      0.00    0.00    0.00    0.00    0.00    0.00   2.0290   2.0290   0.0000   2.0290   0.0000   0.0000   8.0487
2103   403.95   700.00   270.00   1.2295  750.70    0.0000      0.00    0.00    0.00    0.00    0.00    0.00   2.0138   2.0138   0.0000   2.0138   0.0000   0.0000   8.0497
2104   402.83   700.00   270.00   1.2234  750.70    0.0000      0.00    0.00    0.00    0.00    0.00    0.00   1.9991   1.9991   0.0000   1.9991   0.0000   0.0000   8.0507
2105   401.75   700.00   270.00   1.2173  750.70    0.0000      0.00    0.00    0.00    0.00    0.00    0.00   1.9848   1.9848   0.0000   1.9848   0.0000   0.0000   8.0517
2106   400.71   700.00   270.00   1.2113  750.70    0.0000      0.00    0.00    0.00    0.00    0.00    0.00   1.9708   1.9708   0.0000   1.9708   0.0000   0.0000   8.0527
2107   399.69   700.00   270.00   1.2054  750.70    0.0000      0.00    0.00    0.00    0.00    0.00    0.00   1.9573   1.9573   0.0000   1.9573   0.0000   0.0000   8.0536
2108   398.70   700.00   270.00   1.1995  750.70    0.0000      0.00    0.00    0.00    0.00    0.00    0.00   1.9441   1.9441   0.0000   1.9441   0.0000   0.0000   8.0545
2109   397.75   700.00   270.00   1.1937  750.70    0.0000      0.00    0.00    0.00    0.00    0.00    0.00   1.9313   1.9313   0.0000   1.9313   0.0000   0.0000   8.0553
2110   396.82   700.00   270.00   1.1879  750.70    0.0000      0.00    0.00    0.00    0.00    0.00    0.00   1.9188   1.9188   0.0000   1.9188   0.0000   0.0000   8.0562
2111   395.91   700.00   270.00   1.1823  750.70    0.0000      0.00    0.00    0.00    0.00    0.00    0.00   1.9066   1.9066   0.0000   1.9066   0.0000   0.0000   8.0570
2112   395.03   700.00   270.00   1.1767  750.70    0.0000      0.00    0.00    0.00    0.00    0.00    0.00   1.8946   1.8946   0.0000   1.8946   0.0000   0.0000   8.0578
2113   394.17   700.00   270.00   1.1712  750.70    0.0000      0.00    0.00    0.00    0.00    0.00    0.00   1.8830   1.8830   0.0000   1.8830   0.0000   0.0000   8.0586
2114   393.33   700.00   270.00   1.1657  750.70    0.0000      0.00    0.00    0.00    0.00    0.00    0.00   1.8717   1.8717   0.0000   1.8717   0.0000   0.0000   8.0594
2115   392.52   700.00   270.00   1.1604  750.70    0.0000      0.00    0.00    0.00    0.00    0.00    0.00   1.8606   1.8606   0.0000   1.8606   0.0000   0.0000   8.0601
2116   391.72   700.00   270.00   1.1551  750.70    0.0000      0.00    0.00    0.00    0.00    0.00    0.00   1.8498   1.8498   0.0000   1.8498   0.0000   0.0000   8.0609
2117   390.95   700.00   270.00   1.1499  750.70    0.0000      0.00    0.00    0.00    0.00    0.00    0.00   1.8393   1.8393   0.0000   1.8393   0.0000   0.0000   8.0616
2118   390.19   700.00   270.00   1.1448  750.70    0.0000      0.00    0.00    0.00    0.00    0.00    0.00   1.8289   1.8289   0.0000   1.8289   0.0000   0.0000   8.0623
2119   389.46   700.00   270.00   1.1398  750.70    0.0000      0.00    0.00    0.00    0.00    0.00    0.00   1.8188   1.8188   0.0000   1.8188   0.0000   0.0000   8.0630
2120   388.74   700.00   270.00   1.1348  750.70    0.0000      0.00    0.00    0.00    0.00    0.00    0.00   1.8090   1.8090   0.0000   1.8090   0.0000   0.0000   8.0636
2121   388.03   700.00   270.00   1.1299  750.70    0.0000      0.00    0.00    0.00    0.00    0.00    0.00   1.7993   1.7993   0.0000   1.7993   0.0000   0.0000   8.0643
2122   387.35   700.00   270.00   1.1251  750.70    0.0000      0.00    0.00    0.00    0.00    0.00    0.00   1.7898   1.7898   0.0000   1.7898   0.0000   0.0000   8.0649
2123   386.67   700.00   270.00   1.1203  750.70    0.0000      0.00    0.00    0.00    0.00    0.00    0.00   1.7806   1.7806   0.0000   1.7806   0.0000   0.0000   8.0656
2124   386.02   700.00   270.00   1.1157  750.70    0.0000      0.00    0.00    0.00    0.00    0.00    0.00   1.7715   1.7715   0.0000   1.7715   0.0000   0.0000   8.0662
2125   385.38   700.00   270.00   1.1111  750.70    0.0000      0.00    0.00    0.00    0.00    0.00    0.00   1.7626   1.7626   0.0000   1.7626   0.0000   0.0000   8.0668
2126   384.75   700.00   270.00   1.1065  750.70    0.0000      0.00    0.00    0.00    0.00    0.00    0.00   1.7539   1.7539   0.0000   1.7539   0.0000   0.0000   8.0674
2127   384.13   700.00   270.00   1.1021  750.70    0.0000      0.00    0.00    0.00    0.00    0.00    0.00   1.7454   1.7454   0.0000   1.7454   0.0000   0.0000   8.0679
2128   383.53   700.00   270.00   1.0977  750.70    0.0000      0.00    0.00    0.00    0.00    0.00    0.00   1.7370   1.7370   0.0000   1.7370   0.0000   0.0000   8.0685
2129   382.95   700.00   270.00   1.0934  750.70    0.0000      0.00    0.00    0.00    0.00    0.00    0.00   1.7288   1.7288   0.0000   1.7288   0.0000   0.0000   8.0691
2130   382.37   700.00   270.00   1.0891  750.70    0.0000      0.00    0.00    0.00    0.00    0.00    0.00   1.7208   1.7208   0.0000   1.7208   0.0000   0.0000   8.0696
2131   381.81   700.00   270.00   1.0849  750.70    0.0000      0.00    0.00    0.00    0.00    0.00    0.00   1.7129   1.7129   0.0000   1.7129   0.0000   0.0000   8.0701
2132   381.25   700.00   270.00   1.0808  750.70    0.0000      0.00    0.00    0.00    0.00    0.00    0.00   1.7052   1.7052   0.0000   1.7052   0.0000   0.0000   8.0707
2133   380.71   700.00   270.00   1.0767  750.70    0.0000      0.00    0.00    0.00    0.00    0.00    0.00   1.6976   1.6976   0.0000   1.6976   0.0000   0.0000   8.0712
2134   380.18   700.00   270.00   1.0727  750.70    0.0000      0.00    0.00    0.00    0.00    0.00    0.00   1.6902   1.6902   0.0000   1.6902   0.0000   0.0000   8.0717
2135   379.66   700.00   270.00   1.0687  750.70    0.0000      0.00    0.00    0.00    0.00    0.00    0.00   1.6828   1.6828   0.0000   1.6828   0.0000   0.0000   8.0722
2136   379.15   700.00   270.00   1.0648  750.70    0.0000      0.00    0.00    0.00    0.00    0.00    0.00   1.6757   1.6757   0.0000   1.6757   0.0000   0.0000   8.0727
2137   378.65   700.00   270.00   1.0610  750.70    0.0000      0.00    0.00    0.00    0.00    0.00    0.00   1.6686   1.6686   0.0000   1.6686   0.0000   0.0000   8.0731
2138   378.16   700.00   270.00   1.0572  750.70    0.0000      0.00    0.00    0.00    0.00    0.00    0.00   1.6617   1.6617   0.0000   1.6617   0.0000   0.0000   8.0736
2139   377.68   700.00   270.00   1.0535  750.70    0.0000      0.00    0.00    0.00    0.00    0.00    0.00   1.6549   1.6549   0.0000   1.6549   0.0000   0.0000   8.0741
2140   377.21   700.00   270.00   1.0498  750.70    0.0000      0.00    0.00    0.00    0.00    0.00    0.00   1.6482   1.6482   0.0000   1.6482   0.0000   0.0000   8.0745
2141   376.74   700.00   270.00   1.0462  750.70    0.0000      0.00    0.00    0.00    0.00    0.00    0.00   1.6417   1.6417   0.0000   1.6417   0.0000   0.0000   8.0750
2142   376.29   700.00   270.00   1.0426  750.70    0.0000      0.00    0.00    0.00    0.00    0.00    0.00   1.6352   1.6352   0.0000   1.6352   0.0000   0.0000   8.0754
2143   375.84   700.00   270.00   1.0391  750.70    0.0000      0.00    0.00    0.00    0.00    0.00    0.00   1.6289   1.6289   0.0000   1.6289   0.0000   0.0000   8.0758
2144   375.40   700.00   270.00   1.0357  750.70    0.0000      0.00    0.00    0.00    0.00    0.00    0.00   1.6227   1.6227   0.0000   1.6227   0.0000   0.0000   8.0762
2145   374.97   700.00   270.00   1.0322  750.70    0.0000      0.00    0.00    0.00    0.00    0.00    0.00   1.6166   1.6166   0.0000   1.6166   0.0000   0.0000   8.0766
2146   374.55   700.00   270.00   1.0289  750.70    0.0000      0.00    0.00    0.00    0.00    0.00    0.00   1.6105   1.6105   0.0000   1.6105   0.0000   0.0000   8.0771
2147   374.14   700.00   270.00   1.0256  750.70    0.0000      0.00    0.00    0.00    0.00    0.00    0.00   1.6046   1.6046   0.0000   1.6046   0.0000   0.0000   8.0775
2148   373.73   700.00   270.00   1.0223  750.70    0.0000      0.00    0.00    0.00    0.00    0.00    0.00   1.5988   1.5988   0.0000   1.5988   0.0000   0.0000   8.0778
2149   373.33   700.00   270.00   1.0191  750.70    0.0000      0.00    0.00    0.00    0.00    0.00    0.00   1.5931   1.5931   0.0000   1.5931   0.0000   0.0000   8.0782
2150   372.94   700.00   270.00   1.0159  750.70    0.0000      0.00    0.00    0.00    0.00    0.00    0.00   1.5874   1.5874   0.0000   1.5874   0.0000   0.0000   8.0786
2151   372.55   700.00   270.00   1.0127  750.70    0.0000      0.00    0.00    0.00    0.00    0.00    0.00   1.5819   1.5819   0.0000   1.5819   0.0000   0.0000   8.0790
2152   372.17   700.00   270.00   1.0096  750.70    0.0000      0.00    0.00    0.00    0.00    0.00    0.00   1.5765   1.5765   0.0000   1.5765   0.0000   0.0000   8.0793
2153   371.79   700.00   270.00   1.0066  750.70    0.0000      0.00    0.00    0.00    0.00    0.00    0.00   1.5711   1.5711   0.0000   1.5711   0.0000   0.0000   8.0797
2154   371.43   700.00   270.00   1.0036  750.70    0.0000      0.00    0.00    0.00    0.00    0.00    0.00   1.5658   1.5658   0.0000   1.5658   0.0000   0.0000   8.0801
2155   371.07   700.00   270.00   1.0006  750.70    0.0000      0.00    0.00    0.00    0.00    0.00    0.00   1.5606   1.5606   0.0000   1.5606   0.0000   0.0000   8.0804
2156   370.71   700.00   270.00   0.9977  750.70    0.0000      0.00    0.00    0.00    0.00    0.00    0.00   1.5555   1.5555   0.0000   1.5555   0.0000   0.0000   8.0808
2157   370.36   700.00   270.00   0.9948  750.70    0.0000      0.00    0.00    0.00    0.00    0.00    0.00   1.5505   1.5505   0.0000   1.5505   0.0000   0.0000   8.0811
2158   370.02   700.00   270.00   0.9920  750.70    0.0000      0.00    0.00    0.00    0.00    0.00    0.00   1.5455   1.5455   0.0000   1.5455   0.0000   0.0000   8.0814
2159   369.68   700.00   270.00   0.9891  750.70    0.0000      0.00    0.00    0.00    0.00    0.00    0.00   1.5407   1.5407   0.0000   1.5407   0.0000   0.0000   8.0818
2160   369.35   700.00   270.00   0.9864  750.70    0.0000      0.00    0.00    0.00    0.00    0.00    0.00   1.5359   1.5359   0.0000   1.5359   0.0000   0.0000   8.0821
2161   369.02   700.00   270.00   0.9836  750.70    0.0000      0.00    0.00    0.00    0.00    0.00    0.00   1.5311   1.5311   0.0000   1.5311   0.0000   0.0000   8.0824
2162   368.70   700.00   270.00   0.9809  750.70    0.0000      0.00    0.00    0.00    0.00    0.00    0.00   1.5265   1.5265   0.0000   1.5265   0.0000   0.0000   8.0827
2163   368.38   700.00   270.00   0.9783  750.70    0.0000      0.00    0.00    0.00    0.00    0.00    0.00   1.5219   1.5219   0.0000   1.5219   0.0000   0.0000   8.0830
2164   368.07   700.00   270.00   0.9757  750.70    0.0000      0.00    0.00    0.00    0.00    0.00    0.00   1.5174   1.5174   0.0000   1.5174   0.0000   0.0000   8.0833
2165   367.76   700.00   270.00   0.9731  750.70    0.0000      0.00    0.00    0.00    0.00    0.00    0.00   1.5129   1.5129   0.0000   1.5129   0.0000   0.0000   8.0836
2166   367.46   700.00   270.00   0.9705  750.70    0.0000      0.00    0.00    0.00    0.00    0.00    0.00   1.5085   1.5085   0.0000   1.5085   0.0000   0.0000   8.0839
2167   367.16   700.00   270.00   0.9680  750.70    0.0000      0.00    0.00    0.00    0.00    0.00    0.00   1.5042   1.5042   0.0000   1.5042   0.0000   0.0000   8.0842
2168   366.87   700.00   270.00   0.9655  750.70    0.0000      0.00    0.00    0.00    0.00    0.00    0.00   1.4999   1.4999   0.0000   1.4999   0.0000   0.0000   8.0845
2169   366.58   700.00   270.00   0.9630  750.70    0.0000      0.00    0.00    0.00    0.00    0.00    0.00   1.4957   1.4957   0.0000   1.4957   0.0000   0.0000   8.0848
2170   366.30   700.00   270.00   0.9606  750.70    0.0000      0.00    0.00    0.00    0.00    0.00    0.00   1.4916   1.4916   0.0000   1.4916   0.0000   0.0000   8.0851
2171   366.02   700.00   270.00   0.9582  750.70    0.0000      0.00    0.00    0.00    0.00    0.00    0.00   1.4875   1.4875   0.0000   1.4875   0.0000   0.0000   8.0853
2172   365.74   700.00   270.00   0.9558  750.70    0.0000      0.00    0.00    0.00    0.00    0.00    0.00   1.4835   1.4835   0.0000   1.4835   0.0000   0.0000   8.0856
2173   365.47   700.00   270.00   0.9535  750.70    0.0000      0.00    0.00    0.00    0.00    0.00    0.00   1.4796   1.4796   0.0000   1.4796   0.0000   0.0000   8.0859
2174   365.21   700.00   270.00   0.9512  750.70    0.0000      0.00    0.00    0.00    0.00    0.00    0.00   1.4756   1.4756   0.0000   1.4756   0.0000   0.0000   8.0861
2175   364.94   700.00   270.00   0.9489  750.70    0.0000      0.00    0.00    0.00    0.00    0.00    0.00   1.4718   1.4718   0.0000   1.4718   0.0000   0.0000   8.0864
2176   364.68   700.00   270.00   0.9467  750.70    0.0000      0.00    0.00    0.00    0.00    0.00    0.00   1.4680   1.4680   0.0000   1.4680   0.0000   0.0000   8.0867
2177   364.43   700.00   270.00   0.9445  750.70    0.0000      0.00    0.00    0.00    0.00    0.00    0.00   1.4643   1.4643   0.0000   1.4643   0.0000   0.0000   8.0869
2178   364.18   700.00   270.00   0.9423  750.70    0.0000      0.00    0.00    0.00    0.00    0.00    0.00   1.4606   1.4606   0.0000   1.4606   0.0000   0.0000   8.0872
2179   363.93   700.00   270.00   0.9401  750.70    0.0000      0.00    0.00    0.00    0.00    0.00    0.00   1.4569   1.4569   0.0000   1.4569   0.0000   0.0000   8.0874
2180   363.68   700.00   270.00   0.9380  750.70    0.0000      0.00    0.00    0.00    0.00    0.00    0.00   1.4533   1.4533   0.0000   1.4533   0.0000   0.0000   8.0876
2181   363.44   700.00   270.00   0.9359  750.70    0.0000      0.00    0.00    0.00    0.00    0.00    0.00   1.4498   1.4498   0.0000   1.4498   0.0000   0.0000   8.0879
2182   363.20   700.00   270.00   0.9338  750.70    0.0000      0.00    0.00    0.00    0.00    0.00    0.00   1.4463   1.4463   0.0000   1.4463   0.0000   0.0000   8.0881
2183   362.97   700.00   270.00   0.9317  750.70    0.0000      0.00    0.00    0.00    0.00    0.00    0.00   1.4428   1.4428   0.0000   1.4428   0.0000   0.0000   8.0883
2184   362.74   700.00   270.00   0.9297  750.70    0.0000      0.00    0.00    0.00    0.00    0.00    0.00   1.4394   1.4394   0.0000   1.4394   0.0000   0.0000   8.0886
2185   362.51   700.00   270.00   0.9277  750.70    0.0000      0.00    0.00    0.00    0.00    0.00    0.00   1.4361   1.4361   0.0000   1.4361   0.0000   0.0000   8.0888
2186   362.28   700.00   270.00   0.9257  750.70    0.0000      0.00    0.00    0.00    0.00    0.00    0.00   1.4328   1.4328   0.0000   1.4328   0.0000   0.0000   8.0890
2187   362.06   700.00   270.00   0.9237  750.70    0.0000      0.00    0.00    0.00    0.00    0.00    0.00   1.4295   1.4295   0.0000   1.4295   0.0000   0.0000   8.0892
2188   361.84   700.00   270.00   0.9218  750.70    0.0000      0.00    0.00    0.00    0.00    0.00    0.00   1.4263   1.4263   0.0000   1.4263   0.0000   0.0000   8.0895
2189   361.63   700.00   270.00   0.9199  750.70    0.0000      0.00    0.00    0.00    0.00    0.00    0.00   1.4231   1.4231   0.0000   1.4231   0.0000   0.0000   8.0897
2190   361.41   700.00   270.00   0.9180  750.70    0.0000      0.00    0.00    0.00    0.00    0.00    0.00   1.4199   1.4199   0.0000   1.4199   0.0000   0.0000   8.0899
2191   361.20   700.00   270.00   0.9161  750.70    0.0000      0.00    0.00    0.00    0.00    0.00    0.00   1.4168   1.4168   0.0000   1.4168   0.0000   0.0000   8.0901
2192   361.00   700.00   270.00   0.9143  750.70    0.0000      0.00    0.00    0.00    0.00    0.00    0.00   1.4138   1.4138   0.0000   1.4138   0.0000   0.0000   8.0903
2193   360.79   700.00   270.00   0.9124  750.70    0.0000      0.00    0.00    0.00    0.00    0.00    0.00   1.4107   1.4107   0.0000   1.4107   0.0000   0.0000   8.0905
2194   360.59   700.00   270.00   0.9106  750.70    0.0000      0.00    0.00    0.00    0.00    0.00    0.00   1.4077   1.4077   0.0000   1.4077   0.0000   0.0000   8.0907
2195   360.39   700.00   270.00   0.9089  750.70    0.0000      0.00    0.00    0.00    0.00    0.00    0.00   1.4048   1.4048   0.0000   1.4048   0.0000   0.0000   8.0909
2196   360.19   700.00   270.00   0.9071  750.70    0.0000      0.00    0.00    0.00    0.00    0.00    0.00   1.4019   1.4019   0.0000   1.4019   0.0000   0.0000   8.0911
2197   360.00   700.00   270.00   0.9054  750.70    0.0000      0.00    0.00    0.00    0.00    0.00    0.00   1.3990   1.3990   0.0000   1.3990   0.0000   0.0000   8.0913
2198   359.81   700.00   270.00   0.9036  750.70    0.0000      0.00    0.00    0.00    0.00    0.00    0.00   1.3961   1.3961   0.0000   1.3961   0.0000   0.0000   8.0915
2199   359.62   700.00   270.00   0.9019  750.70    0.0000      0.00    0.00    0.00    0.00    0.00    0.00   1.3933   1.3933   0.0000   1.3933   0.0000   0.0000   8.0917
2200   359.43   700.00   270.00   0.9002  750.70    0.0000      0.00    0.00    0.00    0.00    0.00    0.00   1.3906   1.3906   0.0000   1.3906   0.0000   0.0000   8.0919
2201   359.25   700.00   270.00   0.8986  750.70    0.0000      0.00    0.00    0.00    0.00    0.00    0.00   1.3878   1.3878   0.0000   1.3878   0.0000   0.0000   8.0920
2202   359.06   700.00   270.00   0.8969  750.70    0.0000      0.00    0.00    0.00    0.00    0.00    0.00   1.3851   1.3851   0.0000   1.3851   0.0000   0.0000   8.0922
2203   358.88   700.00   270.00   0.8953  750.70    0.0000      0.00    0.00    0.00    0.00    0.00    0.00   1.3824   1.3824   0.0000   1.3824   0.0000   0.0000   8.0924
2204   358.71   700.00   270.00   0.8937  750.70    0.0000      0.00    0.00    0.00    0.00    0.00    0.00   1.3798   1.3798   0.0000   1.3798   0.0000   0.0000   8.0926
2205   358.53   700.00   270.00   0.8921  750.70    0.0000      0.00    0.00    0.00    0.00    0.00    0.00   1.3772   1.3772   0.0000   1.3772   0.0000   0.0000   8.0928
2206   358.36   700.00   270.00   0.8905  750.70    0.0000      0.00    0.00    0.00    0.00    0.00    0.00   1.3746   1.3746   0.0000   1.3746   0.0000   0.0000   8.0929
2207   358.18   700.00   270.00   0.8890  750.70    0.0000      0.00    0.00    0.00    0.00    0.00    0.00   1.3720   1.3720   0.0000   1.3720   0.0000   0.0000   8.0931
2208   358.01   700.00   270.00   0.8874  750.70    0.0000      0.00    0.00    0.00    0.00    0.00    0.00   1.3695   1.3695   0.0000   1.3695   0.0000   0.0000   8.0933
2209   357.85   700.00   270.00   0.8859  750.70    0.0000      0.00    0.00    0.00    0.00    0.00    0.00   1.3670   1.3670   0.0000   1.3670   0.0000   0.0000   8.0934
2210   357.68   700.00   270.00   0.8844  750.70    0.0000      0.00    0.00    0.00    0.00    0.00    0.00   1.3645   1.3645   0.0000   1.3645   0.0000   0.0000   8.0936
2211   357.52   700.00   270.00   0.8829  750.70    0.0000      0.00    0.00    0.00    0.00    0.00    0.00   1.3621   1.3621   0.0000   1.3621   0.0000   0.0000   8.0938
2212   357.36   700.00   270.00   0.8815  750.70    0.0000      0.00    0.00    0.00    0.00    0.00    0.00   1.3597   1.3597   0.0000   1.3597   0.0000   0.0000   8.0939
2213   357.20   700.00   270.00   0.8800  750.70    0.0000      0.00    0.00    0.00    0.00    0.00    0.00   1.3573   1.3573   0.0000   1.3573   0.0000   0.0000   8.0941
2214   357.04   700.00   270.00   0.8785  750.70    0.0000      0.00    0.00    0.00    0.00    0.00    0.00   1.3549   1.3549   0.0000   1.3549   0.0000   0.0000   8.0943
2215   356.88   700.00   270.00   0.8771  750.70    0.0000      0.00    0.00    0.00    0.00    0.00    0.00   1.3526   1.3526   0.0000   1.3526   0.0000   0.0000   8.0944
2216   356.73   700.00   270.00   0.8757  750.70    0.0000      0.00    0.00    0.00    0.00    0.00    0.00   1.3502   1.3502   0.0000   1.3502   0.0000   0.0000   8.0946
2217   356.57   700.00   270.00   0.8743  750.70    0.0000      0.00    0.00    0.00    0.00    0.00    0.00   1.3480   1.3480   0.0000   1.3480   0.0000   0.0000   8.0947
2218   356.42   700.00   270.00   0.8729  750.70    0.0000      0.00    0.00    0.00    0.00    0.00    0.00   1.3457   1.3457   0.0000   1.3457   0.0000   0.0000   8.0949
2219   356.27   700.00   270.00   0.8716  750.70    0.0000      0.00    0.00    0.00    0.00    0.00    0.00   1.3435   1.3435   0.0000   1.3435   0.0000   0.0000   8.0950
2220   356.12   700.00   270.00   0.8702  750.70    0.0000      0.00    0.00    0.00    0.00    0.00    0.00   1.3412   1.3412   0.0000   1.3412   0.0000   0.0000   8.0952
2221   355.98   700.00   270.00   0.8689  750.70    0.0000      0.00    0.00    0.00    0.00    0.00    0.00   1.3390   1.3390   0.0000   1.3390   0.0000   0.0000   8.0953
2222   355.83   700.00   270.00   0.8675  750.70    0.0000      0.00    0.00    0.00    0.00    0.00    0.00   1.3369   1.3369   0.0000   1.3369   0.0000   0.0000   8.0955
2223   355.69   700.00   270.00   0.8662  750.70    0.0000      0.00    0.00    0.00    0.00    0.00    0.00   1.3347   1.3347   0.0000   1.3347   0.0000   0.0000   8.0956
2224   355.55   700.00   270.00   0.8649  750.70    0.0000      0.00    0.00    0.00    0.00    0.00    0.00   1.3326   1.3326   0.0000   1.3326   0.0000   0.0000   8.0957
2225   355.41   700.00   270.00   0.8636  750.70    0.0000      0.00    0.00    0.00    0.00    0.00    0.00   1.3305   1.3305   0.0000   1.3305   0.0000   0.0000   8.0959
2226   355.27   700.00   270.00   0.8623  750.70    0.0000      0.00    0.00    0.00    0.00    0.00    0.00   1.3284   1.3284   0.0000   1.3284   0.0000   0.0000   8.0960
2227   355.13   700.00   270.00   0.8611  750.70    0.0000      0.00    0.00    0.00    0.00    0.00    0.00   1.3263   1.3263   0.0000   1.3263   0.0000   0.0000   8.0962
2228   355.00   700.00   270.00   0.8598  750.70    0.0000      0.00    0.00    0.00    0.00    0.00    0.00   1.3243   1.3243   0.0000   1.3243   0.0000   0.0000   8.0963
2229   354.86   700.00   270.00   0.8586  750.70    0.0000      0.00    0.00    0.00    0.00    0.00    0.00   1.3223   1.3223   0.0000   1.3223   0.0000   0.0000   8.0964
2230   354.73   700.00   270.00   0.8574  750.70    0.0000      0.00    0.00    0.00    0.00    0.00    0.00   1.3203   1.3203   0.0000   1.3203   0.0000   0.0000   8.0966
2231   354.60   700.00   270.00   0.8561  750.70    0.0000      0.00    0.00    0.00    0.00    0.00    0.00   1.3183   1.3183   0.0000   1.3183   0.0000   0.0000   8.0967
2232   354.47   700.00   270.00   0.8549  750.70    0.0000      0.00    0.00    0.00    0.00    0.00    0.00   1.3163   1.3163   0.0000   1.3163   0.0000   0.0000   8.0968
2233   354.34   700.00   270.00   0.8537  750.70    0.0000      0.00    0.00    0.00    0.00    0.00    0.00   1.3144   1.3144   0.0000   1.3144   0.0000   0.0000   8.0970
2234   354.21   700.00   270.00   0.8526  750.70    0.0000      0.00    0.00    0.00    0.00    0.00    0.00   1.3125   1.3125   0.0000   1.3125   0.0000   0.0000   8.0971
2235   354.08   700.00   270.00   0.8514  750.70    0.0000      0.00    0.00    0.00    0.00    0.00    0.00   1.3105   1.3105   0.0000   1.3105   0.0000   0.0000   8.0972
2236   353.96   700.00   270.00   0.8502  750.70    0.0000      0.00    0.00    0.00    0.00    0.00    0.00   1.3086   1.3086   0.0000   1.3086   0.0000   0.0000   8.0974
2237   353.83   700.00   270.00   0.8491  750.70    0.0000      0.00    0.00    0.00    0.00    0.00    0.00   1.3068   1.3068   0.0000   1.3068   0.0000   0.0000   8.0975
2238   353.71   700.00   270.00   0.8479  750.70    0.0000      0.00    0.00    0.00    0.00    0.00    0.00   1.3049   1.3049   0.0000   1.3049   0.0000   0.0000   8.0976
2239   353.59   700.00   270.00   0.8468  750.70    0.0000      0.00    0.00    0.00    0.00    0.00    0.00   1.3031   1.3031   0.0000   1.3031   0.0000   0.0000   8.0977
2240   353.47   700.00   270.00   0.8457  750.70    0.0000      0.00    0.00    0.00    0.00    0.00    0.00   1.3012   1.3012   0.0000   1.3012   0.0000   0.0000   8.0978
2241   353.35   700.00   270.00   0.8446  750.70    0.0000      0.00    0.00    0.00    0.00    0.00    0.00   1.2994   1.2994   0.0000   1.2994   0.0000   0.0000   8.0980
2242   353.23   700.00   270.00   0.8435  750.70    0.0000      0.00    0.00    0.00    0.00    0.00    0.00   1.2976   1.2976   0.0000   1.2976   0.0000   0.0000   8.0981
2243   353.11   700.00   270.00   0.8424  750.70    0.0000      0.00    0.00    0.00    0.00    0.00    0.00   1.2959   1.2959   0.0000   1.2959   0.0000   0.0000   8.0982
2244   352.99   700.00   270.00   0.8413  750.70    0.0000      0.00    0.00    0.00    0.00    0.00    0.00   1.2941   1.2941   0.0000   1.2941   0.0000   0.0000   8.0983
2245   352.88   700.00   270.00   0.8402  750.70    0.0000      0.00    0.00    0.00    0.00    0.00    0.00   1.2924   1.2924   0.0000   1.2924   0.0000   0.0000   8.0984
2246   352.76   700.00   270.00   0.8391  750.70    0.0000      0.00    0.00    0.00    0.00    0.00    0.00   1.2906   1.2906   0.0000   1.2906   0.0000   0.0000   8.0986
2247   352.65   700.00   270.00   0.8381  750.70    0.0000      0.00    0.00    0.00    0.00    0.00    0.00   1.2889   1.2889   0.0000   1.2889   0.0000   0.0000   8.0987
2248   352.54   700.00   270.00   0.8370  750.70    0.0000      0.00    0.00    0.00    0.00    0.00    0.00   1.2872   1.2872   0.0000   1.2872   0.0000   0.0000   8.0988
2249   352.43   700.00   270.00   0.8360  750.70    0.0000      0.00    0.00    0.00    0.00    0.00    0.00   1.2855   1.2855   0.0000   1.2855   0.0000   0.0000   8.0989
2250   352.32   700.00   270.00   0.8350  750.70    0.0000      0.00    0.00    0.00    0.00    0.00    0.00   1.2838   1.2838   0.0000   1.2838   0.0000   0.0000   8.0990
2251   352.21   700.00   270.00   0.8340  750.70    0.0000      0.00    0.00    0.00    0.00    0.00    0.00   1.2822   1.2822   0.0000   1.2822   0.0000   0.0000   8.0991
2252   352.10   700.00   270.00   0.8329  750.70    0.0000      0.00    0.00    0.00    0.00    0.00    0.00   1.2805   1.2805   0.0000   1.2805   0.0000   0.0000   8.0992
2253   351.99   700.00   270.00   0.8319  750.70    0.0000      0.00    0.00    0.00    0.00    0.00    0.00   1.2789   1.2789   0.0000   1.2789   0.0000   0.0000   8.0993
2254   351.88   700.00   270.00   0.8310  750.70    0.0000      0.00    0.00    0.00    0.00    0.00    0.00   1.2773   1.2773   0.0000   1.2773   0.0000   0.0000   8.0995
2255   351.78   700.00   270.00   0.8300  750.70    0.0000      0.00    0.00    0.00    0.00    0.00    0.00   1.2757   1.2757   0.0000   1.2757   0.0000   0.0000   8.0996
2256   351.67   700.00   270.00   0.8290  750.70    0.0000      0.00    0.00    0.00    0.00    0.00    0.00   1.2741   1.2741   0.0000   1.2741   0.0000   0.0000   8.0997
2257   351.57   700.00   270.00   0.8280  750.70    0.0000      0.00    0.00    0.00    0.00    0.00    0.00   1.2725   1.2725   0.0000   1.2725   0.0000   0.0000   8.0998
2258   351.46   700.00   270.00   0.8270  750.70    0.0000      0.00    0.00    0.00    0.00    0.00    0.00   1.2709   1.2709   0.0000   1.2709   0.0000   0.0000   8.0999
2259   351.36   700.00   270.00   0.8261  750.70    0.0000      0.00    0.00    0.00    0.00    0.00    0.00   1.2694   1.2694   0.0000   1.2694   0.0000   0.0000   8.1000
2260   351.26   700.00   270.00   0.8251  750.70    0.0000      0.00    0.00    0.00    0.00    0.00    0.00   1.2678   1.2678   0.0000   1.2678   0.0000   0.0000   8.1001
2261   351.16   700.00   270.00   0.8242  750.70    0.0000      0.00    0.00    0.00    0.00    0.00    0.00   1.2663   1.2663   0.0000   1.2663   0.0000   0.0000   8.1002
2262   351.06   700.00   270.00   0.8233  750.70    0.0000      0.00    0.00    0.00    0.00    0.00    0.00   1.2647   1.2647   0.0000   1.2647   0.0000   0.0000   8.1003
2263   350.96   700.00   270.00   0.8223  750.70    0.0000      0.00    0.00    0.00    0.00    0.00    0.00   1.2632   1.2632   0.0000   1.2632   0.0000   0.0000   8.1004
2264   350.86   700.00   270.00   0.8214  750.70    0.0000      0.00    0.00    0.00    0.00    0.00    0.00   1.2617   1.2617   0.0000   1.2617   0.0000   0.0000   8.1005
2265   350.76   700.00   270.00   0.8205  750.70    0.0000      0.00    0.00    0.00    0.00    0.00    0.00   1.2602   1.2602   0.0000   1.2602   0.0000   0.0000   8.1006
2266   350.66   700.00   270.00   0.8196  750.70    0.0000      0.00    0.00    0.00    0.00    0.00    0.00   1.2588   1.2588   0.0000   1.2588   0.0000   0.0000   8.1007
2267   350.57   700.00   270.00   0.8187  750.70    0.0000      0.00    0.00    0.00    0.00    0.00    0.00   1.2573   1.2573   0.0000   1.2573   0.0000   0.0000   8.1008
2268   350.47   700.00   270.00   0.8178  750.70    0.0000      0.00    0.00    0.00    0.00    0.00    0.00   1.2558   1.2558   0.0000   1.2558   0.0000   0.0000   8.1009
2269   350.38   700.00   270.00   0.8169  750.70    0.0000      0.00    0.00    0.00    0.00    0.00    0.00   1.2544   1.2544   0.0000   1.2544   0.0000   0.0000   8.1010
2270   350.28   700.00   270.00   0.8160  750.70    0.0000      0.00    0.00    0.00    0.00    0.00    0.00   1.2529   1.2529   0.0000   1.2529   0.0000   0.0000   8.1011
2271   350.19   700.00   270.00   0.8151  750.70    0.0000      0.00    0.00    0.00    0.00    0.00    0.00   1.2515   1.2515   0.0000   1.2515   0.0000   0.0000   8.1012
2272   350.10   700.00   270.00   0.8143  750.70    0.0000      0.00    0.00    0.00    0.00    0.00    0.00   1.2501   1.2501   0.0000   1.2501   0.0000   0.0000   8.1013
2273   350.00   700.00   270.00   0.8134  750.70    0.0000      0.00    0.00    0.00    0.00    0.00    0.00   1.2487   1.2487   0.0000   1.2487   0.0000   0.0000   8.1014
2274   349.91   700.00   270.00   0.8125  750.70    0.0000      0.00    0.00    0.00    0.00    0.00    0.00   1.2473   1.2473   0.0000   1.2473   0.0000   0.0000   8.1015
2275   349.82   700.00   270.00   0.8117  750.70    0.0000      0.00    0.00    0.00    0.00    0.00    0.00   1.2459   1.2459   0.0000   1.2459   0.0000   0.0000   8.1016
2276   349.73   700.00   270.00   0.8108  750.70    0.0000      0.00    0.00    0.00    0.00    0.00    0.00   1.2445   1.2445   0.0000   1.2445   0.0000   0.0000   8.1016
2277   349.64   700.00   270.00   0.8100  750.70    0.0000      0.00    0.00    0.00    0.00    0.00    0.00   1.2431   1.2431   0.0000   1.2431   0.0000   0.0000   8.1017
2278   349.55   700.00   270.00   0.8092  750.70    0.0000      0.00    0.00    0.00    0.00    0.00    0.00   1.2418   1.2418   0.0000   1.2418   0.0000   0.0000   8.1018
2279   349.46   700.00   270.00   0.8083  750.70    0.0000      0.00    0.00    0.00    0.00    0.00    0.00   1.2404   1.2404   0.0000   1.2404   0.0000   0.0000   8.1019
2280   349.37   700.00   270.00   0.8075  750.70    0.0000      0.00    0.00    0.00    0.00    0.00    0.00   1.2391   1.2391   0.0000   1.2391   0.0000   0.0000   8.1020
2281   349.28   700.00   270.00   0.8067  750.70    0.0000      0.00    0.00    0.00    0.00    0.00    0.00   1.2377   1.2377   0.0000   1.2377   0.0000   0.0000   8.1021
2282   349.20   700.00   270.00   0.8059  750.70    0.0000      0.00    0.00    0.00    0.00    0.00    0.00   1.2364   1.2364   0.0000   1.2364   0.0000   0.0000   8.1022
2283   349.11   700.00   270.00   0.8051  750.70    0.0000      0.00    0.00    0.00    0.00    0.00    0.00   1.2351   1.2351   0.0000   1.2351   0.0000   0.0000   8.1023
2284   349.03   700.00   270.00   0.8043  750.70    0.0000      0.00    0.00    0.00    0.00    0.00    0.00   1.2337   1.2337   0.0000   1.2337   0.0000   0.0000   8.1024
2285   348.94   700.00   270.00   0.8035  750.70    0.0000      0.00    0.00    0.00    0.00    0.00    0.00   1.2324   1.2324   0.0000   1.2324   0.0000   0.0000   8.1025
2286   348.85   700.00   270.00   0.8027  750.70    0.0000      0.00    0.00    0.00    0.00    0.00    0.00   1.2311   1.2311   0.0000   1.2311   0.0000   0.0000   8.1025
2287   348.77   700.00   270.00   0.8019  750.70    0.0000      0.00    0.00    0.00    0.00    0.00    0.00   1.2299   1.2299   0.0000   1.2299   0.0000   0.0000   8.1026
2288   348.69   700.00   270.00   0.8011  750.70    0.0000      0.00    0.00    0.00    0.00    0.00    0.00   1.2286   1.2286   0.0000   1.2286   0.0000   0.0000   8.1027
2289   348.60   700.00   270.00   0.8003  750.70    0.0000      0.00    0.00    0.00    0.00    0.00    0.00   1.2273   1.2273   0.0000   1.2273   0.0000   0.0000   8.1028
2290   348.52   700.00   270.00   0.7995  750.70    0.0000      0.00    0.00    0.00    0.00    0.00    0.00   1.2260   1.2260   0.0000   1.2260   0.0000   0.0000   8.1029
2291   348.44   700.00   270.00   0.7988  750.70    0.0000      0.00    0.00    0.00    0.00    0.00    0.00   1.2248   1.2248   0.0000   1.2248   0.0000   0.0000   8.1030
2292   348.36   700.00   270.00   0.7980  750.70    0.0000      0.00    0.00    0.00    0.00    0.00    0.00   1.2235   1.2235   0.0000   1.2235   0.0000   0.0000   8.1031
2293   348.28   700.00   270.00   0.7973  750.70    0.0000      0.00    0.00    0.00    0.00    0.00    0.00   1.2223   1.2223   0.0000   1.2223   0.0000   0.0000   8.1031
2294   348.19   700.00   270.00   0.7965  750.70    0.0000      0.00    0.00    0.00    0.00    0.00    0.00   1.2210   1.2210   0.0000   1.2210   0.0000   0.0000   8.1032
2295   348.11   700.00   270.00   0.7957  750.70    0.0000      0.00    0.00    0.00    0.00    0.00    0.00   1.2198   1.2198   0.0000   1.2198   0.0000   0.0000   8.1033
2296   348.03   700.00   270.00   0.7950  750.70    0.0000      0.00    0.00    0.00    0.00    0.00    0.00   1.2186   1.2186   0.0000   1.2186   0.0000   0.0000   8.1034
2297   347.95   700.00   270.00   0.7942  750.70    0.0000      0.00    0.00    0.00    0.00    0.00    0.00   1.2173   1.2173   0.0000   1.2173   0.0000   0.0000   8.1035
2298   347.88   700.00   270.00   0.7935  750.70    0.0000      0.00    0.00    0.00    0.00    0.00    0.00   1.2161   1.2161   0.0000   1.2161   0.0000   0.0000   8.1035
2299   347.80   700.00   270.00   0.7928  750.70    0.0000      0.00    0.00    0.00    0.00    0.00    0.00   1.2149   1.2149   0.0000   1.2149   0.0000   0.0000   8.1036
2300   347.72   700.00   270.00   0.7920  750.70    0.0000      0.00    0.00    0.00    0.00    0.00    0.00   1.2137   1.2137   0.0000   1.2137   0.0000   0.0000   8.1037
2301   347.64   700.00   270.00   0.7913  750.70    0.0000      0.00    0.00    0.00    0.00    0.00    0.00   1.2125   1.2125   0.0000   1.2125   0.0000   0.0000   8.1038
2302   347.56   700.00   270.00   0.7906  750.70    0.0000      0.00    0.00    0.00    0.00    0.00    0.00   1.2114   1.2114   0.0000   1.2114   0.0000   0.0000   8.1039
2303   347.49   700.00   270.00   0.7899  750.70    0.0000      0.00    0.00    0.00    0.00    0.00    0.00   1.2102   1.2102   0.0000   1.2102   0.0000   0.0000   8.1039
2304   347.41   700.00   270.00   0.7892  750.70    0.0000      0.00    0.00    0.00    0.00    0.00    0.00   1.2090   1.2090   0.0000   1.2090   0.0000   0.0000   8.1040
2305   347.33   700.00   270.00   0.7884  750.70    0.0000      0.00    0.00    0.00    0.00    0.00    0.00   1.2078   1.2078   0.0000   1.2078   0.0000   0.0000   8.1041
2306   347.26   700.00   270.00   0.7877  750.70    0.0000      0.00    0.00    0.00    0.00    0.00    0.00   1.2067   1.2067   0.0000   1.2067   0.0000   0.0000   8.1042
2307   347.18   700.00   270.00   0.7870  750.70    0.0000      0.00    0.00    0.00    0.00    0.00    0.00   1.2055   1.2055   0.0000   1.2055   0.0000   0.0000   8.1043
2308   347.11   700.00   270.00   0.7863  750.70    0.0000      0.00    0.00    0.00    0.00    0.00    0.00   1.2044   1.2044   0.0000   1.2044   0.0000   0.0000   8.1043
2309   347.03   700.00   270.00   0.7856  750.70    0.0000      0.00    0.00    0.00    0.00    0.00    0.00   1.2032   1.2032   0.0000   1.2032   0.0000   0.0000   8.1044
2310   346.96   700.00   270.00   0.7849  750.70    0.0000      0.00    0.00    0.00    0.00    0.00    0.00   1.2021   1.2021   0.0000   1.2021   0.0000   0.0000   8.1045
2311   346.89   700.00   270.00   0.7842  750.70    0.0000      0.00    0.00    0.00    0.00    0.00    0.00   1.2009   1.2009   0.0000   1.2009   0.0000   0.0000   8.1046
2312   346.81   700.00   270.00   0.7836  750.70    0.0000      0.00    0.00    0.00    0.00    0.00    0.00   1.1998   1.1998   0.0000   1.1998   0.0000   0.0000   8.1046
2313   346.74   700.00   270.00   0.7829  750.70    0.0000      0.00    0.00    0.00    0.00    0.00    0.00   1.1987   1.1987   0.0000   1.1987   0.0000   0.0000   8.1047
2314   346.67   700.00   270.00   0.7822  750.70    0.0000      0.00    0.00    0.00    0.00    0.00    0.00   1.1976   1.1976   0.0000   1.1976   0.0000   0.0000   8.1048
2315   346.60   700.00   270.00   0.7815  750.70    0.0000      0.00    0.00    0.00    0.00    0.00    0.00   1.1965   1.1965   0.0000   1.1965   0.0000   0.0000   8.1049
2316   346.52   700.00   270.00   0.7808  750.70    0.0000      0.00    0.00    0.00    0.00    0.00    0.00   1.1954   1.1954   0.0000   1.1954   0.0000   0.0000   8.1049
2317   346.45   700.00   270.00   0.7802  750.70    0.0000      0.00    0.00    0.00    0.00    0.00    0.00   1.1943   1.1943   0.0000   1.1943   0.0000   0.0000   8.1050
2318   346.38   700.00   270.00   0.7795  750.70    0.0000      0.00    0.00    0.00    0.00    0.00    0.00   1.1932   1.1932   0.0000   1.1932   0.0000   0.0000   8.1051
2319   346.31   700.00   270.00   0.7788  750.70    0.0000      0.00    0.00    0.00    0.00    0.00    0.00   1.1921   1.1921   0.0000   1.1921   0.0000   0.0000   8.1052
2320   346.24   700.00   270.00   0.7782  750.70    0.0000      0.00    0.00    0.00    0.00    0.00    0.00   1.1910   1.1910   0.0000   1.1910   0.0000   0.0000   8.1052
2321   346.17   700.00   270.00   0.7775  750.70    0.0000      0.00    0.00    0.00    0.00    0.00    0.00   1.1899   1.1899   0.0000   1.1899   0.0000   0.0000   8.1053
2322   346.10   700.00   270.00   0.7769  750.70    0.0000      0.00    0.00    0.00    0.00    0.00    0.00   1.1888   1.1888   0.0000   1.1888   0.0000   0.0000   8.1054
2323   346.03   700.00   270.00   0.7762  750.70    0.0000      0.00    0.00    0.00    0.00    0.00    0.00   1.1877   1.1877   0.0000   1.1877   0.0000   0.0000   8.1054
2324   345.96   700.00   270.00   0.7756  750.70    0.0000      0.00    0.00    0.00    0.00    0.00    0.00   1.1867   1.1867   0.0000   1.1867   0.0000   0.0000   8.1055
2325   345.89   700.00   270.00   0.7749  750.70    0.0000      0.00    0.00    0.00    0.00    0.00    0.00   1.1856   1.1856   0.0000   1.1856   0.0000   0.0000   8.1056
2326   345.82   700.00   270.00   0.7743  750.70    0.0000      0.00    0.00    0.00    0.00    0.00    0.00   1.1846   1.1846   0.0000   1.1846   0.0000   0.0000   8.1057
2327   345.76   700.00   270.00   0.7736  750.70    0.0000      0.00    0.00    0.00    0.00    0.00    0.00   1.1835   1.1835   0.0000   1.1835   0.0000   0.0000   8.1057
2328   345.69   700.00   270.00   0.7730  750.70    0.0000      0.00    0.00    0.00    0.00    0.00    0.00   1.1825   1.1825   0.0000   1.1825   0.0000   0.0000   8.1058
2329   345.62   700.00   270.00   0.7724  750.70    0.0000      0.00    0.00    0.00    0.00    0.00    0.00   1.1814   1.1814   0.0000   1.1814   0.0000   0.0000   8.1059
2330   345.55   700.00   270.00   0.7717  750.70    0.0000      0.00    0.00    0.00    0.00    0.00    0.00   1.1804   1.1804   0.0000   1.1804   0.0000   0.0000   8.1059
2331   345.49   700.00   270.00   0.7711  750.70    0.0000      0.00    0.00    0.00    0.00    0.00    0.00   1.1793   1.1793   0.0000   1.1793   0.0000   0.0000   8.1060
2332   345.42   700.00   270.00   0.7705  750.70    0.0000      0.00    0.00    0.00    0.00    0.00    0.00   1.1783   1.1783   0.0000   1.1783   0.0000   0.0000   8.1061
2333   345.35   700.00   270.00   0.7699  750.70    0.0000      0.00    0.00    0.00    0.00    0.00    0.00   1.1773   1.1773   0.0000   1.1773   0.0000   0.0000   8.1061
2334   345.29   700.00   270.00   0.7692  750.70    0.0000      0.00    0.00    0.00    0.00    0.00    0.00   1.1763   1.1763   0.0000   1.1763   0.0000   0.0000   8.1062
2335   345.22   700.00   270.00   0.7686  750.70    0.0000      0.00    0.00    0.00    0.00    0.00    0.00   1.1752   1.1752   0.0000   1.1752   0.0000   0.0000   8.1063
2336   345.15   700.00   270.00   0.7680  750.70    0.0000      0.00    0.00    0.00    0.00    0.00    0.00   1.1742   1.1742   0.0000   1.1742   0.0000   0.0000   8.1063
2337   345.09   700.00   270.00   0.7674  750.70    0.0000      0.00    0.00    0.00    0.00    0.00    0.00   1.1732   1.1732   0.0000   1.1732   0.0000   0.0000   8.1064
2338   345.02   700.00   270.00   0.7668  750.70    0.0000      0.00    0.00    0.00    0.00    0.00    0.00   1.1722   1.1722   0.0000   1.1722   0.0000   0.0000   8.1065
2339   344.96   700.00   270.00   0.7662  750.70    0.0000      0.00    0.00    0.00    0.00    0.00    0.00   1.1712   1.1712   0.0000   1.1712   0.0000   0.0000   8.1066
2340   344.89   700.00   270.00   0.7656  750.70    0.0000      0.00    0.00    0.00    0.00    0.00    0.00   1.1702   1.1702   0.0000   1.1702   0.0000   0.0000   8.1066
2341   344.83   700.00   270.00   0.7650  750.70    0.0000      0.00    0.00    0.00    0.00    0.00    0.00   1.1692   1.1692   0.0000   1.1692   0.0000   0.0000   8.1067
2342   344.77   700.00   270.00   0.7644  750.70    0.0000      0.00    0.00    0.00    0.00    0.00    0.00   1.1682   1.1682   0.0000   1.1682   0.0000   0.0000   8.1068
2343   344.70   700.00   270.00   0.7638  750.70    0.0000      0.00    0.00    0.00    0.00    0.00    0.00   1.1672   1.1672   0.0000   1.1672   0.0000   0.0000   8.1068
2344   344.64   700.00   270.00   0.7632  750.70    0.0000      0.00    0.00    0.00    0.00    0.00    0.00   1.1662   1.1662   0.0000   1.1662   0.0000   0.0000   8.1069
2345   344.58   700.00   270.00   0.7626  750.70    0.0000      0.00    0.00    0.00    0.00    0.00    0.00   1.1653   1.1653   0.0000   1.1653   0.0000   0.0000   8.1069
2346   344.51   700.00   270.00   0.7620  750.70    0.0000      0.00    0.00    0.00    0.00    0.00    0.00   1.1643   1.1643   0.0000   1.1643   0.0000   0.0000   8.1070
2347   344.45   700.00   270.00   0.7614  750.70    0.0000      0.00    0.00    0.00    0.00    0.00    0.00   1.1633   1.1633   0.0000   1.1633   0.0000   0.0000   8.1071
2348   344.39   700.00   270.00   0.7608  750.70    0.0000      0.00    0.00    0.00    0.00    0.00    0.00   1.1624   1.1624   0.0000   1.1624   0.0000   0.0000   8.1071
2349   344.33   700.00   270.00   0.7602  750.70    0.0000      0.00    0.00    0.00    0.00    0.00    0.00   1.1614   1.1614   0.0000   1.1614   0.0000   0.0000   8.1072
2350   344.26   700.00   270.00   0.7596  750.70    0.0000      0.00    0.00    0.00    0.00    0.00    0.00   1.1604   1.1604   0.0000   1.1604   0.0000   0.0000   8.1073
2351   344.20   700.00   270.00   0.7591  750.70    0.0000      0.00    0.00    0.00    0.00    0.00    0.00   1.1595   1.1595   0.0000   1.1595   0.0000   0.0000   8.1073
2352   344.14   700.00   270.00   0.7585  750.70    0.0000      0.00    0.00    0.00    0.00    0.00    0.00   1.1585   1.1585   0.0000   1.1585   0.0000   0.0000   8.1074
2353   344.08   700.00   270.00   0.7579  750.70    0.0000      0.00    0.00    0.00    0.00    0.00    0.00   1.1576   1.1576   0.0000   1.1576   0.0000   0.0000   8.1075
2354   344.02   700.00   270.00   0.7573  750.70    0.0000      0.00    0.00    0.00    0.00    0.00    0.00   1.1566   1.1566   0.0000   1.1566   0.0000   0.0000   8.1075
2355   343.96   700.00   270.00   0.7567  750.70    0.0000      0.00    0.00    0.00    0.00    0.00    0.00   1.1557   1.1557   0.0000   1.1557   0.0000   0.0000   8.1076
2356   343.90   700.00   270.00   0.7562  750.70    0.0000      0.00    0.00    0.00    0.00    0.00    0.00   1.1547   1.1547   0.0000   1.1547   0.0000   0.0000   8.1077
2357   343.84   700.00   270.00   0.7556  750.70    0.0000      0.00    0.00    0.00    0.00    0.00    0.00   1.1538   1.1538   0.0000   1.1538   0.0000   0.0000   8.1077
2358   343.78   700.00   270.00   0.7550  750.70    0.0000      0.00    0.00    0.00    0.00    0.00    0.00   1.1529   1.1529   0.0000   1.1529   0.0000   0.0000   8.1078
2359   343.72   700.00   270.00   0.7545  750.70    0.0000      0.00    0.00    0.00    0.00    0.00    0.00   1.1519   1.1519   0.0000   1.1519   0.0000   0.0000   8.1078
2360   343.66   700.00   270.00   0.7539  750.70    0.0000      0.00    0.00    0.00    0.00    0.00    0.00   1.1510   1.1510   0.0000   1.1510   0.0000   0.0000   8.1079
2361   343.60   700.00   270.00   0.7534  750.70    0.0000      0.00    0.00    0.00    0.00    0.00    0.00   1.1501   1.1501   0.0000   1.1501   0.0000   0.0000   8.1080
2362   343.54   700.00   270.00   0.7528  750.70    0.0000      0.00    0.00    0.00    0.00    0.00    0.00   1.1492   1.1492   0.0000   1.1492   0.0000   0.0000   8.1080
2363   343.48   700.00   270.00   0.7522  750.70    0.0000      0.00    0.00    0.00    0.00    0.00    0.00   1.1482   1.1482   0.0000   1.1482   0.0000   0.0000   8.1081
2364   343.42   700.00   270.00   0.7517  750.70    0.0000      0.00    0.00    0.00    0.00    0.00    0.00   1.1473   1.1473   0.0000   1.1473   0.0000   0.0000   8.1081
2365   343.36   700.00   270.00   0.7511  750.70    0.0000      0.00    0.00    0.00    0.00    0.00    0.00   1.1464   1.1464   0.0000   1.1464   0.0000   0.0000   8.1082
2366   343.30   700.00   270.00   0.7506  750.70    0.0000      0.00    0.00    0.00    0.00    0.00    0.00   1.1455   1.1455   0.0000   1.1455   0.0000   0.0000   8.1083
2367   343.24   700.00   270.00   0.7500  750.70    0.0000      0.00    0.00    0.00    0.00    0.00    0.00   1.1446   1.1446   0.0000   1.1446   0.0000   0.0000   8.1083
2368   343.19   700.00   270.00   0.7495  750.70    0.0000      0.00    0.00    0.00    0.00    0.00    0.00   1.1437   1.1437   0.0000   1.1437   0.0000   0.0000   8.1084
2369   343.13   700.00   270.00   0.7489  750.70    0.0000      0.00    0.00    0.00    0.00    0.00    0.00   1.1428   1.1428   0.0000   1.1428   0.0000   0.0000   8.1084
2370   343.07   700.00   270.00   0.7484  750.70    0.0000      0.00    0.00    0.00    0.00    0.00    0.00   1.1419   1.1419   0.0000   1.1419   0.0000   0.0000   8.1085
2371   343.01   700.00   270.00   0.7479  750.70    0.0000      0.00    0.00    0.00    0.00    0.00    0.00   1.1410   1.1410   0.0000   1.1410   0.0000   0.0000   8.1086
2372   342.96   700.00   270.00   0.7473  750.70    0.0000      0.00    0.00    0.00    0.00    0.00    0.00   1.1401   1.1401   0.0000   1.1401   0.0000   0.0000   8.1086
2373   342.90   700.00   270.00   0.7468  750.70    0.0000      0.00    0.00    0.00    0.00    0.00    0.00   1.1392   1.1392   0.0000   1.1392   0.0000   0.0000   8.1087
2374   342.84   700.00   270.00   0.7462  750.70    0.0000      0.00    0.00    0.00    0.00    0.00    0.00   1.1383   1.1383   0.0000   1.1383   0.0000   0.0000   8.1087
2375   342.79   700.00   270.00   0.7457  750.70    0.0000      0.00    0.00    0.00    0.00    0.00    0.00   1.1375   1.1375   0.0000   1.1375   0.0000   0.0000   8.1088
2376   342.73   700.00   270.00   0.7452  750.70    0.0000      0.00    0.00    0.00    0.00    0.00    0.00   1.1366   1.1366   0.0000   1.1366   0.0000   0.0000   8.1089
2377   342.67   700.00   270.00   0.7446  750.70    0.0000      0.00    0.00    0.00    0.00    0.00    0.00   1.1357   1.1357   0.0000   1.1357   0.0000   0.0000   8.1089
2378   342.62   700.00   270.00   0.7441  750.70    0.0000      0.00    0.00    0.00    0.00    0.00    0.00   1.1348   1.1348   0.0000   1.1348   0.0000   0.0000   8.1090
2379   342.56   700.00   270.00   0.7436  750.70    0.0000      0.00    0.00    0.00    0.00    0.00    0.00   1.1340   1.1340   0.0000   1.1340   0.0000   0.0000   8.1090
2380   342.51   700.00   270.00   0.7431  750.70    0.0000      0.00    0.00    0.00    0.00    0.00    0.00   1.1331   1.1331   0.0000   1.1331   0.0000   0.0000   8.1091
2381   342.45   700.00   270.00   0.7425  750.70    0.0000      0.00    0.00    0.00    0.00    0.00    0.00   1.1322   1.1322   0.0000   1.1322   0.0000   0.0000   8.1092
2382   342.40   700.00   270.00   0.7420  750.70    0.0000      0.00    0.00    0.00    0.00    0.00    0.00   1.1314   1.1314   0.0000   1.1314   0.0000   0.0000   8.1092
2383   342.34   700.00   270.00   0.7415  750.70    0.0000      0.00    0.00    0.00    0.00    0.00    0.00   1.1305   1.1305   0.0000   1.1305   0.0000   0.0000   8.1093
2384   342.29   700.00   270.00   0.7410  750.70    0.0000      0.00    0.00    0.00    0.00    0.00    0.00   1.1297   1.1297   0.0000   1.1297   0.0000   0.0000   8.1093
2385   342.23   700.00   270.00   0.7405  750.70    0.0000      0.00    0.00    0.00    0.00    0.00    0.00   1.1288   1.1288   0.0000   1.1288   0.0000   0.0000   8.1094
2386   342.18   700.00   270.00   0.7399  750.70    0.0000      0.00    0.00    0.00    0.00    0.00    0.00   1.1280   1.1280   0.0000   1.1280   0.0000   0.0000   8.1094
2387   342.12   700.00   270.00   0.7394  750.70    0.0000      0.00    0.00    0.00    0.00    0.00    0.00   1.1271   1.1271   0.0000   1.1271   0.0000   0.0000   8.1095
2388   342.07   700.00   270.00   0.7389  750.70    0.0000      0.00    0.00    0.00    0.00    0.00    0.00   1.1263   1.1263   0.0000   1.1263   0.0000   0.0000   8.1096
2389   342.01   700.00   270.00   0.7384  750.70    0.0000      0.00    0.00    0.00    0.00    0.00    0.00   1.1254   1.1254   0.0000   1.1254   0.0000   0.0000   8.1096
2390   341.96   700.00   270.00   0.7379  750.70    0.0000      0.00    0.00    0.00    0.00    0.00    0.00   1.1246   1.1246   0.0000   1.1246   0.0000   0.0000   8.1097
2391   341.91   700.00   270.00   0.7374  750.70    0.0000      0.00    0.00    0.00    0.00    0.00    0.00   1.1237   1.1237   0.0000   1.1237   0.0000   0.0000   8.1097
2392   341.85   700.00   270.00   0.7369  750.70    0.0000      0.00    0.00    0.00    0.00    0.00    0.00   1.1229   1.1229   0.0000   1.1229   0.0000   0.0000   8.1098
2393   341.80   700.00   270.00   0.7364  750.70    0.0000      0.00    0.00    0.00    0.00    0.00    0.00   1.1221   1.1221   0.0000   1.1221   0.0000   0.0000   8.1098
2394   341.75   700.00   270.00   0.7359  750.70    0.0000      0.00    0.00    0.00    0.00    0.00    0.00   1.1212   1.1212   0.0000   1.1212   0.0000   0.0000   8.1099
2395   341.69   700.00   270.00   0.7354  750.70    0.0000      0.00    0.00    0.00    0.00    0.00    0.00   1.1204   1.1204   0.0000   1.1204   0.0000   0.0000   8.1099
2396   341.64   700.00   270.00   0.7349  750.70    0.0000      0.00    0.00    0.00    0.00    0.00    0.00   1.1196   1.1196   0.0000   1.1196   0.0000   0.0000   8.1100
2397   341.59   700.00   270.00   0.7344  750.70    0.0000      0.00    0.00    0.00    0.00    0.00    0.00   1.1188   1.1188   0.0000   1.1188   0.0000   0.0000   8.1101
2398   341.53   700.00   270.00   0.7339  750.70    0.0000      0.00    0.00    0.00    0.00    0.00    0.00   1.1179   1.1179   0.0000   1.1179   0.0000   0.0000   8.1101
2399   341.48   700.00   270.00   0.7334  750.70    0.0000      0.00    0.00    0.00    0.00    0.00    0.00   1.1171   1.1171   0.0000   1.1171   0.0000   0.0000   8.1102
2400   341.43   700.00   270.00   0.7329  750.70    0.0000      0.00    0.00    0.00    0.00    0.00    0.00   1.1163   1.1163   0.0000   1.1163   0.0000   0.0000   8.1102
2401   341.38   700.00   270.00   0.7324  750.70    0.0000      0.00    0.00    0.00    0.00    0.00    0.00   1.1155   1.1155   0.0000   1.1155   0.0000   0.0000   8.1103
2402   341.33   700.00   270.00   0.7319  750.70    0.0000      0.00    0.00    0.00    0.00    0.00    0.00   1.1147   1.1147   0.0000   1.1147   0.0000   0.0000   8.1103
2403   341.27   700.00   270.00   0.7314  750.70    0.0000      0.00    0.00    0.00    0.00    0.00    0.00   1.1139   1.1139   0.0000   1.1139   0.0000   0.0000   8.1104
2404   341.22   700.00   270.00   0.7309  750.70    0.0000      0.00    0.00    0.00    0.00    0.00    0.00   1.1131   1.1131   0.0000   1.1131   0.0000   0.0000   8.1104
2405   341.17   700.00   270.00   0.7304  750.70    0.0000      0.00    0.00    0.00    0.00    0.00    0.00   1.1122   1.1122   0.0000   1.1122   0.0000   0.0000   8.1105
2406   341.12   700.00   270.00   0.7299  750.70    0.0000      0.00    0.00    0.00    0.00    0.00    0.00   1.1114   1.1114   0.0000   1.1114   0.0000   0.0000   8.1105
2407   341.07   700.00   270.00   0.7294  750.70    0.0000      0.00    0.00    0.00    0.00    0.00    0.00   1.1106   1.1106   0.0000   1.1106   0.0000   0.0000   8.1106
2408   341.02   700.00   270.00   0.7290  750.70    0.0000      0.00    0.00    0.00    0.00    0.00    0.00   1.1098   1.1098   0.0000   1.1098   0.0000   0.0000   8.1106
2409   340.97   700.00   270.00   0.7285  750.70    0.0000      0.00    0.00    0.00    0.00    0.00    0.00   1.1090   1.1090   0.0000   1.1090   0.0000   0.0000   8.1107
2410   340.92   700.00   270.00   0.7280  750.70    0.0000      0.00    0.00    0.00    0.00    0.00    0.00   1.1083   1.1083   0.0000   1.1083   0.0000   0.0000   8.1108
2411   340.86   700.00   270.00   0.7275  750.70    0.0000      0.00    0.00    0.00    0.00    0.00    0.00   1.1075   1.1075   0.0000   1.1075   0.0000   0.0000   8.1108
2412   340.81   700.00   270.00   0.7270  750.70    0.0000      0.00    0.00    0.00    0.00    0.00    0.00   1.1067   1.1067   0.0000   1.1067   0.0000   0.0000   8.1109
2413   340.76   700.00   270.00   0.7266  750.70    0.0000      0.00    0.00    0.00    0.00    0.00    0.00   1.1059   1.1059   0.0000   1.1059   0.0000   0.0000   8.1109
2414   340.71   700.00   270.00   0.7261  750.70    0.0000      0.00    0.00    0.00    0.00    0.00    0.00   1.1051   1.1051   0.0000   1.1051   0.0000   0.0000   8.1110
2415   340.66   700.00   270.00   0.7256  750.70    0.0000      0.00    0.00    0.00    0.00    0.00    0.00   1.1043   1.1043   0.0000   1.1043   0.0000   0.0000   8.1110
2416   340.61   700.00   270.00   0.7251  750.70    0.0000      0.00    0.00    0.00    0.00    0.00    0.00   1.1035   1.1035   0.0000   1.1035   0.0000   0.0000   8.1111
2417   340.56   700.00   270.00   0.7247  750.70    0.0000      0.00    0.00    0.00    0.00    0.00    0.00   1.1028   1.1028   0.0000   1.1028   0.0000   0.0000   8.1111
2418   340.52   700.00   270.00   0.7242  750.70    0.0000      0.00    0.00    0.00    0.00    0.00    0.00   1.1020   1.1020   0.0000   1.1020   0.0000   0.0000   8.1112
2419   340.47   700.00   270.00   0.7237  750.70    0.0000      0.00    0.00    0.00    0.00    0.00    0.00   1.1012   1.1012   0.0000   1.1012   0.0000   0.0000   8.1112
2420   340.42   700.00   270.00   0.7232  750.70    0.0000      0.00    0.00    0.00    0.00    0.00    0.00   1.1004   1.1004   0.0000   1.1004   0.0000   0.0000   8.1113
2421   340.37   700.00   270.00   0.7228  750.70    0.0000      0.00    0.00    0.00    0.00    0.00    0.00   1.0997   1.0997   0.0000   1.0997   0.0000   0.0000   8.1113
2422   340.32   700.00   270.00   0.7223  750.70    0.0000      0.00    0.00    0.00    0.00    0.00    0.00   1.0989   1.0989   0.0000   1.0989   0.0000   0.0000   8.1114
2423   340.27   700.00   270.00   0.7218  750.70    0.0000      0.00    0.00    0.00    0.00    0.00    0.00   1.0981   1.0981   0.0000   1.0981   0.0000   0.0000   8.1114
2424   340.22   700.00   270.00   0.7214  750.70    0.0000      0.00    0.00    0.00    0.00    0.00    0.00   1.0974   1.0974   0.0000   1.0974   0.0000   0.0000   8.1115
2425   340.17   700.00   270.00   0.7209  750.70    0.0000      0.00    0.00    0.00    0.00    0.00    0.00   1.0966   1.0966   0.0000   1.0966   0.0000   0.0000   8.1115
2426   340.12   700.00   270.00   0.7205  750.70    0.0000      0.00    0.00    0.00    0.00    0.00    0.00   1.0959   1.0959   0.0000   1.0959   0.0000   0.0000   8.1116
2427   340.08   700.00   270.00   0.7200  750.70    0.0000      0.00    0.00    0.00    0.00    0.00    0.00   1.0951   1.0951   0.0000   1.0951   0.0000   0.0000   8.1116
2428   340.03   700.00   270.00   0.7195  750.70    0.0000      0.00    0.00    0.00    0.00    0.00    0.00   1.0943   1.0943   0.0000   1.0943   0.0000   0.0000   8.1117
2429   339.98   700.00   270.00   0.7191  750.70    0.0000      0.00    0.00    0.00    0.00    0.00    0.00   1.0936   1.0936   0.0000   1.0936   0.0000   0.0000   8.1117
2430   339.93   700.00   270.00   0.7186  750.70    0.0000      0.00    0.00    0.00    0.00    0.00    0.00   1.0928   1.0928   0.0000   1.0928   0.0000   0.0000   8.1118
2431   339.88   700.00   270.00   0.7182  750.70    0.0000      0.00    0.00    0.00    0.00    0.00    0.00   1.0921   1.0921   0.0000   1.0921   0.0000   0.0000   8.1118
2432   339.84   700.00   270.00   0.7177  750.70    0.0000      0.00    0.00    0.00    0.00    0.00    0.00   1.0913   1.0913   0.0000   1.0913   0.0000   0.0000   8.1119
2433   339.79   700.00   270.00   0.7173  750.70    0.0000      0.00    0.00    0.00    0.00    0.00    0.00   1.0906   1.0906   0.0000   1.0906   0.0000   0.0000   8.1119
2434   339.74   700.00   270.00   0.7168  750.70    0.0000      0.00    0.00    0.00    0.00    0.00    0.00   1.0898   1.0898   0.0000   1.0898   0.0000   0.0000   8.1120
2435   339.69   700.00   270.00   0.7164  750.70    0.0000      0.00    0.00    0.00    0.00    0.00    0.00   1.0891   1.0891   0.0000   1.0891   0.0000   0.0000   8.1120
2436   339.65   700.00   270.00   0.7159  750.70    0.0000      0.00    0.00    0.00    0.00    0.00    0.00   1.0884   1.0884   0.0000   1.0884   0.0000   0.0000   8.1121
2437   339.60   700.00   270.00   0.7155  750.70    0.0000      0.00    0.00    0.00    0.00    0.00    0.00   1.0876   1.0876   0.0000   1.0876   0.0000   0.0000   8.1121
2438   339.55   700.00   270.00   0.7150  750.70    0.0000      0.00    0.00    0.00    0.00    0.00    0.00   1.0869   1.0869   0.0000   1.0869   0.0000   0.0000   8.1122
2439   339.51   700.00   270.00   0.7146  750.70    0.0000      0.00    0.00    0.00    0.00    0.00    0.00   1.0862   1.0862   0.0000   1.0862   0.0000   0.0000   8.1122
2440   339.46   700.00   270.00   0.7141  750.70    0.0000      0.00    0.00    0.00    0.00    0.00    0.00   1.0854   1.0854   0.0000   1.0854   0.0000   0.0000   8.1123
2441   339.41   700.00   270.00   0.7137  750.70    0.0000      0.00    0.00    0.00    0.00    0.00    0.00   1.0847   1.0847   0.0000   1.0847   0.0000   0.0000   8.1123
2442   339.37   700.00   270.00   0.7132  750.70    0.0000      0.00    0.00    0.00    0.00    0.00    0.00   1.0840   1.0840   0.0000   1.0840   0.0000   0.0000   8.1124
2443   339.32   700.00   270.00   0.7128  750.70    0.0000      0.00    0.00    0.00    0.00    0.00    0.00   1.0832   1.0832   0.0000   1.0832   0.0000   0.0000   8.1124
2444   339.28   700.00   270.00   0.7123  750.70    0.0000      0.00    0.00    0.00    0.00    0.00    0.00   1.0825   1.0825   0.0000   1.0825   0.0000   0.0000   8.1125
2445   339.23   700.00   270.00   0.7119  750.70    0.0000      0.00    0.00    0.00    0.00    0.00    0.00   1.0818   1.0818   0.0000   1.0818   0.0000   0.0000   8.1125
2446   339.18   700.00   270.00   0.7115  750.70    0.0000      0.00    0.00    0.00    0.00    0.00    0.00   1.0811   1.0811   0.0000   1.0811   0.0000   0.0000   8.1126
2447   339.14   700.00   270.00   0.7110  750.70    0.0000      0.00    0.00    0.00    0.00    0.00    0.00   1.0804   1.0804   0.0000   1.0804   0.0000   0.0000   8.1126
2448   339.09   700.00   270.00   0.7106  750.70    0.0000      0.00    0.00    0.00    0.00    0.00    0.00   1.0796   1.0796   0.0000   1.0796   0.0000   0.0000   8.1127
2449   339.05   700.00   270.00   0.7102  750.70    0.0000      0.00    0.00    0.00    0.00    0.00    0.00   1.0789   1.0789   0.0000   1.0789   0.0000   0.0000   8.1127
2450   339.00   700.00   270.00   0.7097  750.70    0.0000      0.00    0.00    0.00    0.00    0.00    0.00   1.0782   1.0782   0.0000   1.0782   0.0000   0.0000   8.1128
2451   338.96   700.00   270.00   0.7093  750.70    0.0000      0.00    0.00    0.00    0.00    0.00    0.00   1.0775   1.0775   0.0000   1.0775   0.0000   0.0000   8.1128
2452   338.91   700.00   270.00   0.7089  750.70    0.0000      0.00    0.00    0.00    0.00    0.00    0.00   1.0768   1.0768   0.0000   1.0768   0.0000   0.0000   8.1129
2453   338.87   700.00   270.00   0.7084  750.70    0.0000      0.00    0.00    0.00    0.00    0.00    0.00   1.0761   1.0761   0.0000   1.0761   0.0000   0.0000   8.1129
2454   338.82   700.00   270.00   0.7080  750.70    0.0000      0.00    0.00    0.00    0.00    0.00    0.00   1.0754   1.0754   0.0000   1.0754   0.0000   0.0000   8.1129
2455   338.78   700.00   270.00   0.7076  750.70    0.0000      0.00    0.00    0.00    0.00    0.00    0.00   1.0747   1.0747   0.0000   1.0747   0.0000   0.0000   8.1130
2456   338.73   700.00   270.00   0.7071  750.70    0.0000      0.00    0.00    0.00    0.00    0.00    0.00   1.0740   1.0740   0.0000   1.0740   0.0000   0.0000   8.1130
2457   338.69   700.00   270.00   0.7067  750.70    0.0000      0.00    0.00    0.00    0.00    0.00    0.00   1.0733   1.0733   0.0000   1.0733   0.0000   0.0000   8.1131
2458   338.64   700.00   270.00   0.7063  750.70    0.0000      0.00    0.00    0.00    0.00    0.00    0.00   1.0726   1.0726   0.0000   1.0726   0.0000   0.0000   8.1131
2459   338.60   700.00   270.00   0.7059  750.70    0.0000      0.00    0.00    0.00    0.00    0.00    0.00   1.0719   1.0719   0.0000   1.0719   0.0000   0.0000   8.1132
2460   338.56   700.00   270.00   0.7054  750.70    0.0000      0.00    0.00    0.00    0.00    0.00    0.00   1.0712   1.0712   0.0000   1.0712   0.0000   0.0000   8.1132
2461   338.51   700.00   270.00   0.7050  750.70    0.0000      0.00    0.00    0.00    0.00    0.00    0.00   1.0705   1.0705   0.0000   1.0705   0.0000   0.0000   8.1133
2462   338.47   700.00   270.00   0.7046  750.70    0.0000      0.00    0.00    0.00    0.00    0.00    0.00   1.0698   1.0698   0.0000   1.0698   0.0000   0.0000   8.1133
2463   338.42   700.00   270.00   0.7042  750.70    0.0000      0.00    0.00    0.00    0.00    0.00    0.00   1.0691   1.0691   0.0000   1.0691   0.0000   0.0000   8.1134
2464   338.38   700.00   270.00   0.7037  750.70    0.0000      0.00    0.00    0.00    0.00    0.00    0.00   1.0684   1.0684   0.0000   1.0684   0.0000   0.0000   8.1134
2465   338.34   700.00   270.00   0.7033  750.70    0.0000      0.00    0.00    0.00    0.00    0.00    0.00   1.0677   1.0677   0.0000   1.0677   0.0000   0.0000   8.1135
2466   338.29   700.00   270.00   0.7029  750.70    0.0000      0.00    0.00    0.00    0.00    0.00    0.00   1.0671   1.0671   0.0000   1.0671   0.0000   0.0000   8.1135
2467   338.25   700.00   270.00   0.7025  750.70    0.0000      0.00    0.00    0.00    0.00    0.00    0.00   1.0664   1.0664   0.0000   1.0664   0.0000   0.0000   8.1135
2468   338.21   700.00   270.00   0.7021  750.70    0.0000      0.00    0.00    0.00    0.00    0.00    0.00   1.0657   1.0657   0.0000   1.0657   0.0000   0.0000   8.1136
2469   338.16   700.00   270.00   0.7017  750.70    0.0000      0.00    0.00    0.00    0.00    0.00    0.00   1.0650   1.0650   0.0000   1.0650   0.0000   0.0000   8.1136
2470   338.12   700.00   270.00   0.7012  750.70    0.0000      0.00    0.00    0.00    0.00    0.00    0.00   1.0643   1.0643   0.0000   1.0643   0.0000   0.0000   8.1137
2471   338.08   700.00   270.00   0.7008  750.70    0.0000      0.00    0.00    0.00    0.00    0.00    0.00   1.0637   1.0637   0.0000   1.0637   0.0000   0.0000   8.1137
2472   338.04   700.00   270.00   0.7004  750.70    0.0000      0.00    0.00    0.00    0.00    0.00    0.00   1.0630   1.0630   0.0000   1.0630   0.0000   0.0000   8.1138
2473   337.99   700.00   270.00   0.7000  750.70    0.0000      0.00    0.00    0.00    0.00    0.00    0.00   1.0623   1.0623   0.0000   1.0623   0.0000   0.0000   8.1138
2474   337.95   700.00   270.00   0.6996  750.70    0.0000      0.00    0.00    0.00    0.00    0.00    0.00   1.0616   1.0616   0.0000   1.0616   0.0000   0.0000   8.1139
2475   337.91   700.00   270.00   0.6992  750.70    0.0000      0.00    0.00    0.00    0.00    0.00    0.00   1.0610   1.0610   0.0000   1.0610   0.0000   0.0000   8.1139
2476   337.87   700.00   270.00   0.6988  750.70    0.0000      0.00    0.00    0.00    0.00    0.00    0.00   1.0603   1.0603   0.0000   1.0603   0.0000   0.0000   8.1140
2477   337.82   700.00   270.00   0.6984  750.70    0.0000      0.00    0.00    0.00    0.00    0.00    0.00   1.0596   1.0596   0.0000   1.0596   0.0000   0.0000   8.1140
2478   337.78   700.00   270.00   0.6980  750.70    0.0000      0.00    0.00    0.00    0.00    0.00    0.00   1.0590   1.0590   0.0000   1.0590   0.0000   0.0000   8.1140
2479   337.74   700.00   270.00   0.6976  750.70    0.0000      0.00    0.00    0.00    0.00    0.00    0.00   1.0583   1.0583   0.0000   1.0583   0.0000   0.0000   8.1141
2480   337.70   700.00   270.00   0.6972  750.70    0.0000      0.00    0.00    0.00    0.00    0.00    0.00   1.0576   1.0576   0.0000   1.0576   0.0000   0.0000   8.1141
2481   337.66   700.00   270.00   0.6967  750.70    0.0000      0.00    0.00    0.00    0.00    0.00    0.00   1.0570   1.0570   0.0000   1.0570   0.0000   0.0000   8.1142
2482   337.62   700.00   270.00   0.6963  750.70    0.0000      0.00    0.00    0.00    0.00    0.00    0.00   1.0563   1.0563   0.0000   1.0563   0.0000   0.0000   8.1142
2483   337.57   700.00   270.00   0.6959  750.70    0.0000      0.00    0.00    0.00    0.00    0.00    0.00   1.0557   1.0557   0.0000   1.0557   0.0000   0.0000   8.1143
2484   337.53   700.00   270.00   0.6955  750.70    0.0000      0.00    0.00    0.00    0.00    0.00    0.00   1.0550   1.0550   0.0000   1.0550   0.0000   0.0000   8.1143
2485   337.49   700.00   270.00   0.6951  750.70    0.0000      0.00    0.00    0.00    0.00    0.00    0.00   1.0544   1.0544   0.0000   1.0544   0.0000   0.0000   8.1143
2486   337.45   700.00   270.00   0.6947  750.70    0.0000      0.00    0.00    0.00    0.00    0.00    0.00   1.0537   1.0537   0.0000   1.0537   0.0000   0.0000   8.1144
2487   337.41   700.00   270.00   0.6943  750.70    0.0000      0.00    0.00    0.00    0.00    0.00    0.00   1.0531   1.0531   0.0000   1.0531   0.0000   0.0000   8.1144
2488   337.37   700.00   270.00   0.6939  750.70    0.0000      0.00    0.00    0.00    0.00    0.00    0.00   1.0524   1.0524   0.0000   1.0524   0.0000   0.0000   8.1145
2489   337.33   700.00   270.00   0.6936  750.70    0.0000      0.00    0.00    0.00    0.00    0.00    0.00   1.0518   1.0518   0.0000   1.0518   0.0000   0.0000   8.1145
2490   337.29   700.00   270.00   0.6932  750.70    0.0000      0.00    0.00    0.00    0.00    0.00    0.00   1.0511   1.0511   0.0000   1.0511   0.0000   0.0000   8.1146
2491   337.25   700.00   270.00   0.6928  750.70    0.0000      0.00    0.00    0.00    0.00    0.00    0.00   1.0505   1.0505   0.0000   1.0505   0.0000   0.0000   8.1146
2492   337.20   700.00   270.00   0.6924  750.70    0.0000      0.00    0.00    0.00    0.00    0.00    0.00   1.0498   1.0498   0.0000   1.0498   0.0000   0.0000   8.1147
2493   337.16   700.00   270.00   0.6920  750.70    0.0000      0.00    0.00    0.00    0.00    0.00    0.00   1.0492   1.0492   0.0000   1.0492   0.0000   0.0000   8.1147
2494   337.12   700.00   270.00   0.6916  750.70    0.0000      0.00    0.00    0.00    0.00    0.00    0.00   1.0486   1.0486   0.0000   1.0486   0.0000   0.0000   8.1147
2495   337.08   700.00   270.00   0.6912  750.70    0.0000      0.00    0.00    0.00    0.00    0.00    0.00   1.0479   1.0479   0.0000   1.0479   0.0000   0.0000   8.1148
2496   337.04   700.00   270.00   0.6908  750.70    0.0000      0.00    0.00    0.00    0.00    0.00    0.00   1.0473   1.0473   0.0000   1.0473   0.0000   0.0000   8.1148
2497   337.00   700.00   270.00   0.6904  750.70    0.0000      0.00    0.00    0.00    0.00    0.00    0.00   1.0466   1.0466   0.0000   1.0466   0.0000   0.0000   8.1149
2498   336.96   700.00   270.00   0.6900  750.70    0.0000      0.00    0.00    0.00    0.00    0.00    0.00   1.0460   1.0460   0.0000   1.0460   0.0000   0.0000   8.1149
2499   336.92   700.00   270.00   0.6896  750.70    0.0000      0.00    0.00    0.00    0.00    0.00    0.00   1.0454   1.0454   0.0000   1.0454   0.0000   0.0000   8.1149
2500   336.88   700.00   270.00   0.6892  750.70    0.0000      0.00    0.00    0.00    0.00    0.00    0.00   1.0448   1.0448   0.0000   1.0448   0.0000   0.0000   8.1150
