YEAR RADTTL RADANT RADAER RADCO2 RADCH4 RADN2O RADSO2 RADO3TRP RADO3STR RADrOH RADNOx RADEESC RADSF6 RADCO RADVOC RADCRBAER RADAERIND RADH20STR
1750  -0.0064  -0.0024  -0.0208   0.0000   0.0061   0.0089  -0.0022   0.0010   0.0010   0.0010   0.0010   0.0010   0.0000   0.0010   0.0010  -0.0109  -0.0077   0.0002
1751  -0.0355   0.0005  -0.0210   0.0026   0.0066   0.0090  -0.0022   0.0010   0.0010   0.0010   0.0010   0.0010   0.0000   0.0010   0.0010  -0.0110  -0.0078   0.0003
1752  -0.0531   0.0029  -0.0211   0.0046   0.0070   0.0090  -0.0022   0.0010   0.0010   0.0010   0.0010   0.0010   0.0000   0.0010   0.0010  -0.0111  -0.0078   0.0003
1753  -0.0480   0.0050  -0.0213   0.0063   0.0075   0.0091  -0.0023   0.0010   0.0010   0.0010   0.0010   0.0010   0.0000   0.0010   0.0010  -0.0112  -0.0078   0.0003
1754  -0.0590   0.0070  -0.0214   0.0079   0.0079   0.0091  -0.0023   0.0010   0.0010   0.0010   0.0010   0.0010   0.0000   0.0010   0.0010  -0.0113  -0.0079   0.0003
1755  -0.0690   0.0090  -0.0215   0.0095   0.0084   0.0092  -0.0023   0.0010   0.0010   0.0010   0.0010   0.0010   0.0000   0.0010   0.0010  -0.0113  -0.0079   0.0003
1756  -0.0661   0.0109  -0.0217   0.0110   0.0089   0.0093  -0.0023   0.0010   0.0010   0.0010   0.0010   0.0010   0.0000   0.0010   0.0010  -0.0114  -0.0080   0.0004
1757  -0.0482   0.0128  -0.0218   0.0125   0.0093   0.0093  -0.0023   0.0010   0.0010   0.0010   0.0010   0.0010   0.0000   0.0010   0.0010  -0.0115  -0.0080   0.0004
1758  -0.0383   0.0147  -0.0220   0.0140   0.0098   0.0094  -0.0023   0.0010   0.0010   0.0010   0.0010   0.0010   0.0000   0.0010   0.0010  -0.0116  -0.0081   0.0004
1759  -0.0283   0.0167  -0.0221   0.0157   0.0102   0.0095  -0.0023   0.0010   0.0010   0.0010   0.0010   0.0010   0.0000   0.0010   0.0010  -0.0117  -0.0081   0.0004
1760  -0.0061   0.0189  -0.0222   0.0174   0.0106   0.0095  -0.0023   0.0010   0.0010   0.0010   0.0010   0.0010   0.0000   0.0010   0.0010  -0.0118  -0.0081   0.0004
1761  -0.0390   0.0210  -0.0224   0.0191   0.0111   0.0096  -0.0024   0.0010   0.0010   0.0010   0.0010   0.0010   0.0000   0.0010   0.0010  -0.0118  -0.0082   0.0004
1762  -0.0199   0.0231  -0.0225   0.0209   0.0115   0.0097  -0.0024   0.0010   0.0010   0.0010   0.0010   0.0010   0.0000   0.0010   0.0010  -0.0119  -0.0082   0.0005
1763  -0.0316   0.0254  -0.0226   0.0227   0.0120   0.0098  -0.0024   0.0010   0.0010   0.0010   0.0010   0.0010   0.0000   0.0010   0.0010  -0.0120  -0.0083   0.0005
1764  -0.0505   0.0275  -0.0228   0.0245   0.0124   0.0098  -0.0024   0.0010   0.0010   0.0010   0.0010   0.0010   0.0000   0.0010   0.0010  -0.0121  -0.0083   0.0005
1765  -0.0493   0.0297  -0.0229   0.0263   0.0128   0.0099  -0.0024   0.0010   0.0010   0.0010   0.0010   0.0010   0.0000   0.0010   0.0010  -0.0122  -0.0084   0.0005
1766  -0.1591   0.0319  -0.0231   0.0281   0.0132   0.0100  -0.0024   0.0010   0.0010   0.0010   0.0010   0.0010   0.0000   0.0010   0.0010  -0.0123  -0.0084   0.0005
1767  -0.0600   0.0340  -0.0232   0.0299   0.0136   0.0101  -0.0024   0.0010   0.0010   0.0010   0.0010   0.0010   0.0000   0.0010   0.0010  -0.0123  -0.0084   0.0005
1768   0.0154   0.0364  -0.0234   0.0319   0.0141   0.0101  -0.0024   0.0010   0.0010   0.0010   0.0010   0.0010   0.0000   0.0010   0.0010  -0.0124  -0.0085   0.0006
1769   0.0371   0.0391  -0.0235   0.0341   0.0145   0.0102  -0.0025   0.0010   0.0010   0.0010   0.0010   0.0010   0.0000   0.0010   0.0010  -0.0125  -0.0085   0.0006
1770   0.0598   0.0418  -0.0236   0.0365   0.0149   0.0103  -0.0025   0.0010   0.0010   0.0010   0.0010   0.0010   0.0000   0.0010   0.0010  -0.0126  -0.0086   0.0006
1771   0.0452   0.0442  -0.0243   0.0391   0.0153   0.0104  -0.0026   0.0010   0.0010   0.0010   0.0010   0.0010   0.0000   0.0010   0.0010  -0.0127  -0.0090   0.0006
1772   0.0239   0.0469  -0.0245   0.0416   0.0156   0.0104  -0.0026   0.0010   0.0010   0.0010   0.0010   0.0010   0.0000   0.0010   0.0010  -0.0129  -0.0090   0.0006
1773  -0.0044   0.0496  -0.0248   0.0442   0.0159   0.0105  -0.0026   0.0010   0.0010   0.0010   0.0010   0.0010   0.0000   0.0010   0.0010  -0.0130  -0.0091   0.0006
1774  -0.0366   0.0524  -0.0250   0.0467   0.0163   0.0106  -0.0026   0.0010   0.0010   0.0010   0.0010   0.0010   0.0000   0.0010   0.0010  -0.0132  -0.0092   0.0006
1775  -0.0411   0.0549  -0.0253   0.0491   0.0166   0.0107  -0.0027   0.0010   0.0010   0.0010   0.0010   0.0010   0.0000   0.0010   0.0010  -0.0134  -0.0092   0.0007
1776  -0.2628   0.0572  -0.0255   0.0512   0.0169   0.0108  -0.0027   0.0010   0.0010   0.0010   0.0010   0.0010   0.0000   0.0010   0.0010  -0.0135  -0.0093   0.0007
1777  -0.0036   0.0594  -0.0258   0.0533   0.0173   0.0108  -0.0027   0.0010   0.0010   0.0010   0.0010   0.0010   0.0000   0.0010   0.0010  -0.0137  -0.0094   0.0007
1778   0.0781   0.0621  -0.0260   0.0558   0.0176   0.0109  -0.0027   0.0010   0.0010   0.0010   0.0010   0.0010   0.0000   0.0010   0.0010  -0.0138  -0.0095   0.0007
1779   0.0640   0.0650  -0.0263   0.0585   0.0179   0.0110  -0.0027   0.0010   0.0010   0.0010   0.0010   0.0010   0.0000   0.0010   0.0010  -0.0140  -0.0095   0.0007
1780   0.0680   0.0680  -0.0266   0.0614   0.0183   0.0111  -0.0028   0.0010   0.0010   0.0010   0.0010   0.0010   0.0000   0.0010   0.0010  -0.0142  -0.0096   0.0007
1781   0.0266   0.0706  -0.0271   0.0642   0.0185   0.0111  -0.0029   0.0010   0.0010   0.0010   0.0010   0.0010   0.0000   0.0010   0.0010  -0.0143  -0.0100   0.0007
1782   0.0597   0.0737  -0.0273   0.0671   0.0188   0.0112  -0.0029   0.0010   0.0010   0.0010   0.0010   0.0010   0.0000   0.0010   0.0010  -0.0144  -0.0100   0.0007
1783  -0.4167   0.0763  -0.0274   0.0695   0.0191   0.0113  -0.0029   0.0010   0.0010   0.0010   0.0010   0.0010   0.0000   0.0010   0.0010  -0.0145  -0.0101   0.0008
1784  -0.3680   0.0780  -0.0276   0.0711   0.0193   0.0114  -0.0029   0.0010   0.0010   0.0010   0.0010   0.0010   0.0000   0.0010   0.0010  -0.0146  -0.0101   0.0008
1785  -0.0180   0.0800  -0.0278   0.0729   0.0195   0.0115  -0.0029   0.0010   0.0010   0.0010   0.0010   0.0010   0.0000   0.0010   0.0010  -0.0147  -0.0102   0.0008
1786   0.0485   0.0825  -0.0280   0.0753   0.0198   0.0115  -0.0029   0.0010   0.0010   0.0010   0.0010   0.0010   0.0000   0.0010   0.0010  -0.0148  -0.0102   0.0008
1787   0.0694   0.0854  -0.0282   0.0781   0.0200   0.0116  -0.0030   0.0010   0.0010   0.0010   0.0010   0.0010   0.0000   0.0010   0.0010  -0.0149  -0.0103   0.0008
1788  -0.4500   0.0880  -0.0283   0.0804   0.0203   0.0117  -0.0030   0.0010   0.0010   0.0010   0.0010   0.0010   0.0000   0.0010   0.0010  -0.0150  -0.0104   0.0008
1789  -0.2051   0.0899  -0.0285   0.0821   0.0205   0.0118  -0.0030   0.0010   0.0010   0.0010   0.0010   0.0010   0.0000   0.0010   0.0010  -0.0151  -0.0104   0.0008
1790   0.0002   0.0922  -0.0287   0.0843   0.0208   0.0119  -0.0030   0.0010   0.0010   0.0010   0.0010   0.0010   0.0000   0.0010   0.0010  -0.0152  -0.0105   0.0008
1791   0.1038   0.0948  -0.0292   0.0869   0.0212   0.0119  -0.0031   0.0010   0.0010   0.0010   0.0010   0.0010   0.0000   0.0010   0.0010  -0.0153  -0.0108   0.0008
1792   0.0750   0.0980  -0.0293   0.0898   0.0215   0.0120  -0.0031   0.0010   0.0010   0.0010   0.0010   0.0010   0.0000   0.0010   0.0010  -0.0154  -0.0108   0.0009
1793   0.0823   0.1013  -0.0295   0.0927   0.0219   0.0121  -0.0031   0.0010   0.0010   0.0010   0.0010   0.0010   0.0000   0.0010   0.0010  -0.0154  -0.0109   0.0009
1794   0.0615   0.1045  -0.0296   0.0956   0.0223   0.0122  -0.0031   0.0010   0.0010   0.0010   0.0010   0.0010   0.0000   0.0010   0.0010  -0.0155  -0.0109   0.0009
1795   0.0667   0.1077  -0.0297   0.0984   0.0227   0.0123  -0.0032   0.0010   0.0010   0.0010   0.0010   0.0010   0.0000   0.0010   0.0010  -0.0156  -0.0110   0.0009
1796   0.0487   0.1107  -0.0298   0.1011   0.0231   0.0123  -0.0032   0.0010   0.0010   0.0010   0.0010   0.0010   0.0000   0.0010   0.0010  -0.0157  -0.0110   0.0009
1797   0.0513   0.1133  -0.0303   0.1037   0.0235   0.0124  -0.0033   0.0010   0.0010   0.0010   0.0010   0.0010   0.0000   0.0010   0.0010  -0.0157  -0.0113   0.0009
1798   0.0413   0.1163  -0.0305   0.1062   0.0239   0.0125  -0.0033   0.0010   0.0010   0.0010   0.0010   0.0010   0.0000   0.0010   0.0010  -0.0158  -0.0114   0.0009
1799   0.0430   0.1190  -0.0306   0.1087   0.0243   0.0126  -0.0033   0.0010   0.0010   0.0010   0.0010   0.0010   0.0000   0.0010   0.0010  -0.0159  -0.0114   0.0010
1800   0.0404   0.1214  -0.0312   0.1111   0.0247   0.0127  -0.0034   0.0010   0.0010   0.0010   0.0010   0.0010   0.0000   0.0010   0.0010  -0.0160  -0.0118   0.0010
1801   0.0492   0.1242  -0.0314   0.1135   0.0252   0.0128  -0.0034   0.0010   0.0010   0.0010   0.0010   0.0010   0.0000   0.0010   0.0010  -0.0161  -0.0118   0.0010
1802   0.0693   0.1263  -0.0324   0.1159   0.0257   0.0129  -0.0036   0.0010   0.0010   0.0010   0.0010   0.0010   0.0000   0.0010   0.0010  -0.0163  -0.0125   0.0010
1803   0.0516   0.1296  -0.0322   0.1184   0.0263   0.0130  -0.0035   0.0010   0.0010   0.0010   0.0010   0.0010   0.0000   0.0010   0.0010  -0.0164  -0.0123   0.0010
1804   0.0405   0.1325  -0.0325   0.1208   0.0268   0.0131  -0.0036   0.0010   0.0010   0.0010   0.0010   0.0010   0.0000   0.0010   0.0010  -0.0165  -0.0124   0.0011
1805   0.0483   0.1353  -0.0327   0.1233   0.0274   0.0132  -0.0036   0.0010   0.0010   0.0010   0.0010   0.0010   0.0000   0.0010   0.0010  -0.0167  -0.0124   0.0011
1806   0.0479   0.1379  -0.0333   0.1258   0.0279   0.0133  -0.0037   0.0010   0.0010   0.0010   0.0010   0.0010   0.0000   0.0010   0.0010  -0.0168  -0.0128   0.0011
1807   0.0289   0.1409  -0.0336   0.1284   0.0284   0.0134  -0.0037   0.0010   0.0010   0.0010   0.0010   0.0010   0.0000   0.0010   0.0010  -0.0170  -0.0129   0.0011
1808   0.0251   0.1441  -0.0338   0.1311   0.0290   0.0135  -0.0037   0.0010   0.0010   0.0010   0.0010   0.0010   0.0000   0.0010   0.0010  -0.0171  -0.0129   0.0011
1809  -4.0617   0.1423  -0.0340   0.1288   0.0297   0.0136  -0.0038   0.0010   0.0010   0.0010   0.0010   0.0010   0.0000   0.0010   0.0010  -0.0173  -0.0130   0.0012
1810  -2.2793   0.1357  -0.0343   0.1217   0.0303   0.0137  -0.0038   0.0010   0.0010   0.0010   0.0010   0.0010   0.0000   0.0010   0.0010  -0.0174  -0.0131   0.0012
1811  -0.5054   0.1316  -0.0348   0.1176   0.0307   0.0138  -0.0039   0.0010   0.0010   0.0010   0.0010   0.0010   0.0000   0.0010   0.0010  -0.0175  -0.0134   0.0012
1812  -0.4497   0.1313  -0.0350   0.1169   0.0312   0.0139  -0.0039   0.0010   0.0010   0.0010   0.0010   0.0010   0.0000   0.0010   0.0010  -0.0176  -0.0135   0.0012
1813  -0.4001   0.1329  -0.0352   0.1179   0.0317   0.0140  -0.0039   0.0010   0.0010   0.0010   0.0010   0.0010   0.0000   0.0010   0.0010  -0.0177  -0.0136   0.0013
1814  -0.0734   0.1356  -0.0354   0.1202   0.0323   0.0141  -0.0039   0.0010   0.0010   0.0010   0.0010   0.0010   0.0000   0.0010   0.0010  -0.0178  -0.0136   0.0013
1815  -4.0659   0.1341  -0.0359   0.1184   0.0330   0.0142  -0.0040   0.0010   0.0010   0.0010   0.0010   0.0010   0.0000   0.0010   0.0010  -0.0179  -0.0140   0.0013
1816  -4.0207   0.1263  -0.0365   0.1104   0.0337   0.0144  -0.0041   0.0010   0.0010   0.0010   0.0010   0.0010   0.0000   0.0010   0.0010  -0.0180  -0.0143   0.0013
1817  -0.9288   0.1202  -0.0371   0.1042   0.0341   0.0145  -0.0042   0.0010   0.0010   0.0010   0.0010   0.0010   0.0000   0.0010   0.0010  -0.0181  -0.0147   0.0013
1818  -0.0649   0.1201  -0.0372   0.1038   0.0345   0.0146  -0.0043   0.0010   0.0010   0.0010   0.0010   0.0010   0.0000   0.0010   0.0010  -0.0182  -0.0147   0.0014
1819  -0.0046   0.1234  -0.0374   0.1066   0.0350   0.0147  -0.0043   0.0010   0.0010   0.0010   0.0010   0.0010   0.0000   0.0010   0.0010  -0.0184  -0.0148   0.0014
1820   0.0109   0.1279  -0.0376   0.1106   0.0356   0.0148  -0.0043   0.0010   0.0010   0.0010   0.0010   0.0010   0.0000   0.0010   0.0010  -0.0185  -0.0149   0.0014
1821   0.0166   0.1326  -0.0379   0.1148   0.0361   0.0149  -0.0043   0.0010   0.0010   0.0010   0.0010   0.0010   0.0000   0.0010   0.0010  -0.0186  -0.0149   0.0014
1822  -0.1044   0.1366  -0.0385   0.1188   0.0366   0.0151  -0.0044   0.0010   0.0010   0.0010   0.0010   0.0010   0.0000   0.0010   0.0010  -0.0187  -0.0153   0.0015
1823  -1.1532   0.1388  -0.0391   0.1210   0.0372   0.0152  -0.0045   0.0010   0.0010   0.0010   0.0010   0.0010   0.0000   0.0010   0.0010  -0.0189  -0.0157   0.0015
1824  -0.3957   0.1403  -0.0393   0.1220   0.0377   0.0153  -0.0046   0.0010   0.0010   0.0010   0.0010   0.0010   0.0000   0.0010   0.0010  -0.0190  -0.0157   0.0015
1825   0.0092   0.1422  -0.0399   0.1237   0.0383   0.0154  -0.0047   0.0010   0.0010   0.0010   0.0010   0.0010   0.0000   0.0010   0.0010  -0.0191  -0.0161   0.0015
1826   0.0729   0.1449  -0.0402   0.1260   0.0388   0.0156  -0.0047   0.0010   0.0010   0.0010   0.0010   0.0010   0.0000   0.0010   0.0010  -0.0193  -0.0162   0.0015
1827   0.0944   0.1474  -0.0408   0.1285   0.0394   0.0157  -0.0048   0.0010   0.0010   0.0010   0.0010   0.0010   0.0000   0.0010   0.0010  -0.0195  -0.0166   0.0016
1828   0.1003   0.1503  -0.0410   0.1308   0.0399   0.0159  -0.0048   0.0010   0.0010   0.0010   0.0010   0.0010   0.0000   0.0010   0.0010  -0.0196  -0.0166   0.0016
1829   0.1049   0.1529  -0.0413   0.1330   0.0405   0.0160  -0.0048   0.0010   0.0010   0.0010   0.0010   0.0010   0.0000   0.0010   0.0010  -0.0197  -0.0167   0.0016
1830  -0.6469   0.1521  -0.0439   0.1341   0.0410   0.0161  -0.0054   0.0010   0.0010   0.0010   0.0010   0.0010   0.0000   0.0010   0.0010  -0.0199  -0.0186   0.0016
1831  -1.3973   0.1517  -0.0437   0.1328   0.0415   0.0163  -0.0053   0.0010   0.0010   0.0010   0.0010   0.0010   0.0000   0.0010   0.0010  -0.0200  -0.0183   0.0016
1832  -0.4158   0.1502  -0.0439   0.1307   0.0421   0.0164  -0.0053   0.0010   0.0010   0.0010   0.0010   0.0010   0.0000   0.0010   0.0010  -0.0201  -0.0184   0.0017
1833   0.0177   0.1497  -0.0445   0.1301   0.0427   0.0166  -0.0054   0.0010   0.0010   0.0010   0.0010   0.0010   0.0000   0.0010   0.0010  -0.0203  -0.0188   0.0017
1834   0.0887   0.1507  -0.0447   0.1307   0.0432   0.0168  -0.0055   0.0010   0.0010   0.0010   0.0010   0.0010   0.0000   0.0010   0.0010  -0.0204  -0.0188   0.0017
1835  -1.5111   0.1499  -0.0453   0.1297   0.0436   0.0169  -0.0056   0.0010   0.0010   0.0010   0.0010   0.0010   0.0000   0.0010   0.0010  -0.0205  -0.0192   0.0017
1836  -0.7747   0.1463  -0.0470   0.1272   0.0442   0.0171  -0.0059   0.0010   0.0010   0.0010   0.0010   0.0010   0.0000   0.0010   0.0010  -0.0207  -0.0205   0.0017
1837  -0.0333   0.1457  -0.0473   0.1260   0.0448   0.0172  -0.0060   0.0010   0.0010   0.0010   0.0010   0.0010   0.0000   0.0010   0.0010  -0.0208  -0.0205   0.0018
1838   0.1793   0.1463  -0.0479   0.1265   0.0454   0.0174  -0.0061   0.0010   0.0010   0.0010   0.0010   0.0010   0.0000   0.0010   0.0010  -0.0209  -0.0209   0.0018
1839   0.1760   0.1480  -0.0485   0.1281   0.0459   0.0176  -0.0062   0.0010   0.0010   0.0010   0.0010   0.0010   0.0000   0.0010   0.0010  -0.0211  -0.0213   0.0018
1840   0.1609   0.1499  -0.0496   0.1302   0.0465   0.0178  -0.0064   0.0010   0.0010   0.0010   0.0010   0.0010   0.0000   0.0010   0.0010  -0.0212  -0.0220   0.0018
1841   0.1425   0.1525  -0.0502   0.1326   0.0472   0.0180  -0.0065   0.0010   0.0010   0.0010   0.0010   0.0010   0.0000   0.0010   0.0010  -0.0214  -0.0223   0.0019
1842   0.1108   0.1548  -0.0512   0.1350   0.0478   0.0181  -0.0067   0.0010   0.0010   0.0010   0.0010   0.0010   0.0000   0.0010   0.0010  -0.0215  -0.0230   0.0019
1843   0.1005   0.1575  -0.0518   0.1373   0.0486   0.0183  -0.0068   0.0010   0.0010   0.0010   0.0010   0.0010   0.0000   0.0010   0.0010  -0.0217  -0.0234   0.0019
1844   0.1028   0.1598  -0.0528   0.1398   0.0493   0.0185  -0.0070   0.0010   0.0010   0.0010   0.0010   0.0010   0.0000   0.0010   0.0010  -0.0218  -0.0240   0.0019
1845   0.1174   0.1614  -0.0546   0.1423   0.0499   0.0187  -0.0074   0.0010   0.0010   0.0010   0.0010   0.0010   0.0000   0.0010   0.0010  -0.0220  -0.0253   0.0020
1846   0.0926   0.1646  -0.0548   0.1448   0.0506   0.0189  -0.0074   0.0010   0.0010   0.0010   0.0010   0.0010   0.0000   0.0010   0.0010  -0.0221  -0.0254   0.0020
1847  -0.0746   0.1664  -0.0562   0.1470   0.0513   0.0191  -0.0077   0.0010   0.0010   0.0010   0.0010   0.0010   0.0000   0.0010   0.0010  -0.0222  -0.0263   0.0020
1848   0.1370   0.1690  -0.0568   0.1493   0.0520   0.0194  -0.0078   0.0010   0.0010   0.0010   0.0010   0.0010   0.0000   0.0010   0.0010  -0.0224  -0.0267   0.0021
1849   0.1692   0.1712  -0.0582   0.1518   0.0528   0.0196  -0.0081   0.0010   0.0010   0.0010   0.0010   0.0010   0.0000   0.0010   0.0010  -0.0225  -0.0277   0.0021
1850   0.1827   0.1717  -0.0612   0.1545   0.0533   0.0198  -0.0086   0.0010   0.0010   0.0010   0.0010   0.0010   0.0000   0.0010   0.0010  -0.0233  -0.0293   0.0021
1851   0.1650   0.1760  -0.0613   0.1573   0.0537   0.0200  -0.0086   0.0010   0.0010   0.0010   0.0010   0.0010   0.0000   0.0010   0.0010  -0.0234  -0.0294   0.0021
1852   0.1589   0.1789  -0.0633   0.1600   0.0547   0.0203  -0.0089   0.0010   0.0010   0.0010   0.0010   0.0010   0.0000   0.0010   0.0010  -0.0239  -0.0306   0.0022
1853   0.1516   0.1836  -0.0643   0.1627   0.0554   0.0205  -0.0091   0.0010   0.0010   0.0010   0.0010   0.0010   0.0000   0.0010   0.0010  -0.0240  -0.0312   0.0022
1854  -0.0599   0.1841  -0.0684   0.1651   0.0564   0.0207  -0.0100   0.0010   0.0010   0.0010   0.0010   0.0010   0.0000   0.0010   0.0010  -0.0242  -0.0343   0.0022
1855   0.0943   0.1873  -0.0694   0.1674   0.0570   0.0210  -0.0102   0.0010   0.0010   0.0010   0.0010   0.0010   0.0000   0.0010   0.0010  -0.0243  -0.0349   0.0023
1856   0.0974   0.1894  -0.0716   0.1698   0.0576   0.0212  -0.0107   0.0010   0.0010   0.0010   0.0010   0.0010   0.0000   0.0010   0.0010  -0.0245  -0.0365   0.0023
1857   0.0344   0.1934  -0.0723   0.1722   0.0586   0.0215  -0.0108   0.0010   0.0010   0.0010   0.0010   0.0010   0.0000   0.0010   0.0010  -0.0247  -0.0369   0.0023
1858   0.1532   0.1972  -0.0730   0.1747   0.0594   0.0217  -0.0109   0.0010   0.0010   0.0010   0.0010   0.0010   0.0000   0.0010   0.0010  -0.0248  -0.0373   0.0023
1859   0.1769   0.2009  -0.0753   0.1774   0.0603   0.0220  -0.0114   0.0010   0.0010   0.0010   0.0010   0.0010   0.0000   0.0010   0.0010  -0.0250  -0.0389   0.0024
1860   0.1934   0.2024  -0.0787   0.1802   0.0610   0.0223  -0.0121   0.0010   0.0010   0.0010   0.0010   0.0010   0.0000   0.0010   0.0010  -0.0253  -0.0413   0.0024
1861   0.2086   0.2056  -0.0806   0.1832   0.0619   0.0225  -0.0125   0.0010   0.0010   0.0010   0.0010   0.0010   0.0000   0.0010   0.0010  -0.0255  -0.0426   0.0025
1862   0.2076   0.2106  -0.0806   0.1861   0.0627   0.0228  -0.0126   0.0010   0.0010   0.0010   0.0010   0.0010   0.0000   0.0010   0.0010  -0.0253  -0.0428   0.0025
1863   0.1948   0.2128  -0.0836   0.1890   0.0636   0.0231  -0.0132   0.0010   0.0010   0.0010   0.0010   0.0010   0.0000   0.0010   0.0010  -0.0255  -0.0449   0.0025
1864   0.1829   0.2149  -0.0874   0.1918   0.0643   0.0234  -0.0140   0.0010   0.0010   0.0010   0.0010   0.0010   0.0000   0.0010   0.0010  -0.0257  -0.0476   0.0025
1865   0.1781   0.2171  -0.0904   0.1946   0.0654   0.0237  -0.0147   0.0010   0.0010   0.0010   0.0010   0.0010   0.0000   0.0010   0.0010  -0.0259  -0.0498   0.0026
1866   0.1759   0.2209  -0.0918   0.1974   0.0665   0.0240  -0.0150   0.0010   0.0010   0.0010   0.0010   0.0010   0.0000   0.0010   0.0010  -0.0260  -0.0508   0.0026
1867   0.1763   0.2223  -0.0951   0.2002   0.0671   0.0243  -0.0157   0.0010   0.0010   0.0010   0.0010   0.0010   0.0000   0.0010   0.0010  -0.0262  -0.0532   0.0027
1868   0.1899   0.2259  -0.0969   0.2032   0.0681   0.0246  -0.0161   0.0010   0.0010   0.0010   0.0010   0.0010   0.0000   0.0010   0.0010  -0.0264  -0.0544   0.0027
1869   0.2076   0.2276  -0.1003   0.2063   0.0688   0.0249  -0.0168   0.0010   0.0010   0.0010   0.0010   0.0010   0.0000   0.0010   0.0010  -0.0266  -0.0568   0.0027
1870   0.2232   0.2322  -0.1025   0.2096   0.0699   0.0253  -0.0173   0.0010   0.0010   0.0010   0.0010   0.0010   0.0000   0.0010   0.0010  -0.0268  -0.0584   0.0028
1871   0.2548   0.2338  -0.1069   0.2132   0.0709   0.0256  -0.0183   0.0010   0.0010   0.0010   0.0010   0.0010   0.0000   0.0010   0.0010  -0.0271  -0.0615   0.0028
1872   0.2512   0.2322  -0.1147   0.2174   0.0716   0.0259  -0.0199   0.0010   0.0010   0.0010   0.0010   0.0010   0.0000   0.0010   0.0010  -0.0279  -0.0669   0.0028
1873   0.2561   0.2351  -0.1189   0.2222   0.0726   0.0263  -0.0209   0.0010   0.0010   0.0010   0.0010   0.0010   0.0000   0.0010   0.0010  -0.0281  -0.0699   0.0029
1874   0.2457   0.2457  -0.1154   0.2272   0.0732   0.0266  -0.0200   0.0010   0.0010   0.0010   0.0010   0.0010   0.0000   0.0010   0.0010  -0.0283  -0.0671   0.0029
1875   0.2307   0.2487  -0.1212   0.2325   0.0743   0.0270  -0.0213   0.0010   0.0010   0.0010   0.0010   0.0010   0.0000   0.0010   0.0010  -0.0286  -0.0713   0.0029
1876   0.2142   0.2552  -0.1227   0.2381   0.0753   0.0273  -0.0216   0.0010   0.0010   0.0010   0.0010   0.0010   0.0000   0.0010   0.0010  -0.0288  -0.0723   0.0030
1877   0.2045   0.2615  -0.1242   0.2439   0.0760   0.0277  -0.0219   0.0010   0.0010   0.0010   0.0010   0.0010   0.0000   0.0010   0.0010  -0.0290  -0.0733   0.0030
1878   0.2048   0.2688  -0.1253   0.2499   0.0770   0.0281  -0.0221   0.0010   0.0010   0.0010   0.0010   0.0010   0.0000   0.0010   0.0010  -0.0293  -0.0739   0.0030
1879   0.2064   0.2714  -0.1311   0.2562   0.0777   0.0284  -0.0234   0.0010   0.0010   0.0010   0.0010   0.0010   0.0000   0.0010   0.0010  -0.0295  -0.0781   0.0031
1880   0.1990   0.2700  -0.1415   0.2628   0.0787   0.0288  -0.0258   0.0010   0.0010   0.0010   0.0010   0.0010   0.0000   0.0010   0.0010  -0.0298  -0.0858   0.0031
1881   0.2233   0.2773  -0.1449   0.2699   0.0798   0.0292  -0.0266   0.0010   0.0010   0.0010   0.0010   0.0010   0.0000   0.0010   0.0010  -0.0303  -0.0880   0.0032
1882   0.2240   0.2820  -0.1496   0.2768   0.0809   0.0296  -0.0277   0.0010   0.0010   0.0010   0.0010   0.0010   0.0000   0.0010   0.0010  -0.0302  -0.0917   0.0032
1883  -0.5123   0.2837  -0.1562   0.2823   0.0822   0.0300  -0.0292   0.0010   0.0010   0.0010   0.0010   0.0010   0.0000   0.0010   0.0010  -0.0305  -0.0964   0.0033
1884  -1.8648   0.2872  -0.1576   0.2848   0.0832   0.0304  -0.0295   0.0010   0.0010   0.0010   0.0010   0.0010   0.0000   0.0010   0.0010  -0.0307  -0.0974   0.0033
1885  -0.4586   0.2894  -0.1591   0.2863   0.0839   0.0308  -0.0298   0.0010   0.0010   0.0010   0.0010   0.0010   0.0000   0.0010   0.0010  -0.0309  -0.0983   0.0033
1886   0.1162   0.2932  -0.1610   0.2898   0.0847   0.0311  -0.0303   0.0010   0.0010   0.0010   0.0010   0.0010   0.0000   0.0010   0.0010  -0.0311  -0.0996   0.0034
1887   0.2312   0.2962  -0.1663   0.2945   0.0858   0.0315  -0.0315   0.0010   0.0010   0.0010   0.0010   0.0010   0.0000   0.0010   0.0010  -0.0314  -0.1034   0.0034
1888   0.2322   0.2912  -0.1789   0.2997   0.0869   0.0319  -0.0345   0.0010   0.0010   0.0010   0.0010   0.0010   0.0000   0.0010   0.0010  -0.0317  -0.1127   0.0034
1889   0.2416   0.2986  -0.1791   0.3048   0.0880   0.0323  -0.0345   0.0010   0.0010   0.0010   0.0010   0.0010   0.0000   0.0010   0.0010  -0.0318  -0.1128   0.0035
1890  -0.3801   0.2949  -0.1894   0.3089   0.0889   0.0327  -0.0378   0.0010   0.0010   0.0010   0.0010   0.0010   0.0000   0.0010   0.0010  -0.0288  -0.1227   0.0035
1891  -0.1453   0.2937  -0.1967   0.3124   0.0902   0.0331  -0.0395   0.0010   0.0010   0.0010   0.0010   0.0010   0.0000   0.0010   0.0010  -0.0293  -0.1279   0.0036
1892   0.1571   0.2941  -0.2040   0.3160   0.0917   0.0336  -0.0412   0.0010   0.0010   0.0010   0.0010   0.0010   0.0000   0.0010   0.0010  -0.0297  -0.1330   0.0036
1893   0.2805   0.2935  -0.2112   0.3201   0.0929   0.0340  -0.0429   0.0010   0.0010   0.0010   0.0010   0.0010   0.0000   0.0010   0.0010  -0.0302  -0.1381   0.0037
1894   0.3180   0.2930  -0.2185   0.3244   0.0939   0.0344  -0.0446   0.0010   0.0010   0.0010   0.0010   0.0010   0.0000   0.0010   0.0010  -0.0306  -0.1432   0.0037
1895   0.3230   0.2930  -0.2257   0.3289   0.0950   0.0348  -0.0463   0.0010   0.0010   0.0010   0.0010   0.0010   0.0000   0.0010   0.0010  -0.0311  -0.1482   0.0038
1896   0.3135   0.2935  -0.2328   0.3335   0.0966   0.0353  -0.0481   0.0010   0.0010   0.0010   0.0010   0.0010   0.0000   0.0010   0.0010  -0.0315  -0.1532   0.0038
1897   0.2826   0.2936  -0.2400   0.3381   0.0977   0.0357  -0.0498   0.0010   0.0010   0.0010   0.0010   0.0010   0.0000   0.0010   0.0010  -0.0320  -0.1582   0.0039
1898   0.2698   0.2948  -0.2471   0.3429   0.0988   0.0362  -0.0515   0.0010   0.0010   0.0010   0.0010   0.0010   0.0000   0.0010   0.0010  -0.0324  -0.1632   0.0039
1899   0.2668   0.2958  -0.2541   0.3479   0.1003   0.0367  -0.0532   0.0010   0.0010   0.0010   0.0010   0.0010   0.0000   0.0010   0.0010  -0.0329  -0.1681   0.0040
1900   0.2527   0.2967  -0.2612   0.3531   0.1015   0.0371  -0.0549   0.0010   0.0010   0.0010   0.0010   0.0010   0.0000   0.0010   0.0010  -0.0333  -0.1730   0.0040
1901   0.2406   0.2956  -0.2717   0.3590   0.1035   0.0376  -0.0575   0.0010   0.0010   0.0010   0.0010   0.0010   0.0000   0.0010   0.0010  -0.0337  -0.1805   0.0041
1902  -0.1001   0.2949  -0.2822   0.3650   0.1057   0.0381  -0.0602   0.0010   0.0010   0.0010   0.0010   0.0010   0.0000   0.0010   0.0010  -0.0341  -0.1879   0.0042
1903  -1.4676   0.2934  -0.2926   0.3692   0.1079   0.0385  -0.0628   0.0010   0.0010   0.0010   0.0010   0.0010   0.0000   0.0010   0.0010  -0.0345  -0.1953   0.0043
1904  -0.3435   0.2905  -0.3029   0.3728   0.1101   0.0390  -0.0655   0.0010   0.0010   0.0010   0.0010   0.0010   0.0000   0.0010   0.0010  -0.0349  -0.2026   0.0044
1905   0.1439   0.2899  -0.3132   0.3783   0.1126   0.0395  -0.0681   0.0010   0.0010   0.0010   0.0010   0.0010   0.0000   0.0010   0.0010  -0.0352  -0.2099   0.0045
1906   0.2590   0.2910  -0.3234   0.3855   0.1152   0.0400  -0.0707   0.0010   0.0010   0.0010   0.0010   0.0010   0.0000   0.0010   0.0010  -0.0356  -0.2171   0.0046
1907   0.1236   0.2926  -0.3336   0.3934   0.1174   0.0406  -0.0734   0.0010   0.0010   0.0010   0.0010   0.0010   0.0000   0.0010   0.0010  -0.0360  -0.2242   0.0047
1908   0.2265   0.2945  -0.3437   0.4014   0.1199   0.0411  -0.0760   0.0010   0.0010   0.0010   0.0010   0.0010   0.0000   0.0010   0.0010  -0.0364  -0.2313   0.0048
1909   0.2468   0.2978  -0.3537   0.4093   0.1226   0.0416  -0.0787   0.0010   0.0010   0.0010   0.0010   0.0010   0.0000   0.0010   0.0010  -0.0368  -0.2383   0.0049
1910   0.2540   0.3000  -0.3637   0.4174   0.1251   0.0421  -0.0813   0.0010   0.0010   0.0010   0.0010   0.0010   0.0000   0.0010   0.0010  -0.0372  -0.2452   0.0050
1911   0.2543   0.3063  -0.3690   0.4250   0.1274   0.0427  -0.0826   0.0010   0.0010   0.0010   0.0010   0.0010   0.0000   0.0010   0.0010  -0.0376  -0.2488   0.0050
1912  -0.0053   0.3117  -0.3743   0.4317   0.1298   0.0432  -0.0840   0.0010   0.0010   0.0010   0.0010   0.0010   0.0000   0.0010   0.0010  -0.0380  -0.2523   0.0051
1913   0.0488   0.3168  -0.3795   0.4376   0.1326   0.0438  -0.0854   0.0010   0.0010   0.0010   0.0010   0.0010   0.0000   0.0010   0.0010  -0.0383  -0.2558   0.0053
1914   0.2747   0.3227  -0.3848   0.4431   0.1355   0.0443  -0.0867   0.0010   0.0010   0.0010   0.0010   0.0010   0.0000   0.0010   0.0010  -0.0388  -0.2593   0.0054
1915   0.3262   0.3272  -0.3900   0.4484   0.1382   0.0449  -0.0881   0.0010   0.0010   0.0010   0.0010   0.0010   0.0000   0.0010   0.0010  -0.0391  -0.2628   0.0055
1916   0.3921   0.3321  -0.3952   0.4540   0.1411   0.0455  -0.0894   0.0010   0.0010   0.0010   0.0010   0.0010   0.0000   0.0010   0.0010  -0.0395  -0.2663   0.0056
1917   0.3875   0.3375  -0.4005   0.4601   0.1438   0.0461  -0.0908   0.0010   0.0010   0.0010   0.0010   0.0010   0.0000   0.0010   0.0010  -0.0399  -0.2698   0.0057
1918   0.4251   0.3431  -0.4056   0.4662   0.1468   0.0467  -0.0921   0.0010   0.0010   0.0010   0.0010   0.0010   0.0000   0.0010   0.0010  -0.0403  -0.2732   0.0058
1919   0.3875   0.3485  -0.4108   0.4719   0.1500   0.0473  -0.0935   0.0010   0.0010   0.0010   0.0010   0.0010   0.0000   0.0010   0.0010  -0.0407  -0.2766   0.0059
1920   0.3708   0.3548  -0.4160   0.4775   0.1529   0.0479  -0.0948   0.0010   0.0010   0.0010   0.0010   0.0010   0.0000   0.0010   0.0010  -0.0411  -0.2800   0.0061
1921   0.3393   0.3593  -0.4218   0.4836   0.1555   0.0485  -0.0963   0.0010   0.0010   0.0010   0.0010   0.0010   0.0000   0.0010   0.0010  -0.0416  -0.2839   0.0062
1922   0.1970   0.3640  -0.4276   0.4893   0.1585   0.0492  -0.0979   0.0010   0.0010   0.0010   0.0010   0.0010   0.0000   0.0010   0.0010  -0.0421  -0.2877   0.0063
1923   0.3155   0.3695  -0.4334   0.4957   0.1615   0.0498  -0.0994   0.0010   0.0010   0.0010   0.0010   0.0010   0.0000   0.0010   0.0010  -0.0426  -0.2914   0.0064
1924   0.3286   0.3756  -0.4392   0.5027   0.1645   0.0504  -0.1009   0.0010   0.0010   0.0010   0.0010   0.0010   0.0000   0.0010   0.0010  -0.0432  -0.2952   0.0065
1925   0.3448   0.3828  -0.4450   0.5098   0.1675   0.0511  -0.1024   0.0010   0.0010   0.0010   0.0010   0.0010   0.0000   0.0010   0.0010  -0.0437  -0.2989   0.0066
1926   0.3680   0.3890  -0.4507   0.5170   0.1705   0.0517  -0.1039   0.0010   0.0010   0.0010   0.0010   0.0010   0.0000   0.0010   0.0010  -0.0442  -0.3027   0.0068
1927   0.4179   0.3959  -0.4565   0.5248   0.1735   0.0523  -0.1054   0.0010   0.0010   0.0010   0.0010   0.0010   0.0000   0.0010   0.0010  -0.0447  -0.3064   0.0069
1928   0.3092   0.4032  -0.4622   0.5330   0.1765   0.0530  -0.1069   0.0010   0.0010   0.0010   0.0010   0.0010   0.0000   0.0010   0.0010  -0.0452  -0.3101   0.0070
1929   0.0931   0.4101  -0.4679   0.5408   0.1794   0.0536  -0.1085   0.0010   0.0010   0.0010   0.0010   0.0010   0.0000   0.0010   0.0010  -0.0457  -0.3137   0.0071
1930   0.2932   0.4162  -0.4736   0.5481   0.1820   0.0542  -0.1100   0.0010   0.0010   0.0010   0.0010   0.0010   0.0000   0.0010   0.0010  -0.0462  -0.3174   0.0072
1931   0.2699   0.4239  -0.4780   0.5546   0.1848   0.0548  -0.1111   0.0010   0.0010   0.0010   0.0010   0.0010   0.0000   0.0010   0.0010  -0.0467  -0.3202   0.0073
1932   0.3604   0.4294  -0.4824   0.5601   0.1874   0.0554  -0.1123   0.0010   0.0010   0.0010   0.0010   0.0010   0.0000   0.0010   0.0010  -0.0472  -0.3230   0.0074
1933   0.3977   0.4347  -0.4868   0.5651   0.1902   0.0560  -0.1134   0.0010   0.0010   0.0010   0.0010   0.0010   0.0000   0.0010   0.0010  -0.0476  -0.3257   0.0075
1934   0.4257   0.4397  -0.4912   0.5700   0.1927   0.0566  -0.1146   0.0010   0.0010   0.0010   0.0010   0.0010   0.0000   0.0010   0.0010  -0.0481  -0.3285   0.0077
1935   0.4544   0.4444  -0.4956   0.5750   0.1951   0.0572  -0.1158   0.0010   0.0010   0.0010   0.0010   0.0010   0.0000   0.0010   0.0010  -0.0486  -0.3313   0.0077
1936   0.5096   0.4506  -0.5000   0.5801   0.1976   0.0577  -0.1169   0.0010   0.0010   0.0010   0.0010   0.0010   0.0000   0.0010   0.0010  -0.0490  -0.3340   0.0078
1937   0.5015   0.4555  -0.5044   0.5852   0.1999   0.0583  -0.1181   0.0010   0.0010   0.0010   0.0010   0.0010   0.0000   0.0010   0.0010  -0.0495  -0.3368   0.0079
1938   0.5196   0.4596  -0.5087   0.5893   0.2024   0.0588  -0.1192   0.0010   0.0010   0.0010   0.0010   0.0010   0.0000   0.0010   0.0010  -0.0500  -0.3395   0.0080
1939   0.5265   0.4625  -0.5131   0.5926   0.2047   0.0593  -0.1204   0.0010   0.0010   0.0010   0.0010   0.0010   0.0000   0.0010   0.0010  -0.0505  -0.3422   0.0081
1940   0.5177   0.4657  -0.5174   0.5957   0.2072   0.0597  -0.1216   0.0010   0.0010   0.0010   0.0010   0.0010   0.0000   0.0010   0.0010  -0.0509  -0.3449   0.0082
1941   0.4819   0.4629  -0.5279   0.5987   0.2099   0.0602  -0.1245   0.0010   0.0010   0.0010   0.0010   0.0010   0.0000   0.0010   0.0010  -0.0515  -0.3519   0.0083
1942   0.4513   0.4603  -0.5383   0.6011   0.2125   0.0608  -0.1275   0.0010   0.0010   0.0010   0.0010   0.0010   0.0000   0.0010   0.0010  -0.0521  -0.3587   0.0084
1943   0.4302   0.4562  -0.5486   0.6031   0.2147   0.0614  -0.1305   0.0010   0.0010   0.0010   0.0010   0.0010   0.0000   0.0010   0.0010  -0.0526  -0.3655   0.0085
1944   0.4492   0.4522  -0.5589   0.6049   0.2172   0.0619  -0.1335   0.0010   0.0010   0.0010   0.0010   0.0010   0.0000   0.0010   0.0010  -0.0532  -0.3723   0.0086
1945   0.4835   0.4475  -0.5692   0.6058   0.2199   0.0625  -0.1364   0.0010   0.0010   0.0010   0.0010   0.0010   0.0000   0.0010   0.0010  -0.0537  -0.3790   0.0087
1946   0.4745   0.4425  -0.5794   0.6064   0.2224   0.0632  -0.1394   0.0010   0.0010   0.0010   0.0010   0.0010   0.0000   0.0010   0.0010  -0.0543  -0.3857   0.0088
1947   0.5023   0.4403  -0.5895   0.6080   0.2255   0.0638  -0.1424   0.0010   0.0010   0.0010   0.0010   0.0010   0.0000   0.0010   0.0010  -0.0549  -0.3923   0.0090
1948   0.5763   0.4383  -0.5996   0.6110   0.2285   0.0645  -0.1454   0.0010   0.0010   0.0010   0.0010   0.0010   0.0000   0.0010   0.0010  -0.0554  -0.3988   0.0091
1949   0.5332   0.4372  -0.6097   0.6145   0.2316   0.0652  -0.1483   0.0010   0.0010   0.0010   0.0010   0.0010   0.0000   0.0010   0.0010  -0.0560  -0.4054   0.0092
1950   0.5234   0.4374  -0.6197   0.6190   0.2351   0.0660  -0.1513   0.0010   0.0010   0.0010   0.0010   0.0010   0.0000   0.0010   0.0010  -0.0565  -0.4118   0.0093
1951   0.4462   0.4322  -0.6426   0.6247   0.2386   0.0667  -0.1582   0.0010   0.0010   0.0010   0.0010   0.0010   0.0000   0.0010   0.0010  -0.0578  -0.4266   0.0095
1952   0.4482   0.4282  -0.6653   0.6311   0.2425   0.0675  -0.1651   0.0010   0.0010   0.0010   0.0010   0.0010   0.0000   0.0010   0.0010  -0.0591  -0.4411   0.0096
1953   0.3977   0.4247  -0.6877   0.6380   0.2470   0.0682  -0.1720   0.0010   0.0010   0.0010   0.0010   0.0010   0.0000   0.0010   0.0010  -0.0604  -0.4554   0.0098
1954   0.4031   0.4231  -0.7099   0.6457   0.2512   0.0690  -0.1789   0.0010   0.0010   0.0010   0.0010   0.0010   0.0000   0.0010   0.0010  -0.0616  -0.4694   0.0100
1955   0.4814   0.4234  -0.7319   0.6547   0.2557   0.0698  -0.1857   0.0010   0.0010   0.0010   0.0010   0.0010   0.0000   0.0010   0.0010  -0.0629  -0.4832   0.0102
1956   0.4888   0.4258  -0.7536   0.6654   0.2604   0.0706  -0.1926   0.0010   0.0010   0.0010   0.0010   0.0010   0.0000   0.0010   0.0010  -0.0642  -0.4968   0.0103
1957   0.5499   0.4299  -0.7752   0.6770   0.2653   0.0714  -0.1995   0.0010   0.0010   0.0010   0.0010   0.0010   0.0000   0.0010   0.0010  -0.0655  -0.5102   0.0105
1958   0.5963   0.4343  -0.7966   0.6894   0.2703   0.0722  -0.2064   0.0010   0.0010   0.0010   0.0010   0.0010   0.0000   0.0010   0.0010  -0.0668  -0.5234   0.0107
1959   0.5815   0.4405  -0.8177   0.7023   0.2753   0.0730  -0.2133   0.0010   0.0010   0.0010   0.0010   0.0010   0.0000   0.0010   0.0010  -0.0680  -0.5364   0.0109
1960   0.6108   0.4508  -0.8386   0.7184   0.2806   0.0738  -0.2202   0.0010   0.0010   0.0010   0.0010   0.0010   0.0000   0.0010   0.0010  -0.0693  -0.5492   0.0112
1961   0.5897   0.4537  -0.8643   0.7313   0.2860   0.0746  -0.2289   0.0010   0.0010   0.0010   0.0010   0.0010   0.0000   0.0010   0.0010  -0.0703  -0.5651   0.0114
1962   0.5259   0.4569  -0.8897   0.7432   0.2917   0.0754  -0.2376   0.0010   0.0010   0.0010   0.0010   0.0010   0.0000   0.0010   0.0010  -0.0714  -0.5807   0.0116
1963  -0.4238   0.4592  -0.9147   0.7547   0.2974   0.0764  -0.2463   0.0010   0.0010   0.0010   0.0010   0.0010   0.0000   0.0010   0.0010  -0.0724  -0.5960   0.0118
1964  -0.2539   0.4631  -0.9396   0.7658   0.3030   0.0774  -0.2550   0.0010   0.0010   0.0010   0.0010   0.0010   0.0000   0.0010   0.0010  -0.0735  -0.6111   0.0121
1965   0.3045   0.4675  -0.9641   0.7758   0.3093   0.0785  -0.2637   0.0010   0.0010   0.0010   0.0010   0.0010   0.0001   0.0010   0.0010  -0.0745  -0.6259   0.0123
1966   0.4750   0.4800  -0.9884   0.7932   0.3153   0.0797  -0.2724   0.0010   0.0010   0.0010   0.0010   0.0010   0.0001   0.0010   0.0010  -0.0756  -0.6405   0.0125
1967   0.5048   0.4898  -1.0125   0.8070   0.3214   0.0810  -0.2811   0.0010   0.0010   0.0010   0.0010   0.0010   0.0001   0.0010   0.0010  -0.0766  -0.6548   0.0128
1968   0.3330   0.5030  -1.0363   0.8238   0.3278   0.0823  -0.2898   0.0010   0.0010   0.0010   0.0010   0.0010   0.0001   0.0010   0.0010  -0.0777  -0.6689   0.0130
1969   0.2609   0.5219  -1.0599   0.8443   0.3343   0.0837  -0.2985   0.0010   0.0010   0.0010   0.0010   0.0010   0.0001   0.0010   0.0010  -0.0787  -0.6827   0.0133
1970   0.5072   0.5392  -1.0833   0.8619   0.3410   0.0852  -0.3072   0.0010   0.0010   0.0010   0.0010   0.0010   0.0001   0.0010   0.0010  -0.0797  -0.6964   0.0136
1971   0.6253   0.5603  -1.1005   0.8767   0.3474   0.0868  -0.3135   0.0010   0.0010   0.0010   0.0010   0.0010   0.0001   0.0010   0.0010  -0.0808  -0.7062   0.0138
1972   0.6300   0.5890  -1.1177   0.8979   0.3540   0.0884  -0.3199   0.0010   0.0010   0.0010   0.0010   0.0010   0.0001   0.0010   0.0010  -0.0819  -0.7159   0.0141
1973   0.6532   0.6202  -1.1347   0.9217   0.3607   0.0901  -0.3262   0.0010   0.0010   0.0010   0.0010   0.0010   0.0002   0.0010   0.0010  -0.0830  -0.7254   0.0144
1974   0.6270   0.6440  -1.1517   0.9363   0.3673   0.0919  -0.3326   0.0010   0.0010   0.0010   0.0010   0.0010   0.0002   0.0010   0.0010  -0.0842  -0.7349   0.0146
1975   0.3913   0.6723  -1.1685   0.9548   0.3739   0.0938  -0.3389   0.0010   0.0010   0.0010   0.0010   0.0010   0.0002   0.0010   0.0010  -0.0853  -0.7443   0.0149
1976   0.6168   0.7008  -1.1852   0.9726   0.3804   0.0959  -0.3453   0.0010   0.0010   0.0010   0.0010   0.0010   0.0002   0.0010   0.0010  -0.0864  -0.7536   0.0152
1977   0.7846   0.7376  -1.2018   0.9981   0.3870   0.0981  -0.3516   0.0010   0.0010   0.0010   0.0010   0.0010   0.0003   0.0010   0.0010  -0.0875  -0.7628   0.0154
1978   0.8547   0.7717  -1.2184   1.0208   0.3939   0.1005  -0.3579   0.0010   0.0010   0.0010   0.0010   0.0010   0.0003   0.0010   0.0010  -0.0886  -0.7718   0.0157
1979   0.9464   0.8084  -1.2348   1.0455   0.4003   0.1028  -0.3643   0.0010   0.0010   0.0010   0.0010   0.0010   0.0004   0.0010   0.0010  -0.0897  -0.7808   0.0159
1980   0.9932   0.8392  -1.2511   1.0713   0.4072   0.1052  -0.3706   0.0010   0.0010   0.0010   0.0010   0.0010   0.0004   0.0010   0.0010  -0.0908  -0.7897   0.0162
1981   1.0211   0.8691  -1.2621   1.0941   0.4151   0.1076  -0.3748   0.0010   0.0010   0.0010   0.0010   0.0010   0.0005   0.0010   0.0010  -0.0918  -0.7955   0.0165
1982   0.2771   0.9021  -1.2732   1.1169   0.4228   0.1100  -0.3790   0.0010   0.0010   0.0010   0.0010   0.0010   0.0005   0.0010   0.0010  -0.0929  -0.8013   0.0168
1983   0.1840   0.9360  -1.2841   1.1429   0.4305   0.1124  -0.3832   0.0010   0.0010   0.0010   0.0010   0.0010   0.0006   0.0010   0.0010  -0.0939  -0.8070   0.0172
1984   0.7755   0.9635  -1.2950   1.1616   0.4378   0.1148  -0.3873   0.0010   0.0010   0.0010   0.0010   0.0010   0.0007   0.0010   0.0010  -0.0950  -0.8127   0.0174
1985   0.9621   0.9931  -1.3059   1.1830   0.4430   0.1172  -0.3915   0.0010   0.0010   0.0010   0.0010   0.0010   0.0008   0.0010   0.0010  -0.0960  -0.8184   0.0177
1986   1.0120   1.0260  -1.3167   1.2078   0.4477   0.1195  -0.3957   0.0010   0.0010   0.0010   0.0010   0.0010   0.0008   0.0010   0.0010  -0.0970  -0.8240   0.0178
1987   1.0697   1.0647  -1.3275   1.2372   0.4526   0.1220  -0.3999   0.0010   0.0010   0.0010   0.0010   0.0010   0.0009   0.0010   0.0010  -0.0981  -0.8296   0.0180
1988   1.1625   1.1025  -1.3383   1.2661   0.4567   0.1246  -0.4040   0.0010   0.0010   0.0010   0.0010   0.0010   0.0010   0.0010   0.0010  -0.0991  -0.8351   0.0182
1989   1.2817   1.1337  -1.3490   1.2887   0.4607   0.1274  -0.4082   0.0010   0.0010   0.0010   0.0010   0.0010   0.0011   0.0010   0.0010  -0.1002  -0.8406   0.0184
1990   1.3045   1.1655  -1.3597   1.3125   0.4643   0.1299  -0.4124   0.0010   0.0010   0.0010   0.0010   0.0010   0.0012   0.0010   0.0010  -0.1012  -0.8461   0.0185
1991   0.4281   1.1921  -1.3674   1.3307   0.4680   0.1322  -0.4153   0.0010   0.0010   0.0010   0.0010   0.0010   0.0013   0.0010   0.0010  -0.1021  -0.8499   0.0187
1992  -0.0592   1.2138  -1.3751   1.3475   0.4710   0.1343  -0.4183   0.0010   0.0010   0.0010   0.0010   0.0010   0.0014   0.0010   0.0010  -0.1031  -0.8537   0.0188
1993   0.8807   1.2317  -1.3828   1.3619   0.4726   0.1365  -0.4212   0.0010   0.0010   0.0010   0.0010   0.0010   0.0015   0.0010   0.0010  -0.1040  -0.8575   0.0188
1994   1.2284   1.2544  -1.3904   1.3844   0.4749   0.1387  -0.4242   0.0010   0.0010   0.0010   0.0010   0.0010   0.0017   0.0010   0.0010  -0.1049  -0.8613   0.0189
1995   1.2690   1.2820  -1.3981   1.4113   0.4774   0.1411  -0.4271   0.0010   0.0010   0.0010   0.0010   0.0010   0.0018   0.0010   0.0010  -0.1058  -0.8651   0.0190
1996   1.2814   1.3054  -1.4057   1.4357   0.4783   0.1436  -0.4301   0.0010   0.0010   0.0010   0.0010   0.0010   0.0019   0.0010   0.0010  -0.1068  -0.8689   0.0191
1997   1.3342   1.3302  -1.4133   1.4624   0.4796   0.1462  -0.4330   0.0010   0.0010   0.0010   0.0010   0.0010   0.0020   0.0010   0.0010  -0.1077  -0.8726   0.0191
1998   1.4251   1.3641  -1.4209   1.4953   0.4831   0.1491  -0.4360   0.0010   0.0010   0.0010   0.0010   0.0010   0.0022   0.0010   0.0010  -0.1086  -0.8763   0.0193
1999   1.4808   1.3848  -1.4285   1.5158   0.4859   0.1522  -0.4389   0.0010   0.0010   0.0010   0.0010   0.0010   0.0023   0.0010   0.0010  -0.1095  -0.8800   0.0194
2000   1.5401   1.4061  -1.4361   1.5389   0.4865   0.1557  -0.4419   0.0010   0.0010   0.0010   0.0010   0.0010   0.0024   0.0010   0.0010  -0.1105  -0.8837   0.0194
