YEAR EMICO2FF EMICO2LU EMICH4ANT EMIN2OANT MISFOR UPCO2OCN UPCO2LND CONCO2 CONCH4 CONN2O TEMP
1750     0.00000068     0.04297313     0.00065457     0.00163820     0.00000000     0.00000000     0.00000000     0.00000000     0.00000000     0.00000000     0.81552658
1751     0.00000277     0.17564765     0.00078739     0.00667795     0.00000000     0.00606452     0.00114656     0.02500561     0.00004453     0.00003590     0.27343771
1752     0.00000288     0.18267623     0.00083136     0.00698632     0.00000000     0.00606880     0.00369721     0.02580948     0.00002342     0.00021159     0.09472716
1753     0.00000286     0.18165834     0.00124798     0.00742472     0.00000000     0.00631074     0.00625880     0.07197740     0.00001894     0.00056843     0.34727642
1754     0.00000275     0.17471903     0.00099109     0.00754937     0.00000000     0.00706010     0.00895535     0.06262653     0.00000692     0.00062732     0.02932457
1755     0.00000256     0.16265268     0.00205444     0.00735930     0.00000000     0.00740064     0.01158648     0.11872494     0.00000003     0.00020866     0.00666525
1756     0.00000231     0.14673800     0.00142916     0.00731984     0.00000000     0.00789523     0.01346789     0.10148380     0.00000177     0.00001150     0.17288876
1757     0.00000214     0.13594723     0.00212335     0.00695825     0.00000000     0.00911321     0.01430915     0.08598698     0.00002577     0.00258679     0.43997489
1758     0.00000192     0.12178327     0.00218006     0.00631131     0.00000000     0.01002347     0.01460774     0.15090288     0.00000462     0.00153521     0.60074678
1759     0.00000163     0.10376616     0.00236167     0.00585567     0.00000000     0.01116854     0.01435160     0.13694520     0.00003013     0.00074628     0.40511455
1760     0.00000140     0.08867956     0.00309445     0.00557666     0.00000000     0.01296936     0.01472978     0.12764114     0.00000076     0.00023020     0.76776366
1761     0.00000119     0.07579546     0.00249086     0.00506756     0.00000000     0.01395340     0.01612513     0.12030098     0.00000690     0.00380677     0.57739193
1762     0.00000102     0.06482960     0.00361482     0.00436540     0.00000000     0.01562382     0.01776532     0.11355368     0.00000746     0.00241478     0.81495813
1763     0.00000079     0.05029244     0.00374863     0.00385650     0.00000000     0.01667659     0.01997209     0.19983327     0.00000010     0.00132830     0.48850436
1764     0.00000053     0.03344446     0.00360711     0.00351415     0.00000000     0.01775281     0.02313533     0.19409274     0.00000539     0.00055558     0.14520041
1765     0.00000031     0.01969932     0.00436597     0.00300309     0.00000000     0.01914247     0.02872424     0.19030131     0.00000660     0.00482555     0.76628822
1766     0.00000015     0.00932820     0.00419184     0.00236950     0.00000000     0.01947727     0.03637419     0.18199858     0.00000107     0.00318503     1.17161705
1767     0.00000004     0.00269207     0.00524699     0.00191443     0.00000000     0.02124090     0.03685344     0.17359039     0.00001856     0.00188586     0.81722423
1768     0.00000000     0.00026090     0.00561294     0.00160610     0.00000000     0.02542047     0.03126462     0.09271634     0.00000067     0.00091952     0.71531048
1769     0.00000000     0.00015732     0.00539433     0.00121619     0.00000000     0.02909083     0.02694787     0.10560565     0.00000932     0.00578614     0.02916649
1770     0.00000003     0.00216741     0.00622897     0.00078354     0.00000000     0.03378048     0.02526351     0.12680158     0.00000236     0.00395558     0.11114788
1771     0.00000012     0.00776373     0.00519115     0.00048801     0.00000000     0.03716402     0.02631925     0.15579591     0.00000304     0.00247623     0.56466630
1772     0.00000026     0.01651991     0.00592129     0.00029805     0.00000000     0.03983065     0.03073315     0.10104585     0.00002628     0.00134226     1.93632453
1773     0.00000045     0.02847484     0.00650098     0.00018639     0.00000000     0.04290723     0.03778526     0.12759637     0.00000130     0.00054812     1.57413175
1774     0.00000069     0.04367550     0.00684163     0.00007360     0.00000000     0.04441259     0.04635630     0.07534475     0.00001588     0.00476448     0.73626427
1775     0.00000097     0.06187195     0.00688529     0.00000400     0.00000000     0.04519521     0.06248600     0.09374536     0.00000078     0.00310965     1.51439416
1776     0.00000129     0.08178097     0.00667884     0.00001080     0.00000000     0.04410812     0.08085691     0.04052080     0.00000471     0.00181170     1.60100673
1777     0.00000159     0.10101525     0.00824698     0.00005158     0.00000000     0.04738892     0.07521855     0.04439724     0.00000005     0.00085845     0.02418484
1778     0.00000187     0.11881124     0.00683402     0.00015792     0.00000000     0.05501858     0.05976894     0.01646068     0.00000605     0.00560096     0.01469050
1779     0.00000216     0.13690852     0.00748781     0.00038248     0.00000000     0.06050366     0.05344519     0.03239843     0.00001269     0.00377964     0.07688966
1780     0.00000248     0.15733841     0.00741893     0.00064283     0.00000000     0.06482570     0.05388525     0.01465964     0.00001126     0.00232542     0.00599692
1781     0.00000286     0.18153819     0.00575062     0.00089907     0.00000000     0.07001359     0.05768087     0.03292697     0.00000513     0.00122223     0.31411796
1782     0.00000333     0.21115381     0.00696720     0.00112539     0.00000000     0.06875167     0.08018009     0.01560370     0.00000706     0.00046604     0.05829264
1783     0.00000386     0.24495777     0.00655613     0.00150632     0.00000000     0.06151820     0.13735164     0.02304017     0.00000486     0.00449727     0.14337757
1784     0.00000433     0.27496472     0.00578439     0.00208842     0.00000000     0.05699397     0.17058438     0.00021364     0.00001038     0.00288215     0.55393545
1785     0.00000463     0.29374200     0.00625840     0.00265672     0.00000000     0.06220635     0.13947360     0.00008366     0.00002777     0.00162818     0.03982030
1786     0.00000478     0.30378698     0.00523972     0.00318010     0.00000000     0.07189617     0.10401087     0.00588467     0.00000517     0.00072693     1.33007321
1787     0.00000493     0.31319342     0.00614275     0.00360491     0.00000000     0.07288821     0.11145622     0.00051008     0.00005280     0.00018165     0.21765485
1788     0.00000525     0.33355532     0.00616513     0.00393424     0.00000000     0.06755259     0.15804817     0.00083780     0.00002535     0.00021554     0.01486488
1789     0.00000544     0.34564526     0.00392332     0.00450678     0.00000000     0.06591100     0.16847288     0.01513058     0.00002961     0.00201499     1.83075505
1790     0.00000527     0.33447720     0.00625926     0.00531258     0.00000000     0.07243014     0.13060889     0.05105751     0.00007859     0.00096344     0.81686277
1791     0.00000498     0.31638024     0.00596883     0.00597564     0.00000000     0.08169394     0.09880315     0.03275239     0.00000004     0.00029506     1.70467595
1792     0.00000467     0.29684191     0.00557208     0.00645373     0.00000000     0.08713859     0.08473718     0.05651567     0.00006209     0.00001009     1.32539641
1793     0.00000438     0.27830051     0.00606787     0.00717051     0.00000000     0.09035903     0.08117723     0.03017323     0.00000014     0.00229418     0.41517759
1794     0.00000410     0.26046840     0.00575652     0.00816997     0.00000000     0.09386540     0.08228853     0.05292422     0.00002632     0.00113015     0.41082609
1795     0.00000382     0.24228355     0.00535070     0.00897772     0.00000000     0.09468193     0.08527993     0.03032491     0.00000137     0.00037343     0.07473607
1796     0.00000367     0.23308833     0.00483542     0.00956336     0.00000000     0.09680745     0.09009351     0.01544669     0.00002430     0.00002395     0.11257215
1797     0.00000365     0.23186395     0.00555185     0.00990932     0.00000000     0.09700614     0.09532656     0.00629736     0.00000141     0.00009594     0.07190061
1798     0.00000358     0.22707567     0.00463094     0.01056983     0.00000000     0.09682738     0.10037157     0.02445220     0.00001263     0.00116944     2.38516790
1799     0.00000344     0.21816594     0.00403083     0.01151152     0.00000000     0.09814071     0.10486350     0.01446178     0.00000323     0.00031240     0.72431542
1800     0.00000339     0.21504554     0.00522080     0.01214261     0.00000000     0.09791536     0.10827404     0.00765438     0.00003320     0.00001341     0.10735579
1801     0.00000341     0.21674002     0.00509709     0.01250883     0.00000000     0.09837691     0.10908837     0.00313005     0.00000017     0.00011341     0.02404915
1802     0.00000351     0.22315301     0.00533659     0.01260800     0.00000000     0.10111576     0.10982096     0.00049530     0.00004105     0.00064325     0.00159888
1803     0.00000370     0.23501775     0.00528123     0.01297070     0.00000000     0.10180584     0.11297480     0.00017470     0.00000052     0.00019528     0.21505258
1804     0.00000399     0.25350871     0.00436184     0.01360023     0.00000000     0.10432782     0.11765142     0.00234945     0.00003139     0.00000175     0.00959417
1805     0.00000441     0.28019895     0.00457349     0.01395334     0.00000000     0.10575866     0.12155929     0.00730822     0.00000685     0.00028446     0.00012815
1806     0.00000500     0.31736247     0.00413288     0.01403388     0.00000000     0.10774266     0.12620987     0.01598063     0.00003534     0.00107272     0.00340239
1807     0.00000587     0.37261480     0.00397847     0.01440360     0.00000000     0.11236096     0.13241350     0.02933730     0.00002570     0.00002932     1.29769681
1808     0.00000758     0.48139062     0.00466146     0.01504762     0.00000000     0.06613769     0.46880155     0.11609389     0.00007274     0.00012207     0.09679441
1809     0.00000970     0.61606816     0.00476278     0.01566433     0.00000000     0.00740566     1.68874027     0.00035877     0.00038343     0.00004817     0.10984519
1810     0.00001150     0.73059020     0.00379362     0.01643905     0.00000000     0.00002951     2.10942337     0.01461082     0.00107480     0.00012492     0.20332622
1811     0.00001338     0.84958415     0.00185436     0.01729703     0.00000000     0.00286057     1.22985829     0.03465054     0.00024723     0.00000342     0.23182378
1812     0.00001297     0.82380882     0.00293428     0.01796003     0.00000000     0.01210547     0.65330065     0.81354167     0.00025618     0.00060718     2.30819751
1813     0.00001056     0.67060731     0.00265762     0.01813653     0.00000000     0.02145062     0.38362438     0.70246885     0.00000005     0.00177726     0.17371471
1814     0.00000868     0.55107709     0.00249689     0.01853017     0.00000000     0.01025304     0.59080226     0.66351712     0.00025658     0.00003132     0.28043391
1815     0.00000891     0.56573964     0.00410524     0.01945886     0.00000000     0.00530640     1.92774212     0.05369999     0.00035949     0.00003488     0.28065779
1816     0.00001122     0.71249229     0.00227747     0.02051256     0.00000000     0.03644354     2.85568020     0.12778395     0.00177319     0.00010893     0.39176202
1817     0.00001384     0.87904961     0.00064555     0.02168121     0.00000000     0.01592611     1.63438825     0.23335457     0.00048777     0.00000196     0.59362875
1818     0.00001158     0.73524141     0.00130493     0.02264844     0.00000000     0.00015992     0.53635446     3.83567564     0.00036913     0.00057573     7.47286022
1819     0.00000567     0.36005447     0.00133243     0.02300167     0.00000000     0.00367952     0.16094234     3.61544481     0.00000058     0.00181423     7.69793189
1820     0.00000194     0.12292504     0.00091324     0.02340382     0.00000000     0.01102237     0.05141571     2.73188597     0.00017240     0.00005026     3.18246413
1821     0.00000027     0.01725883     0.00091877     0.02389109     0.00000000     0.01610375     0.02177214     1.92055687     0.00000139     0.00068891     0.81108773
1822     0.00000004     0.00285365     0.00051076     0.02379863     0.00000000     0.01295197     0.04475736     1.29435762     0.00009384     0.00209217     3.36262776
1823     0.00000024     0.01524348     0.00047190     0.02399442     0.00000000     0.00652980     0.12464562     0.07839627     0.00001136     0.00000786     0.20797927
1824     0.00000056     0.03549734     0.00037630     0.02436608     0.00000000     0.00558136     0.12213902     1.11885038     0.00007909     0.00098871     3.63355549
1825     0.00000184     0.11701892     0.00017319     0.02400426     0.00000000     0.00954324     0.05336757     0.90053345     0.00000736     0.00271542     4.33787108
1826     0.00000370     0.23492329     0.00009464     0.02368150     0.00000000     0.01274664     0.02009335     0.64825714     0.00004141     0.00035551     3.14666232
1827     0.00000587     0.37269653     0.00004222     0.02338516     0.00000000     0.01446099     0.00871019     0.42469033     0.00003389     0.00163642     0.15390419
1828     0.00000837     0.53129974     0.00000001     0.02244243     0.00000000     0.01555361     0.00473107     0.38474510     0.00001071     0.00391810     1.88528411
1829     0.00001108     0.70365371     0.00000020     0.02157282     0.00000000     0.01160590     0.01344477     0.23348689     0.00002688     0.00095900     0.00254933
1830     0.00001266     0.80414372     0.00014952     0.02142105     0.00000000     0.00282074     0.09482272     0.01089032     0.00000001     0.00018387     0.13291967
1831     0.00001313     0.83388798     0.00010763     0.02165491     0.00000000     0.00009622     0.23391832     0.01567075     0.00005297     0.00003440     0.17142387
1832     0.00001507     0.95726225     0.00020670     0.02133374     0.00000000     0.00049249     0.18415488     0.25878605     0.00000024     0.00225585     1.14511354
1833     0.00001835     1.16547487     0.00040487     0.02076460     0.00000000     0.00000103     0.06662125     0.09633045     0.00001562     0.00031230     1.59263117
1834     0.00002105     1.33661506     0.00091493     0.02017211     0.00000000     0.00023584     0.06674040     0.02522572     0.00003007     0.00182811     0.06108504
1835     0.00002297     1.45884455     0.00114171     0.01969169     0.00000000     0.00589324     0.18359976     0.00002068     0.00014999     0.00029190     0.00700980
1836     0.00002468     1.56729685     0.00102006     0.01968531     0.00000000     0.01023139     0.19369336     0.00003071     0.00018721     0.00009969     0.00275894
1837     0.00002639     1.67592690     0.00139380     0.01892261     0.00000000     0.00557850     0.06556053     0.01893502     0.00002413     0.00440601     0.09326484
1838     0.00002750     1.74609804     0.00218252     0.01773187     0.00000000     0.00141784     0.00749864     0.08350206     0.00002001     0.00152540     0.00196174
1839     0.00002798     1.77675048     0.00299694     0.01656454     0.00000000     0.00017319     0.00004115     0.15128266     0.00001908     0.00446594     0.49128640
1840     0.00002778     1.76410830     0.00255987     0.01540197     0.00000000     0.00001075     0.00203024     0.27077973     0.00000305     0.00167812     0.68570315
1841     0.00002661     1.68982427     0.00288965     0.01421290     0.00000000     0.00031727     0.00273618     0.44333861     0.00004649     0.00493719     0.37836411
1842     0.00002478     1.57385499     0.00339759     0.01298824     0.00000000     0.00070793     0.00179592     0.48711529     0.00000770     0.00210750     1.02582091
1843     0.00002269     1.44087074     0.00344262     0.01223030     0.00000000     0.00138417     0.00060889     0.53358410     0.00004904     0.00049343     0.00414676
1844     0.00008135     1.29148837     0.00542123     0.01140071     0.00000000     0.00208059     0.00005616     0.58422583     0.00004311     0.00286306     1.10625149
1845     0.00007260     1.15256883     0.00459151     0.01055225     0.00000000     0.00289889     0.00009631     0.46879478     0.00000043     0.00096276     0.60406233
1846     0.00006589     1.04601341     0.00772020     0.00969794     0.00000000     0.00356962     0.00181865     0.36741044     0.00010499     0.00404169     1.30593256
1847     0.00005972     0.94806920     0.00520341     0.00877914     0.00000000     0.00372973     0.00582035     0.39721711     0.00005875     0.00179650     1.59755945
1848     0.00005417     0.85997822     0.01069989     0.00775266     0.00000000     0.00489796     0.00564041     0.28682993     0.00052828     0.00583045     0.47734694
1849     0.00005046     0.80116354     0.00518604     0.00667014     0.00000000     0.00732851     0.00370375     0.21182771     0.00047350     0.00322249     2.82045781
1850     0.00004724     0.74991600     0.01995376     0.00596449     0.00000000     0.00916421     0.00342648     0.26425767     0.00187214     0.00143573     0.17308193
1851     0.00004431     0.68132925     0.01052706     0.00523227     0.00000000     0.01101791     0.00425150     0.20555741     0.00246805     0.00548374     3.08310526
1852     0.00004145     0.78940283     0.00877958     0.00442508     0.00000000     0.01193778     0.00584667     0.25564309     0.00262832     0.00319430     2.96804563
1853     0.00003745     0.70283060     0.01820978     0.00381963     0.00000000     0.01214886     0.01107238     0.30780022     0.00128820     0.00157351     0.08414500
1854     0.00007559     0.63055816     0.00535836     0.00312349     0.00000000     0.01236245     0.02063449     0.22220298     0.00086641     0.00606706     0.00214834
1855     0.00006791     0.55825920     0.03630771     0.00238619     0.00000000     0.01302253     0.02508463     0.24705184     0.00002924     0.00391301     0.14729650
1856     0.00006125     0.51093144     0.00742647     0.00184977     0.00000000     0.01419097     0.02673441     0.17231307     0.00047530     0.00230762     0.00588809
1857     0.00005544     0.46922955     0.02524808     0.00129407     0.00000000     0.01581083     0.02938636     0.20323830     0.00219595     0.00786256     0.39726653
1858     0.00005054     0.44021875     0.01562693     0.00077138     0.00000000     0.01764451     0.02685218     0.13890803     0.00228018     0.00574005     0.13731419
1859     0.00004818     0.42569606     0.02306874     0.00042906     0.00000000     0.02096792     0.02291086     0.09439041     0.00360002     0.00405768     0.78997941
1860     0.00008167     0.41172087     0.02275483     0.00020696     0.00000000     0.02353221     0.02085827     0.13599295     0.00279918     0.00274508     0.04590037
1861     0.00007743     0.40698693     0.02287766     0.00003980     0.00000000     0.02563916     0.02044566     0.10173472     0.00390048     0.00926859     0.25532279
1862     0.00007326     0.31432138     0.03102330     0.00001094     0.00000000     0.02800784     0.02157229     0.14925270     0.00227944     0.00751488     2.05088613
1863     0.00006676     0.28643202     0.02106409     0.00014227     0.00000000     0.02929054     0.02439223     0.20338007     0.00224344     0.00609997     0.08953340
1864     0.00006396     0.27438376     0.04628230     0.00038943     0.00000000     0.03132487     0.02835512     0.15722450     0.00069227     0.00496018     1.43842577
1865     0.00009962     0.27353627     0.01360815     0.00071616     0.00000000     0.34077658     0.00016343     0.20801414     0.00005041     0.00403656     0.10678893
1866     0.00008698     0.23882263     0.04847418     0.00109246     0.00000000     0.22573516     0.02960567     0.26333379     0.00034548     0.00328861     0.37768753
1867     0.00006511     0.17605117     0.03315339     0.00152156     0.00000000     0.12937858     0.05691471     0.33037294     0.00065756     0.00268464     0.00791345
1868     0.00004456     0.12050129     0.03672021     0.00221288     0.00000000     0.08886232     0.02534598     0.41696236     0.00095127     0.01028135     0.31600473
1869     0.00004151     0.07674720     0.05632832     0.00328206     0.00000000     0.07647326     0.01138963     0.37083327     0.00028165     0.00950411     0.00886870
1870     0.00002272     0.04201733     0.02415920     0.00455293     0.00000000     0.06212157     0.01519865     0.49092461     0.00000820     0.00894288     0.00127868
1871     0.00000804     0.01603103     0.06191379     0.00601624     0.00000000     0.03867466     0.02587699     0.47893264     0.00056445     0.00858791     0.22417207
1872     0.00000101     0.00197389     0.04781288     0.00767073     0.00000000     0.03140103     0.00980626     0.52396395     0.00072253     0.00842449     0.00403396
1873     0.00000243     0.00495146     0.05008931     0.00953909     0.00000000     0.05773662     0.00590346     0.63071277     0.00104543     0.00843518     0.26706274
1874     0.00001957     0.04038910     0.07537205     0.01163904     0.00000000     0.05745653     0.01454700     0.58083735     0.00029279     0.00862032     0.86149789
1875     0.00007165     0.11608007     0.03555069     0.01393452     0.00000000     0.04547202     0.06497399     0.55635710     0.00000086     0.00898456     1.73326885
1876     0.00014316     0.23481739     0.08304079     0.01636280     0.00000000     0.04850683     0.08678821     0.56012353     0.00045152     0.00953430     2.57574938
1877     0.00023421     0.39371492     0.06268025     0.01884879     0.00000000     0.05898618     0.04349245     0.42104266     0.00160334     0.01027670     0.14102136
1878     0.00033836     0.57574249     0.07279699     0.02149733     0.00000000     0.06476443     0.24333385     0.31804681     0.00096550     0.01122470     2.69641384
1879     0.00045533     0.78419087     0.08998638     0.02457945     0.00000000     0.07569043     0.13653915     0.24525406     0.00128805     0.01241977     0.07430152
1880     0.00071433     0.99561419     0.06085156     0.02734849     0.00000000     0.10537074     0.06329528     0.10847110     0.00018103     0.00402381     0.10839412
1881     0.00101291     1.25503420     0.08708362     0.02958279     0.00000000     0.12318830     0.14686213     0.03839086     0.00020572     0.00496804     0.00553751
1882     0.00110637     1.19027259     0.07176653     0.03206454     0.00000000     0.12924558     0.09961430     0.00267171     0.00003800     0.00610464     0.00917940
1883     0.00144297     1.29867131     0.07881022     0.03352662     0.00000000     0.07145707     0.63941412     0.00026228     0.00076796     0.00046506     0.00000445
1884     0.00158209     1.42387813     0.09649628     0.03374552     0.00000000     0.02352824     1.99643660     0.01510292     0.00045318     0.00055917     0.12546614
1885     0.00173650     1.58184677     0.11292464     0.03386591     0.00000000     0.01568241     1.48359222     0.04697411     0.00194980     0.00066243     0.18015333
1886     0.00156340     1.42416796     0.10414845     0.03473072     0.00000000     0.02644662     0.94996861     0.99190075     0.00025629     0.00325917     4.22959303
1887     0.00133107     1.01886238     0.10102192     0.03672550     0.00000000     0.03803524     0.60893588     1.08977531     0.00003995     0.00435590     0.53175566
1888     0.00107900     0.69528344     0.11159708     0.03931631     0.00000000     0.04819484     1.56210817     0.89840218     0.00005423     0.00568719     0.47304169
1889     0.00071165     0.45857053     0.11034256     0.04155157     0.00000000     0.05154948     0.51336052     0.73088614     0.00006276     0.00095768     2.07892438
1890     0.00068119     0.37390275     0.12808519     0.04281748     0.00000000     0.04860053     0.80373936     0.04196519     0.00018146     0.00010622     0.00128498
1891     0.00070255     0.33183999     0.09209702     0.04569604     0.00000000     0.08681769     2.31699933     0.51236436     0.00056500     0.00272310     0.31198251
1892     0.00047382     0.23492428     0.10404062     0.04903728     0.00000000     0.09245229     0.96016520     0.50838009     0.00057325     0.00008443     0.03956712
1893     0.00029002     0.14379366     0.12141955     0.05213481     0.00000000     0.12923783     0.67161354     0.32306758     0.00037084     0.00046219     0.82801319
1894     0.00017544     0.09226937     0.11913617     0.05589648     0.00000000     0.15267347     0.48099506     0.16580517     0.00029428     0.00121803     0.72186259
1895     0.00013449     0.06289341     0.11301580     0.05922171     0.00000000     0.15044513     0.37914360     0.05311496     0.00051803     0.00000123     0.37788381
1896     0.00012289     0.05090682     0.09105799     0.06207058     0.00000000     0.12810827     0.42403852     0.00240558     0.00009604     0.00020706     0.73784352
1897     0.00014087     0.05265296     0.15110822     0.06470074     0.00000000     0.17821958     0.28712353     0.01800821     0.00001665     0.00038761     0.83367891
1898     0.00021425     0.07187411     0.09142715     0.06736441     0.00000000     0.23804703     0.22373763     0.04280713     0.00048686     0.00000553     0.58366142
1899     0.00036440     0.11032584     0.12106979     0.06981101     0.00000000     0.18359850     0.50737903     0.03213488     0.00099869     0.00119981     0.00567082
1900     0.00057130     0.15688628     0.11370766     0.07182363     0.00000000     0.21837335     0.24500591     0.02894232     0.00120847     0.00024354     0.45367351
1901     0.00089957     0.26838459     0.06663496     0.07430393     0.00000000     0.21567056     0.29893944     0.03962760     0.00047650     0.00213345     0.00409646
1902     0.00143831     0.39261320     0.09772763     0.07538066     0.00000000     0.06548576     0.38148028     0.01461956     0.00003532     0.00575006     0.53947377
1903     0.00223506     0.54951601     0.06544590     0.07758862     0.00000000     0.02367714     1.43333995     0.00010720     0.00000686     0.00018255     0.00052228
1904     0.00265871     0.69431098     0.08315793     0.08159420     0.00000000     0.02848104     0.84032577     0.00237867     0.00215871     0.00041633     0.00580738
1905     0.00313311     0.73662931     0.05083381     0.08454237     0.00000000     0.06145168     0.41148180     0.09233566     0.00024013     0.00329877     0.42132322
1906     0.00289148     0.66930317     0.07412250     0.08640489     0.00000000     0.19122313     0.21062209     0.17761266     0.00147229     0.00596350     1.04294276
1907     0.00312654     0.59597602     0.06190607     0.08804607     0.00000000     0.13957173     0.23919905     0.13750822     0.00037333     0.00999852     2.82439259
1908     0.00274581     0.56411101     0.05509064     0.09035272     0.00000000     0.10561799     0.35059104     0.10069886     0.00202504     0.00558652     2.69449867
1909     0.00278377     0.54060099     0.04605563     0.09253550     0.00000000     0.11281525     0.36775576     0.07010498     0.00045758     0.00916226     2.37359277
1910     0.00310577     0.53224180     0.06201541     0.09343788     0.00000000     0.09269316     0.26479175     0.04125322     0.00283784     0.01342234     2.82496346
1911     0.00308101     0.46635547     0.05328901     0.09418261     0.00000000     0.04189508     0.10031812     0.02809641     0.00109665     0.01820400     4.39020547
1912     0.00336322     0.40906668     0.05140929     0.09460315     0.00000000     0.03607466     0.08470097     0.00640558     0.00262894     0.01112722     1.59681391
1913     0.00370216     0.35098776     0.03826453     0.09470663     0.00000000     0.08503926     0.16309950     0.02473104     0.00181133     0.01484425     1.04001131
1914     0.00277168     0.31767831     0.04169152     0.09334454     0.00000000     0.12568017     0.82389172     0.02095480     0.00302490     0.01876631     0.37293925
1915     0.00275799     0.30236677     0.04158686     0.09189455     0.00000000     0.17410118     0.55171461     0.02269788     0.00163821     0.02007568     2.22822387
1916     0.00319377     0.30881979     0.03395596     0.09283066     0.00000000     0.18099280     0.47850703     0.01759596     0.00418182     0.01202186     2.50639202
1917     0.00332743     0.28551374     0.04471299     0.09525592     0.00000000     0.34284402     0.51534035     0.03874392     0.00064864     0.01448259    12.49149212
1918     0.00293434     0.26557823     0.02539515     0.09628031     0.00000000     0.82863574     0.27049848     0.01919154     0.00211593     0.01679452     6.70702507
1919     0.00253530     0.31026766     0.03266555     0.09536498     0.00000000     0.60038987     0.36926204     0.01361177     0.00057834     0.01896559     1.38863421
1920     0.00404657     0.37041632     0.02950385     0.09309365     0.00000000     0.61975405     0.35008806     0.00816896     0.00125951     0.02100867     1.70540520
1921     0.00346320     0.48323821     0.03891356     0.09119846     0.00000000     0.75750801     0.73042512     0.02550266     0.00046143     0.01020990     0.09025126
1922     0.00468757     0.56114555     0.01756945     0.09046416     0.00000000     0.68113580     1.17521707     0.06034119     0.00048922     0.01139583     2.94526734
1923     0.00753186     0.70008191     0.02966529     0.08926656     0.00000000     0.55145395     0.75375319     0.03019524     0.00004692     0.01252152     1.85294287
1924     0.00876142     0.82305515     0.01563649     0.08700411     0.00000000     0.50711957     0.47802743     0.02944080     0.00000682     0.01359981     4.77023661
1925     0.00942019     0.88494025     0.02436617     0.08322348     0.00000000     0.42874093     0.30461488     0.07921473     0.00002895     0.01467594     0.67397653
1926     0.00957974     0.90947726     0.01252779     0.07806775     0.00000000     0.27577227     0.41163306     0.07314634     0.00021335     0.01581566     1.21443381
1927     0.01124096     1.01958865     0.02187070     0.07310426     0.00000000     0.31828428     0.57817622     0.04710652     0.00008835     0.01521911     0.51947557
1928     0.01205694     1.04332638     0.00833468     0.06956751     0.00000000     0.32574336     0.48130720     0.06444091     0.00067414     0.00788588     0.68767379
1929     0.01389597     1.05073517     0.02153528     0.06599174     0.00000000     0.22117928     0.95549407     0.09901025     0.00037308     0.00875202     6.85838511
1930     0.01117569     1.02383008     0.01095101     0.06040154     0.00000000     0.20439482     1.16966516     0.08489312     0.00292883     0.00971675     1.25607717
1931     0.00822866     0.95792040     0.01342974     0.05329670     0.00000000     0.20907346     0.99183508     0.19387799     0.00037852     0.01092076     5.51389319
1932     0.00525635     0.75691407     0.01241374     0.04733905     0.00000000     0.18280593     0.67422759     0.42691763     0.00228143     0.01120086     0.01895489
1933     0.00401727     0.51094954     0.00683818     0.04185533     0.00000000     0.18545645     0.48796679     0.61835448     0.00038767     0.01294934     2.44805868
1934     0.00295557     0.31090828     0.01405392     0.03520633     0.00000000     0.16932034     1.58249393     0.85310072     0.00253854     0.01514575     0.36839743
1935     0.00214363     0.20199868     0.00786182     0.02774820     0.00000000     0.18911881     5.60798082     1.11995374     0.00000030     0.01796176     0.04898580
1936     0.00114601     0.09145692     0.00884600     0.02031224     0.00000000     0.11655673     0.68752236     1.38309293     0.00253743     0.02161615     0.50065184
1937     0.00004558     0.00300928     0.00832876     0.01341712     0.00000000     0.06317242     0.66181931     1.13246928     0.00003646     0.02380481     3.38033917
1938     0.00054124     0.03890488     0.00518108     0.00805869     0.00000000     0.03939572     2.01682011     1.04072919     0.00260622     0.01847335    23.74421309
1939     0.00252411     0.16492602     0.00938578     0.00471272     0.00000000     0.02107268     0.84593499     0.84136509     0.00044678     0.02402811     6.93971337
1940     0.00612520     0.32710007     0.00206990     0.00272081     0.00000000     0.00473130     0.69900446     0.67239926     0.00114974     0.03089107     6.34454284
1941     0.01090022     0.56033895     0.00467698     0.00130462     0.00000000     0.00009598     0.19896190     0.37787109     0.00082878     0.03425924     1.34971463
1942     0.01715679     0.90410864     0.00378599     0.00009189     0.00000000     0.00002910     0.07635563     0.10931437     0.00348642     0.03920048     0.03379973
1943     0.02459830     1.19304903     0.00807820     0.00075555     0.00000000     0.00173848     0.09150528     0.00580525     0.00034562     0.04310837     9.94806667
1944     0.02753672     1.41312069     0.00176273     0.00479420     0.00000000     0.00702532     0.04687642     0.02619711     0.00405506     0.04641374    29.18581274
1945     0.01938900     1.43691187     0.00628540     0.01060892     0.00000000     0.01533167     0.21490927     0.05057402     0.00408988     0.04482783    12.36008005
1946     0.02077735     1.59440369     0.00241441     0.01505874     0.00000000     0.02235797     0.06550524     0.06895348     0.00084457     0.04646742     3.21252300
1947     0.02306413     1.48931351     0.00101953     0.01904542     0.00000000     0.01115962     0.00263715     0.06619023     0.00654904     0.04678406     2.29439779
1948     0.02242495     1.35132081     0.00273419     0.02453825     0.00000000     0.01407829     0.00378127     0.11718220     0.00091536     0.04585634     0.61186274
1949     0.01756717     1.15408021     0.00038843     0.03092170     0.00000000     0.01485704     0.00882215     0.12071178     0.00519185     0.04023092     4.11462762
1950     0.01819491     0.94322433     0.00047764     0.03904054     0.00000000     0.01108156     0.04263175     0.17613725     0.00112393     0.03788781     1.62596236
1951     0.01650698     1.08641550     0.00021748     0.04688250     0.00000000     0.01456014     0.21396303     0.11899653     0.00351422     0.02465186     0.37566819
1952     0.01280620     0.90719506     0.00021307     0.05524945     0.00000000     0.02080145     0.10871937     0.09610053     0.00146435     0.02236504     0.02890708
1953     0.00982173     0.65867293     0.00026708     0.06263741     0.00000000     0.02743377     0.15746452     0.10062338     0.00342166     0.01833796     1.16090443
1954     0.00658947     0.46790969     0.00140508     0.06615073     0.00000000     0.02063696     0.19049424     0.06623344     0.00028844     0.01584314     9.44976661
1955     0.00507673     0.32491065     0.00054447     0.07000785     0.00000000     0.02820464     0.16114393     0.03021445     0.00167178     0.01301443     2.93634711
1956     0.00409311     0.25300376     0.00099830     0.07942645     0.00000000     0.02394150     0.23276255     0.04067822     0.00068052     0.01018024     6.75396517
1957     0.00328338     0.19317411     0.00142230     0.09580109     0.00000000     0.01258449     0.10917466     0.09100437     0.00000692     0.00712031     2.08507213
1958     0.00209797     0.12227850     0.00096899     0.11552105     0.00000000     0.00814673     0.15743675     0.11602798     0.00037201     0.00534080     1.99342477
1959     0.00219112     0.09738298     0.00077164     0.13205343     0.00000000     0.00591214     0.06470377     0.00815440     0.00000242     0.00392649     0.01023853
1960     0.00298998     0.11907509     0.00000012     0.14716441     0.00000000     0.01353037     0.10691756     0.00008918     0.00003802     0.00273503     0.49525799
1961     0.00331397     0.15185446     0.00039828     0.17881786     0.00000000     0.02985336     0.07273305     0.00495896     0.00005153     0.00149366     0.74026092
1962     0.00436793     0.18984028     0.00038302     0.19874580     0.00000000     0.03609776     0.13328258     0.01878731     0.00000160     0.01282052     2.36746480
1963     0.00767473     0.30784196     0.00001493     0.20930892     0.00000000     0.07542627     0.23578034     0.00042999     0.00025896     0.00073122     1.25808948
1964     0.00840302     0.31610298     0.00014406     0.22219485     0.00000000     0.09903429     0.28824839     0.00885711     0.00071030     0.00042830     0.18510502
1965     0.00347192     0.12170501     0.00201322     0.22872762     0.00000000     0.09092807     0.16330421     0.18278531     0.00000205     0.00419016     1.48014022
1966     0.00214571     0.07188041     0.00003803     0.23565121     0.00000000     0.06019770     0.12535092     0.00478574     0.00003984     0.00298670     0.55110291
1967     0.00079618     0.02525741     0.00183311     0.25331457     0.00000000     0.03851059     0.07717250     0.01860551     0.00059693     0.00265495     1.14082836
1968     0.00008285     0.00239365     0.00018894     0.27569124     0.00000000     0.03467868     0.14984709     0.04031013     0.00008650     0.00290862     0.40316393
1969     0.00136572     0.03577952     0.00231446     0.29915676     0.00000000     0.03762187     0.10850353     0.05519990     0.00091892     0.00117272     8.39237770
1970     0.00707755     0.15711955     0.00109805     0.31536369     0.00000000     0.04822146     0.26418343     0.03964584     0.00073984     0.00041721     0.95771177
1971     0.00395452     0.06979701     0.00006435     0.31350184     0.00000000     0.04726027     0.13676069     0.04542076     0.00020273     0.00016662     0.09079241
1972     0.00014917     0.00230607     0.00275707     0.30651838     0.00000000     0.04075317     0.18527383     0.15197810     0.00053557     0.00013455     0.00688738
1973     0.00387107     0.05701700     0.00134307     0.30701671     0.00000000     0.05407457     0.14723184     0.51322747     0.00003283     0.00010087     6.98567955
1974     0.01500918     0.21869945     0.00457837     0.28506316     0.00000000     0.06053277     0.11318801     0.10120095     0.00111067     0.00057861     0.03098944
1975     0.01675691     0.24960139     0.00440574     0.25928913     0.00000000     0.06028511     0.15305071     0.02763398     0.00025959     0.00075576     0.01958521
1976     0.00248758     0.04041590     0.00649817     0.21633867     0.00000000     0.05077134     0.20590287     0.10413535     0.00146939     0.00033278     8.15642443
1977     0.00000671     0.00010789     0.00993530     0.18666913     0.00000000     0.03645300     0.12025275     0.01603549     0.00012146     0.00263563     0.34739226
1978     0.00076215     0.01207448     0.02164482     0.17751832     0.00000000     0.03943571     0.25452892     0.06549560     0.00072153     0.00260149    13.81257699
1979     0.00104599     0.01506709     0.00879208     0.21634891     0.00000000     0.04678081     0.23958937     0.00608160     0.00006075     0.03075560     0.21510930
1980     0.00046358     0.00666744     0.04041442     0.22368687     0.00000000     0.06951794     0.30971871     0.03483768     0.00007818     0.01460835     1.23808665
1981     0.00047836     0.00834052     0.06369009     0.20488969     0.00000000     0.07734721     0.23544587     0.01170270     0.00005086     0.00457034     0.01142257
1982     0.00121776     0.02734754     0.06273421     0.22496441     0.00000000     0.09290907     0.37637728     0.02826889     0.00056950     0.00397955     0.66433745
1983     0.00240889     0.05752394     0.10898603     0.23234591     0.00000000     0.10734998     0.50969628     0.02864951     0.00002785     0.00150255     0.00978866
1984     0.00188016     0.04435634     0.05865061     0.27208677     0.00000000     0.10792961     0.35962457     0.03208251     0.00188805     0.01651545     0.02776377
1985     0.00034953     0.00800978     0.01552774     0.26599620     0.00000000     0.10135343     0.43276080     0.05642334     0.00006738     0.01187704     3.13222394
1986     0.00075863     0.01701163     0.03538513     0.29567767     0.00000000     0.09329187     0.44949429     0.11347828     0.00084596     0.04913276     0.75827397
1987     0.01005421     0.21978506     0.01913397     0.26693875     0.00000000     0.06213420     0.30306319     0.21095942     0.00014746     0.14124864     1.67752359
1988     0.00761308     0.15692195     0.01280317     0.14213095     0.00000000     0.06152394     0.44318852     0.26688922     0.00462336     0.06234098     2.69851454
1989     0.00078412     0.01563064     0.01002213     0.19688131     0.00000000     0.08639441     0.28266975     0.28280115     0.00000283     0.16945817     2.59676439
1990     0.01901881     0.36957167     0.01299289     0.38716098     0.00000000     0.11690075     0.29852983     0.00131760     0.00241557     0.07866033     1.02930553
1991     0.02537033     0.57751103     0.04111113     0.46780981     0.00000000     0.14110238     0.49179744     0.00747972     0.00076615     0.01126243     0.02337207
1992     0.02807831     0.59159884     0.01310565     0.46215690     0.00000000     0.16373743     0.73415423     0.00642056     0.00817744     0.00001953     0.88931251
1993     0.00625699     0.12995560     0.01356779     0.47620787     0.00000000     0.12977331     0.45073254     0.51461329     0.00077977     0.01120994     2.59745273
1994     0.00201167     0.03908775     0.05198747     0.44682185     0.00000000     0.08082620     0.32271513     0.07857618     0.00180056     0.05754860     2.07765464
1995     0.00186623     0.03346142     0.01955918     0.39810202     0.00000000     0.06461891     0.31947310     0.01545446     0.00001404     0.00274074     4.59215057
1996     0.00006042     0.00100397     0.00008296     0.36122073     0.00000000     0.06274218     0.46388409     0.03007688     0.00147673     0.03264278     0.00781533
1997     0.00313012     0.04933166     0.02371797     0.29039475     0.00000000     0.05550859     0.32107961     0.66715916     0.01007096     0.04019969     1.53966326
1998     0.00726523     0.11191482     0.06187527     0.19865837     0.00000000     0.05094870     0.35978420     0.00243077     0.00036247     0.11325084    15.52906771
1999     0.00273272     0.04322042     0.00192301     0.09135505     0.00000000     0.05401677     0.19674263     0.35978308     0.00377137     0.15364192     2.66168441
2000     0.00071909     0.01115943     0.00311886     0.01197517     0.00000000     0.00000000     0.00000000     0.02631004     0.00016709     0.27686718     2.06208581
