YEAR CONCO2 CONCH4 CONN2O T2M CUMCO2 ANTCO2 ANTCH4 ANTN2O ANTNOx ANTCO ANTVOC ANTSO2 RADTTL RADANT RADAER RADCO2 RADCH4 RADN2O pH
2000   369.56  1752.11   317.04   0.7604    462.71    8.3000    310.19    6.11   36.70  986.00  183.00   60.20   1.4937   1.3597  -1.4361   1.5389   0.4865   0.1557   8.0820
2001   370.90  1751.58   317.92   0.7879    471.08    8.3700    312.90    6.19   36.00  996.00  185.00   59.00   1.5353   1.4047  -1.4166   1.5582   0.4863   0.1584   8.0806
2002   372.38  1754.10   318.81   0.8168    479.53    8.4500    322.28    6.36   35.30 1006.00  187.00   57.80   1.5803   1.4530  -1.3971   1.5795   0.4872   0.1613   8.0791
2003   373.89  1759.82   319.71   0.8464    488.05    8.5200    328.12    6.43   34.80 1016.00  188.00   56.60   1.6280   1.5041  -1.3774   1.6011   0.4894   0.1641   8.0777
2004   375.42  1768.70   320.64   0.8763    496.65    8.6000    338.94    6.59   34.10 1026.00  189.00   55.40   1.6757   1.5551  -1.3575   1.6229   0.4927   0.1671   8.0762
2005   376.97  1780.84   321.58   0.9068    505.32    8.6700    346.40    6.69   33.40 1037.00  191.00   54.10   1.7274   1.6102  -1.3359   1.6449   0.4972   0.1700   8.0747
2006   378.55  1795.86   322.54   0.9378    514.07    8.7500    356.47    6.87   32.70 1046.00  193.00   52.90   1.7793   1.6654  -1.3156   1.6672   0.5028   0.1731   8.0732
2007   380.15  1811.94   323.49   0.9693    522.89    8.8200    355.02    6.59   32.00 1057.00  194.00   51.70   1.8315   1.7210  -1.2953   1.6898   0.5087   0.1760   8.0717
2008   381.77  1828.19   324.40   1.0012    531.79    8.9000    360.49    6.64   31.30 1067.00  196.00   50.50   1.8841   1.7770  -1.2748   1.7125   0.5147   0.1789   8.0702
2009   383.41  1845.51   325.31   1.0335    540.75    8.9600    364.20    6.71   30.60 1077.00  197.00   49.30   1.9371   1.8334  -1.2542   1.7353   0.5210   0.1818   8.0686
2010   385.06  1863.99   326.23   1.0661    549.78    9.0300    370.90    6.71   29.90 1087.00  198.00   48.10   1.9909   1.8905  -1.2333   1.7583   0.5277   0.1846   8.0671
2011   386.78  1883.21   327.12   1.0992    559.06    9.2800    372.66    6.65   29.60 1107.00  201.00   47.00   2.0452   1.9482  -1.2153   1.7820   0.5347   0.1875   8.0655
2012   388.58  1903.45   328.02   1.1325    568.60    9.5400    380.81    6.74   29.20 1128.00  205.00   46.00   2.0983   2.0047  -1.1991   1.8068   0.5420   0.1903   8.0638
2013   390.47  1924.50   328.92   1.1662    578.39    9.7900    381.59    6.85   28.80 1147.00  208.00   45.00   2.1523   2.0620  -1.1825   1.8327   0.5495   0.1931   8.0620
2014   392.45  1945.84   329.84   1.2002    588.43   10.0400    387.87    6.92   28.60 1168.00  210.00   44.00   2.2078   2.1208  -1.1660   1.8596   0.5571   0.1959   8.0602
2015   394.50  1967.36   330.76   1.2346    598.72   10.2900    388.07    6.94   28.20 1188.00  213.00   43.00   2.2629   2.1793  -1.1493   1.8875   0.5647   0.1988   8.0583
2016   396.62  1986.66   331.66   1.2692    609.25   10.5300    379.96    6.86   27.80 1209.00  216.00   42.00   2.3173   2.2371  -1.1326   1.9162   0.5715   0.2016   8.0564
2017   398.82  2002.41   332.54   1.3038    620.03   10.7800    371.84    6.78   27.50 1228.00  218.00   41.10   2.3690   2.2922  -1.1174   1.9457   0.5771   0.2043   8.0544
2018   401.09  2014.91   333.39   1.3385    631.06   11.0300    363.72    6.70   27.10 1249.00  221.00   40.00   2.4229   2.3495  -1.0984   1.9759   0.5814   0.2070   8.0523
2019   403.43  2024.50   334.22   1.3733    642.34   11.2800    355.61    6.62   26.80 1269.00  225.00   39.00   2.4747   2.4046  -1.0811   2.0070   0.5848   0.2096   8.0502
2020   405.83  2031.40   335.03   1.4079    653.87   11.5300    347.49    6.54   26.40 1289.00  228.00   38.00   2.5249   2.4582  -1.0637   2.0387   0.5872   0.2120   8.0480
2021   408.28  2036.09   335.81   1.4419    665.54   11.6703    341.33    6.46   26.00 1305.00  229.00   37.20   2.5703   2.5069  -1.0496   2.0708   0.5888   0.2145   8.0459
2022   410.72  2039.02   336.57   1.4755    677.23   11.6928    335.16    6.37   25.50 1321.00  230.00   36.30   2.6159   2.5559  -1.0335   2.1025   0.5898   0.2168   8.0437
2023   413.10  2040.36   337.30   1.5083    688.83   11.5988    329.00    6.28   25.10 1337.00  232.00   35.60   2.6565   2.5998  -1.0212   2.1334   0.5903   0.2191   8.0416
2024   415.38  2040.23   338.01   1.5406    700.19   11.3610    322.83    6.20   24.70 1354.00  234.00   34.70   2.6986   2.6453  -1.0049   2.1628   0.5902   0.2212   8.0396
2025   417.50  2038.76   338.69   1.5721    711.18   10.9895    316.67    6.11   24.30 1370.00  236.00   33.90   2.7358   2.6859  -0.9904   2.1900   0.5897   0.2233   8.0377
2026   419.41  2036.00   339.35   1.6025    721.63   10.4486    310.51    6.02   23.90 1386.00  237.00   33.10   2.7693   2.7227  -0.9758   2.2144   0.5887   0.2254   8.0361
2027   421.07  2032.09   339.98   1.6317    731.49    9.8613    304.34    5.93   23.40 1402.00  239.00   32.30   2.7984   2.7552  -0.9611   2.2355   0.5874   0.2273   8.0346
2028   422.52  2027.15   340.59   1.6595    740.86    9.3762    298.18    5.85   23.00 1418.00  241.00   31.50   2.8246   2.7847  -0.9462   2.2538   0.5857   0.2292   8.0334
2029   423.80  2021.25   341.18   1.6863    749.85    8.9873    292.02    5.76   22.50 1434.00  243.00   30.60   2.8495   2.8130  -0.9292   2.2699   0.5836   0.2310   8.0323
2030   424.96  2014.39   341.74   1.7117    758.57    8.7161    285.85    5.67   22.20 1450.00  244.00   29.80   2.8713   2.8381  -0.9141   2.2845   0.5812   0.2327   8.0313
2031   426.06  2006.90   342.29   1.7359    767.12    8.5485    281.55    5.63   21.90 1470.00  245.00   29.20   2.8907   2.8576  -0.9036   2.2984   0.5786   0.2344   8.0303
2032   427.13  1999.15   342.81   1.7591    775.52    8.4083    277.24    5.58   21.70 1490.00  246.00   28.60   2.9103   2.8772  -0.8930   2.3117   0.5759   0.2360   8.0294
2033   428.13  1991.14   343.33   1.7813    783.65    8.1255    272.93    5.54   21.40 1509.00  247.00   28.00   2.9286   2.8955  -0.8822   2.3242   0.5731   0.2375   8.0286
2034   429.03  1982.88   343.83   1.8029    791.45    7.8034    268.63    5.49   21.20 1529.00  248.00   27.30   2.9483   2.9152  -0.8693   2.3354   0.5702   0.2391   8.0278
2035   429.81  1974.41   344.32   1.8236    798.89    7.4406    264.32    5.45   20.90 1549.00  249.00   26.70   2.9639   2.9307  -0.8585   2.3451   0.5672   0.2406   8.0271
2036   430.46  1965.68   344.80   1.8436    805.93    7.0363    260.01    5.41   20.80 1568.00  250.00   26.00   2.9811   2.9479  -0.8454   2.3532   0.5641   0.2420   8.0266
2037   430.96  1956.71   345.26   1.8626    812.52    6.5915    255.71    5.36   20.50 1588.00  251.00   25.40   2.9932   2.9601  -0.8344   2.3594   0.5610   0.2434   8.0261
2038   431.31  1947.56   345.70   1.8805    818.63    6.1092    251.40    5.32   20.30 1608.00  252.00   24.80   3.0039   2.9708  -0.8233   2.3638   0.5577   0.2448   8.0258
2039   431.50  1938.21   346.14   1.8974    824.23    5.5956    247.10    5.27   20.00 1628.00  252.00   24.20   3.0119   2.9788  -0.8122   2.3660   0.5544   0.2461   8.0257
2040   431.51  1928.69   346.56   1.9134    829.29    5.0614    242.79    5.23   19.80 1647.00  254.00   23.50   3.0209   2.9878  -0.7986   2.3662   0.5510   0.2474   8.0257
2041   431.35  1919.12   346.97   1.9276    833.80    4.5110    239.62    5.21   19.60 1661.00  254.00   23.20   3.0188   2.9856  -0.7934   2.3642   0.5476   0.2486   8.0258
2042   431.01  1909.60   347.37   1.9406    837.76    3.9589    236.45    5.19   19.40 1676.00  254.00   22.70   3.0189   2.9858  -0.7838   2.3600   0.5442   0.2499   8.0261
2043   430.51  1900.04   347.77   1.9520    841.19    3.4353    233.29    5.18   19.40 1690.00  254.00   22.40   3.0136   2.9804  -0.7785   2.3538   0.5408   0.2511   8.0265
2044   429.87  1890.46   348.16   1.9619    844.15    2.9564    230.12    5.16   19.20 1705.00  254.00   22.00   3.0075   2.9744  -0.7711   2.3459   0.5373   0.2522   8.0271
2045   429.11  1880.88   348.54   1.9705    846.66    2.5110    226.95    5.14   19.10 1719.00  254.00   21.70   2.9982   2.9651  -0.7658   2.3364   0.5339   0.2534   8.0277
2046   428.24  1871.31   348.92   1.9776    848.77    2.1066    223.78    5.12   18.90 1734.00  254.00   21.40   2.9870   2.9538  -0.7606   2.3255   0.5304   0.2545   8.0285
2047   427.28  1861.73   349.28   1.9837    850.52    1.7547    220.61    5.11   18.80 1748.00  254.00   21.00   2.9775   2.9444  -0.7529   2.3136   0.5269   0.2557   8.0293
2048   426.26  1852.16   349.65   1.9888    851.95    1.4317    217.44    5.09   18.60 1763.00  254.00   20.60   2.9665   2.9334  -0.7453   2.3008   0.5234   0.2567   8.0301
2049   425.19  1842.62   350.00   1.9930    853.11    1.1603    214.28    5.07   18.40 1777.00  254.00   20.20   2.9549   2.9218  -0.7376   2.2874   0.5200   0.2578   8.0311
2050   424.08  1833.09   350.35   1.9962    854.04    0.9229    211.11    5.05   18.30 1792.00  255.00   19.90   2.9411   2.9080  -0.7323   2.2735   0.5165   0.2589   8.0320
2051   422.96  1823.62   350.69   1.9983    854.77    0.7370    209.09    5.05   18.20 1798.00  253.00   19.70   2.9249   2.8918  -0.7283   2.2593   0.5130   0.2599   8.0330
2052   421.84  1814.32   351.02   1.9994    855.39    0.6177    207.06    5.04   18.00 1805.00  252.00   19.50   2.9084   2.8752  -0.7244   2.2451   0.5096   0.2609   8.0340
2053   420.77  1805.19   351.36   1.9998    856.07    0.6795    205.04    5.03   17.90 1812.00  251.00   19.30   2.8932   2.8600  -0.7204   2.2316   0.5062   0.2619   8.0349
2054   419.83  1796.20   351.68   2.0000    857.02    0.9488    203.02    5.02   17.80 1818.00  250.00   19.00   2.8821   2.8490  -0.7140   2.2197   0.5029   0.2629   8.0357
2055   419.08  1787.33   352.01   2.0000    858.34    1.3161    201.00    5.02   17.70 1826.00  249.00   18.80   2.8711   2.8380  -0.7102   2.2102   0.4996   0.2639   8.0363
2056   418.49  1778.55   352.33   2.0000    859.83    1.4975    198.98    5.01   17.60 1833.00  247.00   18.60   2.8620   2.8289  -0.7062   2.2026   0.4964   0.2648   8.0369
2057   417.95  1769.82   352.64   2.0000    861.30    1.4715    196.96    5.00   17.60 1839.00  246.00   18.40   2.8544   2.8213  -0.7022   2.1957   0.4931   0.2658   8.0373
2058   417.42  1761.15   352.95   2.0000    862.74    1.4383    194.94    4.99   17.50 1846.00  245.00   18.20   2.8465   2.8133  -0.6982   2.1890   0.4899   0.2667   8.0378
2059   416.94  1752.58   353.25   2.0000    864.31    1.5701    192.91    4.99   17.40 1853.00  244.00   18.00   2.8391   2.8060  -0.6942   2.1828   0.4867   0.2676   8.0382
2060   416.57  1744.12   353.55   2.0000    866.17    1.8591    190.89    4.98   17.20 1859.00  243.00   17.80   2.8328   2.7997  -0.6901   2.1781   0.4835   0.2685   8.0385
2061   416.31  1735.68   353.85   2.0000    868.21    2.0344    188.45    4.98   17.10 1864.00  242.00   17.70   2.8262   2.7931  -0.6882   2.1748   0.4803   0.2694   8.0388
2062   416.09  1727.14   354.15   2.0000    870.19    1.9821    186.00    4.98   17.00 1868.00  241.00   17.60   2.8201   2.7869  -0.6863   2.1719   0.4771   0.2703   8.0390
2063   415.88  1718.41   354.44   2.0000    872.23    2.0461    183.56    4.98   17.00 1873.00  238.00   17.50   2.8141   2.7810  -0.6844   2.1692   0.4738   0.2712   8.0391
2064   415.75  1709.50   354.73   2.0000    874.58    2.3489    181.11    4.98   16.90 1877.00  237.00   17.40   2.8090   2.7759  -0.6825   2.1676   0.4704   0.2721   8.0393
2065   415.71  1700.52   355.01   1.9999    877.00    2.4190    178.66    4.98   16.80 1881.00  236.00   17.40   2.8026   2.7695  -0.6829   2.1671   0.4670   0.2729   8.0393
2066   415.65  1691.43   355.30   2.0000    879.26    2.2590    176.22    4.98   16.80 1885.00  235.00   17.30   2.7988   2.7657  -0.6810   2.1663   0.4635   0.2738   8.0393
2067   415.54  1682.22   355.58   2.0000    881.44    2.1812    173.77    4.98   16.70 1889.00  233.00   17.20   2.7937   2.7606  -0.6790   2.1649   0.4600   0.2746   8.0394
2068   415.45  1672.93   355.86   2.0000    883.73    2.2847    171.33    4.98   16.60 1894.00  232.00   17.10   2.7888   2.7557  -0.6771   2.1637   0.4565   0.2755   8.0395
2069   415.38  1663.61   356.13   2.0000    885.99    2.2654    168.88    4.98   16.50 1898.00  231.00   17.00   2.7843   2.7511  -0.6752   2.1628   0.4529   0.2763   8.0396
2070   415.27  1654.22   356.41   2.0000    888.08    2.0895    166.44    4.98   16.50 1903.00  230.00   16.90   2.7797   2.7465  -0.6733   2.1614   0.4493   0.2771   8.0397
2071   415.14  1644.62   356.68   1.9999    890.19    2.1057    163.72    4.99   16.30 1898.00  227.00   16.80   2.7740   2.7409  -0.6703   2.1598   0.4456   0.2779   8.0398
2072   415.08  1634.71   356.95   2.0000    892.56    2.3683    161.01    5.00   16.20 1892.00  225.00   16.60   2.7722   2.7391  -0.6648   2.1590   0.4417   0.2787   8.0398
2073   415.12  1624.47   357.23   1.9999    895.06    2.5072    158.30    5.02   16.10 1888.00  221.00   16.60   2.7662   2.7331  -0.6644   2.1594   0.4377   0.2796   8.0398
2074   415.17  1613.94   357.50   1.9999    897.52    2.4564    155.59    5.03   16.00 1883.00  219.00   16.50   2.7631   2.7299  -0.6614   2.1601   0.4336   0.2804   8.0398
2075   415.26  1603.14   357.77   2.0000    900.17    2.6532    152.87    5.04   15.90 1878.00  216.00   16.40   2.7601   2.7270  -0.6584   2.1612   0.4294   0.2812   8.0397
2076   415.39  1592.12   358.05   2.0000    902.88    2.7041    150.16    5.06   15.80 1873.00  214.00   16.40   2.7554   2.7223  -0.6578   2.1630   0.4251   0.2820   8.0396
2077   415.51  1580.94   358.32   2.0000    905.44    2.5598    147.45    5.07   15.60 1868.00  212.00   16.30   2.7522   2.7191  -0.6548   2.1645   0.4207   0.2828   8.0395
2078   415.61  1569.61   358.59   2.0000    908.08    2.6484    144.74    5.08   15.50 1864.00  209.00   16.20   2.7491   2.7159  -0.6519   2.1658   0.4162   0.2836   8.0394
2079   415.73  1558.09   358.87   1.9999    910.74    2.6515    142.03    5.09   15.40 1858.00  207.00   16.20   2.7439   2.7108  -0.6513   2.1673   0.4116   0.2845   8.0393
2080   415.85  1546.41   359.14   2.0000    913.38    2.6413    139.31    5.11   15.30 1854.00  204.00   16.00   2.7432   2.7101  -0.6459   2.1688   0.4069   0.2853   8.0392
2081   416.02  1534.89   359.42   2.0000    916.27    2.8922    138.39    5.14   15.20 1847.00  202.00   16.00   2.7388   2.7056  -0.6451   2.1710   0.4023   0.2861   8.0390
2082   416.26  1523.84   359.70   1.9999    919.22    2.9525    137.48    5.17   15.00 1840.00  199.00   16.00   2.7347   2.7016  -0.6444   2.1741   0.3979   0.2869   8.0388
2083   416.45  1513.15   359.98   2.0000    921.96    2.7356    136.56    5.21   15.00 1833.00  195.00   15.90   2.7337   2.7006  -0.6411   2.1766   0.3936   0.2878   8.0386
2084   416.56  1502.76   360.27   1.9999    924.51    2.5495    135.64    5.24   14.90 1826.00  192.00   15.90   2.7289   2.6958  -0.6403   2.1780   0.3894   0.2886   8.0385
2085   416.61  1492.70   360.57   1.9999    926.98    2.4738    134.72    5.27   14.90 1820.00  190.00   15.80   2.7266   2.6935  -0.6372   2.1786   0.3853   0.2895   8.0385
2086   416.70  1482.92   360.86   2.0000    929.65    2.6697    133.80    5.30   14.80 1812.00  186.00   15.70   2.7243   2.6912  -0.6339   2.1798   0.3813   0.2904   8.0384
2087   416.85  1473.44   361.16   1.9999    932.40    2.7479    132.88    5.34   14.60 1806.00  183.00   15.70   2.7201   2.6869  -0.6332   2.1817   0.3774   0.2913   8.0383
2088   417.00  1464.24   361.47   2.0000    935.03    2.6323    131.97    5.37   14.60 1799.00  180.00   15.60   2.7194   2.6863  -0.6299   2.1836   0.3736   0.2922   8.0382
2089   417.10  1455.25   361.78   2.0000    937.57    2.5341    131.05    5.40   14.50 1792.00  177.00   15.60   2.7153   2.6822  -0.6292   2.1849   0.3699   0.2931   8.0381
2090   417.17  1446.50   362.09   2.0000    940.04    2.4719    130.13    5.44   14.40 1785.00  174.00   15.50   2.7134   2.6803  -0.6259   2.1858   0.3663   0.2941   8.0380
2091   417.23  1438.02   362.41   1.9999    942.48    2.4448    129.34    5.42   14.50 1784.00  173.00   15.50   2.7100   2.6769  -0.6258   2.1865   0.3628   0.2950   8.0380
2092   417.29  1429.86   362.71   2.0000    944.93    2.4458    128.54    5.41   14.50 1782.00  172.00   15.40   2.7088   2.6756  -0.6231   2.1873   0.3594   0.2959   8.0379
2093   417.35  1422.03   363.02   1.9999    947.34    2.4134    127.75    5.40   14.50 1781.00  171.00   15.40   2.7052   2.6720  -0.6230   2.1880   0.3561   0.2968   8.0379
2094   417.39  1414.50   363.31   2.0000    949.67    2.3310    126.96    5.39   14.50 1780.00  170.00   15.30   2.7040   2.6708  -0.6204   2.1886   0.3530   0.2977   8.0378
2095   417.41  1407.29   363.61   1.9999    951.95    2.2735    126.16    5.38   14.50 1778.00  170.00   15.30   2.7003   2.6672  -0.6202   2.1888   0.3500   0.2986   8.0378
2096   417.42  1400.29   363.89   2.0000    954.20    2.2586    125.37    5.37   14.60 1777.00  168.00   15.20   2.6994   2.6662  -0.6176   2.1889   0.3470   0.2994   8.0378
2097   417.43  1393.49   364.17   1.9999    956.43    2.2294    124.58    5.35   14.60 1776.00  167.00   15.20   2.6956   2.6625  -0.6175   2.1891   0.3442   0.3002   8.0378
2098   417.43  1386.90   364.45   2.0000    958.60    2.1613    123.78    5.34   14.70 1774.00  167.00   15.10   2.6950   2.6619  -0.6148   2.1891   0.3414   0.3011   8.0378
2099   417.40  1380.51   364.72   1.9998    960.67    2.0795    122.99    5.33   14.60 1772.00  165.00   15.10   2.6904   2.6573  -0.6146   2.1887   0.3387   0.3019   8.0378
2100   417.36  1374.33   364.99   2.0000    962.70    2.0292    122.19    5.32   14.60 1772.00  164.00   14.90   2.6912   2.6581  -0.6096   2.1882   0.3361   0.3027   8.0378
2101   417.37  1368.51   365.25   2.0000    964.96    2.2595    122.19    5.32   14.60 1772.00  164.00   14.90   2.6880   2.6549  -0.6096   2.1883   0.3336   0.3034   8.0378
2102   417.45  1363.17   365.51   2.0000    967.29    2.3311    122.19    5.32   14.60 1772.00  164.00   14.90   2.6860   2.6529  -0.6096   2.1893   0.3313   0.3042   8.0378
2103   417.51  1358.28   365.77   2.0000    969.49    2.1909    122.19    5.32   14.60 1772.00  164.00   14.90   2.6841   2.6510  -0.6096   2.1902   0.3292   0.3050   8.0377
2104   417.55  1353.80   366.03   2.0000    971.67    2.1849    122.19    5.32   14.60 1772.00  164.00   14.90   2.6821   2.6490  -0.6096   2.1907   0.3273   0.3057   8.0377
2105   417.58  1349.69   366.28   2.0000    973.80    2.1334    122.19    5.32   14.60 1772.00  164.00   14.90   2.6802   2.6470  -0.6096   2.1911   0.3256   0.3065   8.0377
2106   417.60  1345.94   366.53   2.0000    975.89    2.0900    122.19    5.32   14.60 1772.00  164.00   14.90   2.6783   2.6451  -0.6096   2.1913   0.3239   0.3072   8.0376
2107   417.61  1342.49   366.78   2.0000    977.94    2.0484    122.19    5.32   14.60 1772.00  164.00   14.90   2.6764   2.6433  -0.6096   2.1914   0.3225   0.3080   8.0376
2108   417.60  1339.34   367.03   2.0000    979.95    2.0041    122.19    5.32   14.60 1772.00  164.00   14.90   2.6746   2.6414  -0.6096   2.1913   0.3211   0.3087   8.0376
2109   417.59  1336.46   367.27   2.0000    981.91    1.9650    122.19    5.32   14.60 1772.00  164.00   14.90   2.6728   2.6396  -0.6096   2.1911   0.3199   0.3094   8.0376
2110   417.56  1333.81   367.51   2.0000    983.83    1.9227    122.19    5.32   14.60 1772.00  164.00   14.90   2.6710   2.6379  -0.6096   2.1908   0.3187   0.3101   8.0377
2111   417.53  1331.39   367.75   2.0000    985.72    1.8860    122.19    5.32   14.60 1772.00  164.00   14.90   2.6692   2.6361  -0.6096   2.1904   0.3177   0.3108   8.0377
2112   417.49  1329.18   367.99   2.0000    987.57    1.8461    122.19    5.32   14.60 1772.00  164.00   14.90   2.6675   2.6344  -0.6096   2.1899   0.3167   0.3115   8.0377
2113   417.45  1327.15   368.23   2.0000    989.38    1.8119    122.19    5.32   14.60 1772.00  164.00   14.90   2.6658   2.6327  -0.6096   2.1893   0.3158   0.3122   8.0378
2114   417.39  1325.29   368.46   2.0000    991.15    1.7746    122.19    5.32   14.60 1772.00  164.00   14.90   2.6641   2.6310  -0.6096   2.1886   0.3150   0.3129   8.0378
2115   417.34  1323.59   368.69   2.0000    992.90    1.7428    122.19    5.32   14.60 1772.00  164.00   14.90   2.6625   2.6294  -0.6096   2.1879   0.3143   0.3136   8.0379
2116   417.28  1322.03   368.92   2.0000    994.60    1.7078    122.19    5.32   14.60 1772.00  164.00   14.90   2.6609   2.6277  -0.6096   2.1871   0.3136   0.3143   8.0379
2117   417.21  1320.61   369.15   2.0000    996.28    1.6783    122.19    5.32   14.60 1772.00  164.00   14.90   2.6593   2.6261  -0.6096   2.1863   0.3130   0.3149   8.0380
2118   417.14  1319.30   369.37   2.0000    997.93    1.6455    122.19    5.32   14.60 1772.00  164.00   14.90   2.6577   2.6246  -0.6096   2.1854   0.3125   0.3156   8.0380
2119   417.07  1318.11   369.60   2.0000    999.55    1.6182    122.19    5.32   14.60 1772.00  164.00   14.90   2.6562   2.6230  -0.6096   2.1844   0.3119   0.3163   8.0381
2120   416.99  1317.01   369.82   2.0000   1001.13    1.5875    122.19    5.32   14.60 1772.00  164.00   14.90   2.6546   2.6215  -0.6096   2.1834   0.3115   0.3169   8.0382
2121   416.91  1316.01   370.04   2.0000   1002.69    1.5621    122.19    5.32   14.60 1772.00  164.00   14.90   2.6531   2.6200  -0.6096   2.1824   0.3110   0.3175   8.0382
2122   416.83  1315.10   370.25   2.0000   1004.23    1.5332    122.19    5.32   14.60 1772.00  164.00   14.90   2.6516   2.6185  -0.6096   2.1814   0.3106   0.3182   8.0383
2123   416.74  1314.26   370.47   2.0000   1005.74    1.5096    122.19    5.32   14.60 1772.00  164.00   14.90   2.6502   2.6170  -0.6096   2.1803   0.3103   0.3188   8.0384
2124   416.66  1313.49   370.68   2.0000   1007.22    1.4824    122.19    5.32   14.60 1772.00  164.00   14.90   2.6487   2.6156  -0.6096   2.1792   0.3099   0.3194   8.0385
2125   416.57  1312.79   370.89   2.0000   1008.68    1.4604    122.19    5.32   14.60 1772.00  164.00   14.90   2.6473   2.6142  -0.6096   2.1781   0.3096   0.3201   8.0385
2126   416.48  1312.14   371.10   2.0000   1010.12    1.4348    122.19    5.32   14.60 1772.00  164.00   14.90   2.6459   2.6127  -0.6096   2.1770   0.3093   0.3207   8.0386
2127   416.39  1311.56   371.31   2.0000   1011.53    1.4143    122.19    5.32   14.60 1772.00  164.00   14.90   2.6445   2.6114  -0.6096   2.1758   0.3091   0.3213   8.0387
2128   416.30  1311.02   371.51   2.0000   1012.92    1.3900    122.19    5.32   14.60 1772.00  164.00   14.90   2.6431   2.6100  -0.6096   2.1746   0.3089   0.3219   8.0388
2129   416.21  1310.52   371.72   2.0000   1014.29    1.3708    122.19    5.32   14.60 1772.00  164.00   14.90   2.6418   2.6086  -0.6096   2.1735   0.3086   0.3225   8.0389
2130   416.12  1310.07   371.92   2.0000   1015.64    1.3479    122.19    5.32   14.60 1772.00  164.00   14.90   2.6404   2.6073  -0.6096   2.1723   0.3084   0.3231   8.0389
2131   416.03  1309.66   372.12   2.0000   1016.97    1.3299    122.19    5.32   14.60 1772.00  164.00   14.90   2.6391   2.6060  -0.6096   2.1711   0.3083   0.3237   8.0390
2132   415.93  1309.28   372.32   2.0000   1018.28    1.3081    122.19    5.32   14.60 1772.00  164.00   14.90   2.6378   2.6047  -0.6096   2.1699   0.3081   0.3242   8.0391
2133   415.84  1308.93   372.51   2.0000   1019.57    1.2912    122.19    5.32   14.60 1772.00  164.00   14.90   2.6365   2.6034  -0.6096   2.1687   0.3079   0.3248   8.0392
2134   415.75  1308.62   372.71   2.0000   1020.84    1.2704    122.19    5.32   14.60 1772.00  164.00   14.90   2.6353   2.6021  -0.6096   2.1675   0.3078   0.3254   8.0393
2135   415.65  1308.33   372.90   2.0000   1022.09    1.2546    122.19    5.32   14.60 1772.00  164.00   14.90   2.6340   2.6009  -0.6096   2.1663   0.3077   0.3259   8.0393
2136   415.56  1308.06   373.09   2.0000   1023.33    1.2348    122.19    5.32   14.60 1772.00  164.00   14.90   2.6328   2.5997  -0.6096   2.1651   0.3076   0.3265   8.0394
2137   415.47  1307.82   373.28   2.0000   1024.55    1.2198    122.19    5.32   14.60 1772.00  164.00   14.90   2.6316   2.5984  -0.6096   2.1639   0.3075   0.3271   8.0395
2138   415.37  1307.60   373.47   2.0000   1025.75    1.2009    122.19    5.32   14.60 1772.00  164.00   14.90   2.6304   2.5972  -0.6096   2.1627   0.3074   0.3276   8.0396
2139   415.28  1307.39   373.65   2.0000   1026.93    1.1868    122.19    5.32   14.60 1772.00  164.00   14.90   2.6292   2.5960  -0.6096   2.1615   0.3073   0.3281   8.0397
2140   415.19  1307.21   373.83   2.0000   1028.10    1.1687    122.19    5.32   14.60 1772.00  164.00   14.90   2.6280   2.5949  -0.6096   2.1603   0.3072   0.3287   8.0397
2141   415.09  1307.04   374.02   2.0000   1029.26    1.1553    122.19    5.32   14.60 1772.00  164.00   14.90   2.6268   2.5937  -0.6096   2.1591   0.3071   0.3292   8.0398
2142   415.00  1306.88   374.20   2.0000   1030.40    1.1379    122.19    5.32   14.60 1772.00  164.00   14.90   2.6257   2.5925  -0.6096   2.1580   0.3070   0.3297   8.0399
2143   414.91  1306.74   374.38   2.0000   1031.52    1.1253    122.19    5.32   14.60 1772.00  164.00   14.90   2.6245   2.5914  -0.6096   2.1568   0.3070   0.3303   8.0400
2144   414.82  1306.61   374.55   2.0000   1032.63    1.1086    122.19    5.32   14.60 1772.00  164.00   14.90   2.6234   2.5903  -0.6096   2.1556   0.3069   0.3308   8.0401
2145   414.73  1306.49   374.73   2.0000   1033.73    1.0966    122.19    5.32   14.60 1772.00  164.00   14.90   2.6223   2.5892  -0.6096   2.1544   0.3069   0.3313   8.0402
2146   414.64  1306.38   374.90   2.0000   1034.81    1.0806    122.19    5.32   14.60 1772.00  164.00   14.90   2.6212   2.5881  -0.6096   2.1533   0.3068   0.3318   8.0402
2147   414.55  1306.28   375.07   2.0000   1035.88    1.0692    122.19    5.32   14.60 1772.00  164.00   14.90   2.6201   2.5870  -0.6096   2.1521   0.3068   0.3323   8.0403
2148   414.46  1306.19   375.25   2.0000   1036.93    1.0537    122.19    5.32   14.60 1772.00  164.00   14.90   2.6191   2.5859  -0.6096   2.1510   0.3067   0.3328   8.0404
2149   414.37  1306.10   375.41   2.0000   1037.97    1.0429    122.19    5.32   14.60 1772.00  164.00   14.90   2.6180   2.5849  -0.6096   2.1498   0.3067   0.3333   8.0405
2150   414.28  1306.03   375.58   2.0000   1039.00    1.0279    122.19    5.32   14.60 1772.00  164.00   14.90   2.6169   2.5838  -0.6096   2.1487   0.3067   0.3338   8.0405
2151   414.20  1305.96   375.75   2.0000   1040.02    1.0176    122.19    5.32   14.60 1772.00  164.00   14.90   2.6159   2.5828  -0.6096   2.1476   0.3066   0.3343   8.0406
2152   414.11  1305.89   375.91   2.0000   1041.02    1.0032    122.19    5.32   14.60 1772.00  164.00   14.90   2.6149   2.5817  -0.6096   2.1465   0.3066   0.3347   8.0407
2153   414.02  1305.83   376.08   2.0000   1042.02    0.9934    122.19    5.32   14.60 1772.00  164.00   14.90   2.6139   2.5807  -0.6096   2.1453   0.3066   0.3352   8.0408
2154   413.94  1305.78   376.24   2.0000   1042.99    0.9794    122.19    5.32   14.60 1772.00  164.00   14.90   2.6129   2.5797  -0.6096   2.1442   0.3066   0.3357   8.0408
2155   413.85  1305.73   376.40   2.0000   1043.96    0.9700    122.19    5.32   14.60 1772.00  164.00   14.90   2.6119   2.5787  -0.6096   2.1431   0.3065   0.3362   8.0409
2156   413.77  1305.69   376.56   2.0000   1044.92    0.9564    122.19    5.32   14.60 1772.00  164.00   14.90   2.6109   2.5777  -0.6096   2.1421   0.3065   0.3366   8.0410
2157   413.68  1305.64   376.71   2.0000   1045.87    0.9475    122.19    5.32   14.60 1772.00  164.00   14.90   2.6099   2.5768  -0.6096   2.1410   0.3065   0.3371   8.0411
2158   413.60  1305.61   376.87   2.0000   1046.80    0.9343    122.19    5.32   14.60 1772.00  164.00   14.90   2.6089   2.5758  -0.6096   2.1399   0.3065   0.3375   8.0411
2159   413.52  1305.57   377.02   2.0000   1047.73    0.9258    122.19    5.32   14.60 1772.00  164.00   14.90   2.6080   2.5749  -0.6096   2.1388   0.3065   0.3380   8.0412
2160   413.44  1305.54   377.18   2.0000   1048.64    0.9130    122.19    5.32   14.60 1772.00  164.00   14.90   2.6070   2.5739  -0.6096   2.1378   0.3065   0.3384   8.0413
2161   413.36  1305.51   377.33   2.0000   1049.55    0.9048    122.19    5.32   14.60 1772.00  164.00   14.90   2.6061   2.5730  -0.6096   2.1367   0.3065   0.3389   8.0414
2162   413.28  1305.48   377.48   2.0000   1050.44    0.8924    122.19    5.32   14.60 1772.00  164.00   14.90   2.6052   2.5720  -0.6096   2.1357   0.3064   0.3393   8.0414
2163   413.20  1305.46   377.63   2.0000   1051.32    0.8846    122.19    5.32   14.60 1772.00  164.00   14.90   2.6043   2.5711  -0.6096   2.1347   0.3064   0.3397   8.0415
2164   413.12  1305.44   377.77   2.0000   1052.20    0.8725    122.19    5.32   14.60 1772.00  164.00   14.90   2.6034   2.5702  -0.6096   2.1337   0.3064   0.3402   8.0416
2165   413.04  1305.42   377.92   2.0000   1053.06    0.8650    122.19    5.32   14.60 1772.00  164.00   14.90   2.6025   2.5693  -0.6096   2.1326   0.3064   0.3406   8.0416
2166   412.96  1305.40   378.06   2.0000   1053.91    0.8532    122.19    5.32   14.60 1772.00  164.00   14.90   2.6016   2.5684  -0.6096   2.1316   0.3064   0.3410   8.0417
2167   412.88  1305.38   378.21   2.0000   1054.76    0.8460    122.19    5.32   14.60 1772.00  164.00   14.90   2.6007   2.5676  -0.6096   2.1306   0.3064   0.3414   8.0418
2168   412.81  1305.37   378.35   2.0000   1055.59    0.8345    122.19    5.32   14.60 1772.00  164.00   14.90   2.5998   2.5667  -0.6096   2.1296   0.3064   0.3418   8.0418
2169   412.73  1305.35   378.49   2.0000   1056.42    0.8276    122.19    5.32   14.60 1772.00  164.00   14.90   2.5990   2.5658  -0.6096   2.1287   0.3064   0.3423   8.0419
2170   412.65  1305.34   378.63   2.0000   1057.24    0.8164    122.19    5.32   14.60 1772.00  164.00   14.90   2.5981   2.5650  -0.6096   2.1277   0.3064   0.3427   8.0420
2171   412.58  1305.33   378.77   2.0000   1058.05    0.8098    122.19    5.32   14.60 1772.00  164.00   14.90   2.5973   2.5641  -0.6096   2.1267   0.3064   0.3431   8.0420
2172   412.51  1305.32   378.91   2.0000   1058.85    0.7989    122.19    5.32   14.60 1772.00  164.00   14.90   2.5964   2.5633  -0.6096   2.1258   0.3064   0.3435   8.0421
2173   412.43  1305.31   379.04   2.0000   1059.64    0.7925    122.19    5.32   14.60 1772.00  164.00   14.90   2.5956   2.5624  -0.6096   2.1248   0.3064   0.3439   8.0422
2174   412.36  1305.30   379.18   2.0000   1060.42    0.7818    122.19    5.32   14.60 1772.00  164.00   14.90   2.5948   2.5616  -0.6096   2.1239   0.3064   0.3442   8.0422
2175   412.29  1305.29   379.31   2.0000   1061.20    0.7757    122.19    5.32   14.60 1772.00  164.00   14.90   2.5939   2.5608  -0.6096   2.1229   0.3064   0.3446   8.0423
2176   412.21  1305.28   379.44   2.0000   1061.96    0.7653    122.19    5.32   14.60 1772.00  164.00   14.90   2.5931   2.5600  -0.6096   2.1220   0.3064   0.3450   8.0424
2177   412.14  1305.27   379.57   2.0000   1062.72    0.7594    122.19    5.32   14.60 1772.00  164.00   14.90   2.5923   2.5592  -0.6096   2.1211   0.3063   0.3454   8.0424
2178   412.07  1305.27   379.70   2.0000   1063.47    0.7493    122.19    5.32   14.60 1772.00  164.00   14.90   2.5915   2.5584  -0.6096   2.1201   0.3063   0.3458   8.0425
2179   412.00  1305.26   379.83   2.0000   1064.22    0.7436    122.19    5.32   14.60 1772.00  164.00   14.90   2.5907   2.5576  -0.6096   2.1192   0.3063   0.3461   8.0426
2180   411.93  1305.26   379.96   2.0000   1064.95    0.7336    122.19    5.32   14.60 1772.00  164.00   14.90   2.5900   2.5568  -0.6096   2.1183   0.3063   0.3465   8.0426
2181   411.86  1305.25   380.08   2.0000   1065.68    0.7282    122.19    5.32   14.60 1772.00  164.00   14.90   2.5892   2.5561  -0.6096   2.1174   0.3063   0.3469   8.0427
2182   411.79  1305.25   380.21   2.0000   1066.40    0.7185    122.19    5.32   14.60 1772.00  164.00   14.90   2.5884   2.5553  -0.6096   2.1165   0.3063   0.3472   8.0427
2183   411.73  1305.24   380.33   2.0000   1067.11    0.7132    122.19    5.32   14.60 1772.00  164.00   14.90   2.5877   2.5545  -0.6096   2.1157   0.3063   0.3476   8.0428
2184   411.66  1305.24   380.45   2.0000   1067.81    0.7037    122.19    5.32   14.60 1772.00  164.00   14.90   2.5869   2.5538  -0.6096   2.1148   0.3063   0.3480   8.0429
2185   411.59  1305.24   380.58   2.0000   1068.51    0.6987    122.19    5.32   14.60 1772.00  164.00   14.90   2.5862   2.5530  -0.6096   2.1139   0.3063   0.3483   8.0429
2186   411.53  1305.23   380.70   2.0000   1069.20    0.6893    122.19    5.32   14.60 1772.00  164.00   14.90   2.5854   2.5523  -0.6096   2.1131   0.3063   0.3487   8.0430
2187   411.46  1305.23   380.81   2.0000   1069.88    0.6845    122.19    5.32   14.60 1772.00  164.00   14.90   2.5847   2.5516  -0.6096   2.1122   0.3063   0.3490   8.0430
2188   411.39  1305.23   380.93   2.0000   1070.56    0.6753    122.19    5.32   14.60 1772.00  164.00   14.90   2.5840   2.5508  -0.6096   2.1114   0.3063   0.3493   8.0431
2189   411.33  1305.22   381.05   2.0000   1071.23    0.6707    122.19    5.32   14.60 1772.00  164.00   14.90   2.5832   2.5501  -0.6096   2.1105   0.3063   0.3497   8.0431
2190   411.26  1305.22   381.17   2.0000   1071.89    0.6617    122.19    5.32   14.60 1772.00  164.00   14.90   2.5825   2.5494  -0.6096   2.1097   0.3063   0.3500   8.0432
2191   411.20  1305.22   381.28   2.0000   1072.54    0.6522    122.19    5.32   14.60 1772.00  164.00   14.90   2.5818   2.5487  -0.6096   2.1088   0.3063   0.3503   8.0433
2192   411.14  1305.22   381.39   2.0000   1073.21    0.6628    122.19    5.32   14.60 1772.00  164.00   14.90   2.5811   2.5480  -0.6096   2.1080   0.3063   0.3507   8.0433
2193   411.07  1305.22   381.51   2.0000   1073.83    0.6244    122.19    5.32   14.60 1772.00  164.00   14.90   2.5804   2.5473  -0.6096   2.1072   0.3063   0.3510   8.0434
2194   410.94  1305.22   381.62   1.9999   1074.15    0.3161    122.19    5.32   14.60 1772.00  164.00   14.90   2.5788   2.5456  -0.6096   2.1054   0.3063   0.3513   8.0435
2195   410.72  1305.21   381.73   1.9996   1074.34    0.1939    122.19    5.32   14.60 1772.00  164.00   14.90   2.5760   2.5429  -0.6096   2.1026   0.3063   0.3516   8.0437
2196   410.52  1305.21   381.84   1.9992   1074.69    0.3504    122.19    5.32   14.60 1772.00  164.00   14.90   2.5735   2.5404  -0.6096   2.1000   0.3063   0.3520   8.0439
2197   410.46  1305.21   381.95   1.9989   1075.48    0.7856    122.19    5.32   14.60 1772.00  164.00   14.90   2.5729   2.5397  -0.6096   2.0992   0.3063   0.3523   8.0439
2198   410.56  1305.21   382.06   1.9988   1076.60    1.1194    122.19    5.32   14.60 1772.00  164.00   14.90   2.5743   2.5412  -0.6096   2.1005   0.3063   0.3526   8.0438
2199   410.74  1305.21   382.16   1.9991   1077.77    1.1746    122.19    5.32   14.60 1772.00  164.00   14.90   2.5768   2.5437  -0.6096   2.1029   0.3063   0.3529   8.0437
2200   410.87  1305.21   382.27   1.9996   1078.72    0.9511    122.19    5.32   14.60 1772.00  164.00   14.90   2.5786   2.5455  -0.6096   2.1046   0.3063   0.3532   8.0436
2201   410.84  1305.21   382.37   2.0000   1079.17    0.4489    122.19    5.32   14.60 1772.00  164.00   14.90   2.5783   2.5451  -0.6096   2.1041   0.3063   0.3535   8.0436
2202   410.53  1305.21   382.48   2.0000   1078.84   -0.3320    122.19    5.32   14.60 1772.00  164.00   14.90   2.5744   2.5412  -0.6096   2.1001   0.3063   0.3538   8.0439
2203   409.94  1305.21   382.58   1.9993   1077.89   -0.9466    122.19    5.32   14.60 1772.00  164.00   14.90   2.5668   2.5337  -0.6096   2.0924   0.3063   0.3541   8.0444
2204   409.06  1305.21   382.68   1.9977   1076.05   -1.8399    122.19    5.32   14.60 1772.00  164.00   14.90   2.5555   2.5224  -0.6096   2.0810   0.3063   0.3544   8.0452
2205   407.80  1305.20   382.78   1.9948   1073.04   -3.0118    122.19    5.32   14.60 1772.00  164.00   14.90   2.5391   2.5060  -0.6096   2.0645   0.3063   0.3547   8.0463
2206   406.16  1305.20   382.88   1.9904   1069.14   -3.9051    122.19    5.32   14.60 1772.00  164.00   14.90   2.5177   2.4846  -0.6096   2.0430   0.3063   0.3550   8.0477
2207   404.29  1305.20   382.98   1.9845   1064.62   -4.5197    122.19    5.32   14.60 1772.00  164.00   14.90   2.4932   2.4601  -0.6096   2.0183   0.3063   0.3553   8.0494
2208   402.31  1305.20   383.08   1.9773   1059.76   -4.8555    122.19    5.32   14.60 1772.00  164.00   14.90   2.4672   2.4341  -0.6096   1.9922   0.3063   0.3556   8.0512
2209   400.35  1305.20   383.18   1.9689   1054.85   -4.9127    122.19    5.32   14.60 1772.00  164.00   14.90   2.4412   2.4081  -0.6096   1.9661   0.3063   0.3558   8.0530
2210   398.52  1305.20   383.28   1.9598   1050.16   -4.6912    122.19    5.32   14.60 1772.00  164.00   14.90   2.4168   2.3837  -0.6096   1.9416   0.3063   0.3561   8.0546
2211   396.92  1305.20   383.37   1.9504   1045.97   -4.1909    122.19    5.32   14.60 1772.00  164.00   14.90   2.3954   2.3623  -0.6096   1.9201   0.3063   0.3564   8.0561
2212   395.52  1305.20   383.47   1.9410   1042.00   -3.9694    122.19    5.32   14.60 1772.00  164.00   14.90   2.3768   2.3436  -0.6096   1.9013   0.3063   0.3567   8.0574
2213   394.32  1305.20   383.56   1.9318   1038.53   -3.4692    122.19    5.32   14.60 1772.00  164.00   14.90   2.3607   2.3275  -0.6096   1.8851   0.3063   0.3569   8.0585
2214   393.30  1305.20   383.65   1.9229   1035.28   -3.2476    122.19    5.32   14.60 1772.00  164.00   14.90   2.3469   2.3138  -0.6096   1.8713   0.3063   0.3572   8.0594
2215   392.41  1305.20   383.74   1.9145   1032.35   -2.9271    122.19    5.32   14.60 1772.00  164.00   14.90   2.3349   2.3018  -0.6096   1.8591   0.3063   0.3575   8.0602
2216   391.60  1305.20   383.84   1.9065   1029.47   -2.8852    122.19    5.32   14.60 1772.00  164.00   14.90   2.3240   2.2909  -0.6096   1.8481   0.3063   0.3577   8.0610
2217   390.75  1305.20   383.93   1.8987   1026.35   -3.1221    122.19    5.32   14.60 1772.00  164.00   14.90   2.3126   2.2794  -0.6096   1.8366   0.3063   0.3580   8.0618
2218   389.75  1305.20   384.02   1.8909   1022.71   -3.6376    122.19    5.32   14.60 1772.00  164.00   14.90   2.2990   2.2659  -0.6096   1.8229   0.3063   0.3583   8.0627
2219   388.61  1305.20   384.10   1.8828   1018.83   -3.8744    122.19    5.32   14.60 1772.00  164.00   14.90   2.2835   2.2503  -0.6096   1.8073   0.3063   0.3585   8.0638
2220   387.46  1305.20   384.19   1.8745   1015.00   -3.8326    122.19    5.32   14.60 1772.00  164.00   14.90   2.2678   2.2346  -0.6096   1.7914   0.3063   0.3588   8.0648
2221   386.30  1305.20   384.28   1.8659   1010.93   -4.0694    122.19    5.32   14.60 1772.00  164.00   14.90   2.2519   2.2187  -0.6096   1.7754   0.3063   0.3590   8.0659
2222   385.13  1305.20   384.37   1.8572   1006.90   -4.0276    122.19    5.32   14.60 1772.00  164.00   14.90   2.2358   2.2026  -0.6096   1.7592   0.3063   0.3593   8.0670
2223   383.95  1305.20   384.45   1.8483   1002.64   -4.2644    122.19    5.32   14.60 1772.00  164.00   14.90   2.2195   2.1863  -0.6096   1.7428   0.3063   0.3595   8.0681
2224   382.76  1305.20   384.54   1.8393    998.42   -4.2226    122.19    5.32   14.60 1772.00  164.00   14.90   2.2030   2.1699  -0.6096   1.7262   0.3063   0.3598   8.0692
2225   381.56  1305.20   384.62   1.8301    993.96   -4.4594    122.19    5.32   14.60 1772.00  164.00   14.90   2.1863   2.1532  -0.6096   1.7094   0.3063   0.3600   8.0704
2226   380.34  1305.20   384.70   1.8207    989.54   -4.4176    122.19    5.32   14.60 1772.00  164.00   14.90   2.1695   2.1363  -0.6096   1.6924   0.3063   0.3602   8.0715
2227   379.24  1305.20   384.79   1.8113    985.44   -4.0970    122.19    5.32   14.60 1772.00  164.00   14.90   2.1541   2.1209  -0.6096   1.6769   0.3063   0.3605   8.0726
2228   378.24  1305.20   384.87   1.8020    981.39   -4.0552    122.19    5.32   14.60 1772.00  164.00   14.90   2.1400   2.1069  -0.6096   1.6628   0.3063   0.3607   8.0735
2229   377.21  1305.20   384.95   1.7928    977.10   -4.2920    122.19    5.32   14.60 1772.00  164.00   14.90   2.1256   2.0924  -0.6096   1.6482   0.3063   0.3609   8.0745
2230   376.03  1305.20   385.03   1.7834    972.29   -4.8076    122.19    5.32   14.60 1772.00  164.00   14.90   2.1091   2.0759  -0.6096   1.6316   0.3063   0.3612   8.0756
2231   374.73  1305.20   385.11   1.7737    967.24   -5.0444    122.19    5.32   14.60 1772.00  164.00   14.90   2.0906   2.0575  -0.6096   1.6131   0.3063   0.3614   8.0769
2232   373.42  1305.20   385.19   1.7637    962.24   -5.0025    122.19    5.32   14.60 1772.00  164.00   14.90   2.0720   2.0389  -0.6096   1.5944   0.3063   0.3616   8.0781
2233   372.23  1305.20   385.27   1.7535    957.56   -4.6820    122.19    5.32   14.60 1772.00  164.00   14.90   2.0550   2.0219  -0.6096   1.5773   0.3063   0.3619   8.0793
2234   371.13  1305.20   385.34   1.7435    952.92   -4.6401    122.19    5.32   14.60 1772.00  164.00   14.90   2.0395   2.0063  -0.6096   1.5616   0.3063   0.3621   8.0804
2235   370.02  1305.20   385.42   1.7334    948.04   -4.8770    122.19    5.32   14.60 1772.00  164.00   14.90   2.0236   1.9904  -0.6096   1.5456   0.3063   0.3623   8.0814
2236   368.89  1305.20   385.50   1.7233    943.21   -4.8351    122.19    5.32   14.60 1772.00  164.00   14.90   2.0073   1.9741  -0.6096   1.5292   0.3063   0.3625   8.0825
2237   367.85  1305.20   385.57   1.7133    938.69   -4.5146    122.19    5.32   14.60 1772.00  164.00   14.90   1.9924   1.9592  -0.6096   1.5142   0.3063   0.3627   8.0835
2238   366.91  1305.20   385.65   1.7035    934.22   -4.4727    122.19    5.32   14.60 1772.00  164.00   14.90   1.9788   1.9457  -0.6096   1.5005   0.3063   0.3629   8.0845
2239   365.94  1305.20   385.72   1.6938    929.51   -4.7096    122.19    5.32   14.60 1772.00  164.00   14.90   1.9647   1.9316  -0.6096   1.4863   0.3063   0.3632   8.0854
2240   364.93  1305.20   385.79   1.6842    924.84   -4.6677    122.19    5.32   14.60 1772.00  164.00   14.90   1.9502   1.9170  -0.6096   1.4716   0.3063   0.3634   8.0864
2241   363.99  1305.20   385.86   1.6746    920.33   -4.5103    122.19    5.32   14.60 1772.00  164.00   14.90   1.9364   1.9033  -0.6096   1.4578   0.3063   0.3636   8.0873
2242   363.06  1305.20   385.94   1.6651    915.70   -4.6316    122.19    5.32   14.60 1772.00  164.00   14.90   1.9229   1.8898  -0.6096   1.4442   0.3063   0.3638   8.0883
2243   362.15  1305.20   386.01   1.6557    911.23   -4.4741    122.19    5.32   14.60 1772.00  164.00   14.90   1.9096   1.8765  -0.6096   1.4308   0.3063   0.3640   8.0892
2244   361.26  1305.20   386.08   1.6463    906.63   -4.5954    122.19    5.32   14.60 1772.00  164.00   14.90   1.8966   1.8635  -0.6096   1.4177   0.3063   0.3642   8.0900
2245   360.39  1305.20   386.15   1.6371    902.19   -4.4380    122.19    5.32   14.60 1772.00  164.00   14.90   1.8838   1.8506  -0.6096   1.4048   0.3063   0.3644   8.0909
2246   359.53  1305.20   386.22   1.6280    897.63   -4.5593    122.19    5.32   14.60 1772.00  164.00   14.90   1.8712   1.8381  -0.6096   1.3921   0.3063   0.3646   8.0918
2247   358.69  1305.20   386.29   1.6190    893.23   -4.4019    122.19    5.32   14.60 1772.00  164.00   14.90   1.8588   1.8257  -0.6096   1.3796   0.3063   0.3648   8.0926
2248   357.87  1305.20   386.35   1.6100    888.71   -4.5231    122.19    5.32   14.60 1772.00  164.00   14.90   1.8466   1.8135  -0.6096   1.3673   0.3063   0.3650   8.0934
2249   356.94  1305.20   386.42   1.6010    883.79   -4.9231    122.19    5.32   14.60 1772.00  164.00   14.90   1.8329   1.7997  -0.6096   1.3534   0.3063   0.3652   8.0943
2250   355.92  1305.20   386.49   1.5918    878.74   -5.0444    122.19    5.32   14.60 1772.00  164.00   14.90   1.8177   1.7845  -0.6096   1.3381   0.3063   0.3654   8.0954
2251   354.92  1305.20   386.55   1.5824    873.85   -4.8870    122.19    5.32   14.60 1772.00  164.00   14.90   1.8029   1.7697  -0.6096   1.3232   0.3063   0.3656   8.0964
2252   353.96  1305.20   386.62   1.5730    868.85   -5.0083    122.19    5.32   14.60 1772.00  164.00   14.90   1.7884   1.7553  -0.6096   1.3087   0.3063   0.3658   8.0973
2253   353.02  1305.20   386.68   1.5635    864.00   -4.8508    122.19    5.32   14.60 1772.00  164.00   14.90   1.7743   1.7412  -0.6096   1.2945   0.3063   0.3659   8.0983
2254   352.15  1305.20   386.75   1.5542    859.26   -4.7357    122.19    5.32   14.60 1772.00  164.00   14.90   1.7613   1.7282  -0.6096   1.2814   0.3063   0.3661   8.0992
2255   351.40  1305.20   386.81   1.5450    854.92   -4.3418    122.19    5.32   14.60 1772.00  164.00   14.90   1.7500   1.7169  -0.6096   1.2700   0.3063   0.3663   8.0999
2256   350.76  1305.20   386.88   1.5363    850.69   -4.2267    122.19    5.32   14.60 1772.00  164.00   14.90   1.7404   1.7073  -0.6096   1.2602   0.3063   0.3665   8.1006
2257   350.10  1305.20   386.94   1.5278    846.30   -4.3902    122.19    5.32   14.60 1772.00  164.00   14.90   1.7305   1.6973  -0.6096   1.2502   0.3063   0.3667   8.1013
2258   349.32  1305.20   387.00   1.5193    841.47   -4.8325    122.19    5.32   14.60 1772.00  164.00   14.90   1.7185   1.6854  -0.6096   1.2382   0.3063   0.3668   8.1021
2259   348.41  1305.20   387.06   1.5106    836.47   -4.9960    122.19    5.32   14.60 1772.00  164.00   14.90   1.7047   1.6716  -0.6096   1.2243   0.3063   0.3670   8.1030
2260   347.50  1305.20   387.12   1.5017    831.59   -4.8809    122.19    5.32   14.60 1772.00  164.00   14.90   1.6910   1.6578  -0.6096   1.2104   0.3063   0.3672   8.1039
2261   346.61  1305.20   387.18   1.4927    826.55   -5.0444    122.19    5.32   14.60 1772.00  164.00   14.90   1.6773   1.6442  -0.6096   1.1967   0.3063   0.3674   8.1048
2262   345.70  1305.20   387.24   1.4837    821.50   -5.0444    122.19    5.32   14.60 1772.00  164.00   14.90   1.6633   1.6302  -0.6096   1.1826   0.3063   0.3675   8.1058
2263   344.80  1305.20   387.30   1.4745    816.46   -5.0444    122.19    5.32   14.60 1772.00  164.00   14.90   1.6496   1.6164  -0.6096   1.1687   0.3063   0.3677   8.1067
2264   343.92  1305.20   387.36   1.4653    811.41   -5.0444    122.19    5.32   14.60 1772.00  164.00   14.90   1.6360   1.6029  -0.6096   1.1551   0.3063   0.3679   8.1076
2265   343.05  1305.20   387.42   1.4561    806.37   -5.0444    122.19    5.32   14.60 1772.00  164.00   14.90   1.6226   1.5895  -0.6096   1.1416   0.3063   0.3680   8.1085
2266   342.20  1305.20   387.48   1.4469    801.33   -5.0444    122.19    5.32   14.60 1772.00  164.00   14.90   1.6094   1.5763  -0.6096   1.1283   0.3063   0.3682   8.1094
2267   341.35  1305.20   387.53   1.4378    796.28   -5.0444    122.19    5.32   14.60 1772.00  164.00   14.90   1.5963   1.5632  -0.6096   1.1151   0.3063   0.3684   8.1103
2268   340.52  1305.20   387.59   1.4286    791.24   -5.0444    122.19    5.32   14.60 1772.00  164.00   14.90   1.5834   1.5503  -0.6096   1.1021   0.3063   0.3685   8.1112
2269   339.70  1305.20   387.65   1.4195    786.19   -5.0444    122.19    5.32   14.60 1772.00  164.00   14.90   1.5706   1.5374  -0.6096   1.0891   0.3063   0.3687   8.1120
2270   338.88  1305.20   387.70   1.4104    781.15   -5.0444    122.19    5.32   14.60 1772.00  164.00   14.90   1.5579   1.5247  -0.6096   1.0763   0.3063   0.3689   8.1129
2271   338.08  1305.20   387.76   1.4013    776.10   -5.0444    122.19    5.32   14.60 1772.00  164.00   14.90   1.5453   1.5121  -0.6096   1.0637   0.3063   0.3690   8.1137
2272   337.28  1305.20   387.81   1.3923    771.06   -5.0444    122.19    5.32   14.60 1772.00  164.00   14.90   1.5328   1.4996  -0.6096   1.0511   0.3063   0.3692   8.1146
2273   336.50  1305.20   387.87   1.3833    766.01   -5.0444    122.19    5.32   14.60 1772.00  164.00   14.90   1.5204   1.4873  -0.6096   1.0386   0.3063   0.3693   8.1154
2274   335.72  1305.20   387.92   1.3743    760.97   -5.0444    122.19    5.32   14.60 1772.00  164.00   14.90   1.5081   1.4750  -0.6096   1.0262   0.3063   0.3695   8.1162
2275   334.94  1305.20   387.97   1.3654    755.93   -5.0444    122.19    5.32   14.60 1772.00  164.00   14.90   1.4959   1.4628  -0.6096   1.0139   0.3063   0.3696   8.1170
2276   334.18  1305.20   388.02   1.3565    750.88   -5.0444    122.19    5.32   14.60 1772.00  164.00   14.90   1.4838   1.4507  -0.6096   1.0017   0.3063   0.3698   8.1179
2277   333.42  1305.20   388.08   1.3477    745.84   -5.0444    122.19    5.32   14.60 1772.00  164.00   14.90   1.4718   1.4386  -0.6096   0.9896   0.3063   0.3699   8.1187
2278   332.67  1305.20   388.13   1.3389    740.79   -5.0444    122.19    5.32   14.60 1772.00  164.00   14.90   1.4598   1.4267  -0.6096   0.9776   0.3063   0.3701   8.1195
2279   331.93  1305.20   388.18   1.3301    735.75   -5.0444    122.19    5.32   14.60 1772.00  164.00   14.90   1.4480   1.4148  -0.6096   0.9656   0.3063   0.3702   8.1203
2280   331.19  1305.20   388.23   1.3213    730.70   -5.0444    122.19    5.32   14.60 1772.00  164.00   14.90   1.4362   1.4031  -0.6096   0.9537   0.3063   0.3704   8.1210
2281   330.46  1305.20   388.28   1.3126    725.66   -5.0444    122.19    5.32   14.60 1772.00  164.00   14.90   1.4245   1.3914  -0.6096   0.9419   0.3063   0.3705   8.1218
2282   329.73  1305.20   388.33   1.3040    720.61   -5.0444    122.19    5.32   14.60 1772.00  164.00   14.90   1.4129   1.3797  -0.6096   0.9302   0.3063   0.3707   8.1226
2283   329.01  1305.20   388.38   1.2954    715.57   -5.0444    122.19    5.32   14.60 1772.00  164.00   14.90   1.4013   1.3682  -0.6096   0.9186   0.3063   0.3708   8.1234
2284   328.30  1305.20   388.43   1.2868    710.53   -5.0444    122.19    5.32   14.60 1772.00  164.00   14.90   1.3898   1.3567  -0.6096   0.9070   0.3063   0.3709   8.1242
2285   327.59  1305.20   388.48   1.2782    705.48   -5.0444    122.19    5.32   14.60 1772.00  164.00   14.90   1.3784   1.3453  -0.6096   0.8955   0.3063   0.3711   8.1249
2286   326.89  1305.20   388.52   1.2697    700.44   -5.0444    122.19    5.32   14.60 1772.00  164.00   14.90   1.3670   1.3339  -0.6096   0.8840   0.3063   0.3712   8.1257
2287   326.20  1305.20   388.57   1.2612    695.39   -5.0444    122.19    5.32   14.60 1772.00  164.00   14.90   1.3558   1.3226  -0.6096   0.8726   0.3063   0.3714   8.1264
2288   325.50  1305.20   388.62   1.2528    690.35   -5.0444    122.19    5.32   14.60 1772.00  164.00   14.90   1.3445   1.3114  -0.6096   0.8613   0.3063   0.3715   8.1272
2289   324.82  1305.20   388.66   1.2444    685.30   -5.0444    122.19    5.32   14.60 1772.00  164.00   14.90   1.3334   1.3002  -0.6096   0.8501   0.3063   0.3716   8.1279
2290   324.14  1305.20   388.71   1.2360    680.26   -5.0444    122.19    5.32   14.60 1772.00  164.00   14.90   1.3223   1.2891  -0.6096   0.8389   0.3063   0.3718   8.1287
2291   323.46  1305.20   388.76   1.2276    675.22   -5.0444    122.19    5.32   14.60 1772.00  164.00   14.90   1.3112   1.2781  -0.6096   0.8277   0.3063   0.3719   8.1294
2292   322.79  1305.20   388.80   1.2193    670.17   -5.0444    122.19    5.32   14.60 1772.00  164.00   14.90   1.3002   1.2671  -0.6096   0.8166   0.3063   0.3720   8.1302
2293   322.13  1305.20   388.85   1.2110    665.13   -5.0444    122.19    5.32   14.60 1772.00  164.00   14.90   1.2893   1.2561  -0.6096   0.8056   0.3063   0.3721   8.1309
2294   321.46  1305.20   388.89   1.2028    660.08   -5.0444    122.19    5.32   14.60 1772.00  164.00   14.90   1.2784   1.2453  -0.6096   0.7946   0.3063   0.3723   8.1316
2295   320.81  1305.20   388.94   1.1946    655.04   -5.0444    122.19    5.32   14.60 1772.00  164.00   14.90   1.2676   1.2344  -0.6096   0.7837   0.3063   0.3724   8.1323
2296   320.15  1305.20   388.98   1.1864    649.99   -5.0444    122.19    5.32   14.60 1772.00  164.00   14.90   1.2568   1.2237  -0.6096   0.7729   0.3063   0.3725   8.1331
2297   319.51  1305.20   389.02   1.1782    644.95   -5.0444    122.19    5.32   14.60 1772.00  164.00   14.90   1.2461   1.2129  -0.6096   0.7620   0.3063   0.3726   8.1338
2298   318.86  1305.20   389.07   1.1701    639.90   -5.0444    122.19    5.32   14.60 1772.00  164.00   14.90   1.2354   1.2023  -0.6096   0.7513   0.3063   0.3728   8.1345
2299   318.22  1305.20   389.11   1.1620    634.86   -5.0444    122.19    5.32   14.60 1772.00  164.00   14.90   1.2248   1.1916  -0.6096   0.7406   0.3063   0.3729   8.1352
2300   317.59  1305.20   389.15   1.1539    629.82   -5.0444    122.19    5.32   14.60 1772.00  164.00   14.90   1.2142   1.1810  -0.6096   0.7299   0.3063   0.3730   8.1359
2301   316.96  1305.20   389.19   1.1459    624.77   -5.0444    122.19    5.32   14.60 1772.00  164.00   14.90   1.2036   1.1705  -0.6096   0.7193   0.3063   0.3731   8.1366
2302   316.33  1305.20   389.23   1.1379    619.73   -5.0444    122.19    5.32   14.60 1772.00  164.00   14.90   1.1932   1.1600  -0.6096   0.7087   0.3063   0.3733   8.1373
2303   315.71  1305.20   389.27   1.1299    614.68   -5.0444    122.19    5.32   14.60 1772.00  164.00   14.90   1.1827   1.1496  -0.6096   0.6982   0.3063   0.3734   8.1380
2304   315.09  1305.20   389.31   1.1220    609.64   -5.0444    122.19    5.32   14.60 1772.00  164.00   14.90   1.1723   1.1392  -0.6096   0.6877   0.3063   0.3735   8.1387
2305   314.47  1305.20   389.35   1.1140    604.59   -5.0444    122.19    5.32   14.60 1772.00  164.00   14.90   1.1620   1.1288  -0.6096   0.6772   0.3063   0.3736   8.1394
2306   313.86  1305.20   389.39   1.1061    599.55   -5.0444    122.19    5.32   14.60 1772.00  164.00   14.90   1.1516   1.1185  -0.6096   0.6668   0.3063   0.3737   8.1401
2307   313.25  1305.20   389.43   1.0983    594.50   -5.0444    122.19    5.32   14.60 1772.00  164.00   14.90   1.1414   1.1082  -0.6096   0.6565   0.3063   0.3738   8.1408
2308   312.64  1305.20   389.47   1.0904    589.46   -5.0444    122.19    5.32   14.60 1772.00  164.00   14.90   1.1311   1.0980  -0.6096   0.6462   0.3063   0.3739   8.1414
2309   312.04  1305.20   389.51   1.0826    584.42   -5.0444    122.19    5.32   14.60 1772.00  164.00   14.90   1.1210   1.0878  -0.6096   0.6359   0.3063   0.3740   8.1421
2310   311.44  1305.20   389.55   1.0748    579.37   -5.0444    122.19    5.32   14.60 1772.00  164.00   14.90   1.1108   1.0777  -0.6096   0.6256   0.3063   0.3742   8.1428
2311   310.85  1305.20   389.59   1.0670    574.33   -5.0444    122.19    5.32   14.60 1772.00  164.00   14.90   1.1007   1.0675  -0.6096   0.6154   0.3063   0.3743   8.1435
2312   310.26  1305.20   389.63   1.0593    569.28   -5.0444    122.19    5.32   14.60 1772.00  164.00   14.90   1.0906   1.0575  -0.6096   0.6053   0.3063   0.3744   8.1441
2313   309.67  1305.20   389.66   1.0515    564.24   -5.0444    122.19    5.32   14.60 1772.00  164.00   14.90   1.0806   1.0474  -0.6096   0.5952   0.3063   0.3745   8.1448
2314   309.09  1305.20   389.70   1.0438    559.19   -5.0444    122.19    5.32   14.60 1772.00  164.00   14.90   1.0706   1.0374  -0.6096   0.5851   0.3063   0.3746   8.1455
2315   308.51  1305.20   389.74   1.0361    554.15   -5.0444    122.19    5.32   14.60 1772.00  164.00   14.90   1.0606   1.0275  -0.6096   0.5750   0.3063   0.3747   8.1461
2316   307.93  1305.20   389.77   1.0285    549.11   -5.0444    122.19    5.32   14.60 1772.00  164.00   14.90   1.0507   1.0175  -0.6096   0.5650   0.3063   0.3748   8.1468
2317   307.35  1305.20   389.81   1.0209    544.06   -5.0444    122.19    5.32   14.60 1772.00  164.00   14.90   1.0408   1.0076  -0.6096   0.5550   0.3063   0.3749   8.1475
2318   306.78  1305.20   389.85   1.0132    539.02   -5.0444    122.19    5.32   14.60 1772.00  164.00   14.90   1.0309   0.9978  -0.6096   0.5451   0.3063   0.3750   8.1481
2319   306.21  1305.20   389.88   1.0057    533.97   -5.0444    122.19    5.32   14.60 1772.00  164.00   14.90   1.0211   0.9880  -0.6096   0.5352   0.3063   0.3751   8.1488
2320   305.64  1305.20   389.92   0.9981    528.93   -5.0444    122.19    5.32   14.60 1772.00  164.00   14.90   1.0113   0.9782  -0.6096   0.5253   0.3063   0.3752   8.1494
2321   305.08  1305.20   389.95   0.9905    523.88   -5.0444    122.19    5.32   14.60 1772.00  164.00   14.90   1.0015   0.9684  -0.6096   0.5154   0.3063   0.3753   8.1501
2322   304.52  1305.20   389.98   0.9830    518.84   -5.0444    122.19    5.32   14.60 1772.00  164.00   14.90   0.9918   0.9587  -0.6096   0.5056   0.3063   0.3754   8.1507
2323   303.96  1305.20   390.02   0.9755    513.79   -5.0444    122.19    5.32   14.60 1772.00  164.00   14.90   0.9821   0.9490  -0.6096   0.4958   0.3063   0.3755   8.1514
2324   303.41  1305.20   390.05   0.9680    508.75   -5.0444    122.19    5.32   14.60 1772.00  164.00   14.90   0.9724   0.9393  -0.6096   0.4861   0.3063   0.3756   8.1520
2325   302.86  1305.20   390.09   0.9606    503.71   -5.0444    122.19    5.32   14.60 1772.00  164.00   14.90   0.9628   0.9297  -0.6096   0.4764   0.3063   0.3757   8.1526
2326   302.31  1305.20   390.12   0.9531    498.66   -5.0444    122.19    5.32   14.60 1772.00  164.00   14.90   0.9532   0.9201  -0.6096   0.4667   0.3063   0.3758   8.1533
2327   301.76  1305.20   390.15   0.9457    493.62   -5.0444    122.19    5.32   14.60 1772.00  164.00   14.90   0.9436   0.9105  -0.6096   0.4570   0.3063   0.3759   8.1539
2328   301.22  1305.20   390.18   0.9383    488.57   -5.0444    122.19    5.32   14.60 1772.00  164.00   14.90   0.9341   0.9009  -0.6096   0.4474   0.3063   0.3760   8.1545
2329   300.68  1305.20   390.22   0.9309    483.53   -5.0444    122.19    5.32   14.60 1772.00  164.00   14.90   0.9246   0.8914  -0.6096   0.4378   0.3063   0.3761   8.1552
2330   300.14  1305.20   390.25   0.9236    478.48   -5.0444    122.19    5.32   14.60 1772.00  164.00   14.90   0.9151   0.8819  -0.6096   0.4282   0.3063   0.3762   8.1558
2331   299.60  1305.20   390.28   0.9162    473.44   -5.0444    122.19    5.32   14.60 1772.00  164.00   14.90   0.9056   0.8725  -0.6096   0.4187   0.3063   0.3762   8.1564
2332   299.07  1305.20   390.31   0.9089    468.39   -5.0444    122.19    5.32   14.60 1772.00  164.00   14.90   0.8962   0.8630  -0.6096   0.4092   0.3063   0.3763   8.1571
2333   298.54  1305.20   390.34   0.9016    463.35   -5.0444    122.19    5.32   14.60 1772.00  164.00   14.90   0.8868   0.8536  -0.6096   0.3997   0.3063   0.3764   8.1577
2334   298.01  1305.20   390.37   0.8943    458.31   -5.0444    122.19    5.32   14.60 1772.00  164.00   14.90   0.8774   0.8442  -0.6096   0.3902   0.3063   0.3765   8.1583
2335   297.48  1305.20   390.40   0.8870    453.26   -5.0444    122.19    5.32   14.60 1772.00  164.00   14.90   0.8680   0.8349  -0.6096   0.3808   0.3063   0.3766   8.1589
2336   296.96  1305.20   390.43   0.8797    448.22   -5.0444    122.19    5.32   14.60 1772.00  164.00   14.90   0.8587   0.8256  -0.6096   0.3714   0.3063   0.3767   8.1595
2337   296.43  1305.20   390.46   0.8725    443.17   -5.0444    122.19    5.32   14.60 1772.00  164.00   14.90   0.8494   0.8163  -0.6096   0.3620   0.3063   0.3768   8.1602
2338   295.92  1305.20   390.49   0.8653    438.13   -5.0444    122.19    5.32   14.60 1772.00  164.00   14.90   0.8401   0.8070  -0.6096   0.3526   0.3063   0.3769   8.1608
2339   295.40  1305.20   390.52   0.8581    433.08   -5.0444    122.19    5.32   14.60 1772.00  164.00   14.90   0.8309   0.7977  -0.6096   0.3433   0.3063   0.3769   8.1614
2340   294.88  1305.20   390.55   0.8509    428.04   -5.0444    122.19    5.32   14.60 1772.00  164.00   14.90   0.8216   0.7885  -0.6096   0.3340   0.3063   0.3770   8.1620
2341   294.37  1305.20   390.58   0.8437    423.00   -5.0444    122.19    5.32   14.60 1772.00  164.00   14.90   0.8124   0.7793  -0.6096   0.3247   0.3063   0.3771   8.1626
2342   293.86  1305.20   390.61   0.8366    417.95   -5.0444    122.19    5.32   14.60 1772.00  164.00   14.90   0.8033   0.7701  -0.6096   0.3154   0.3063   0.3772   8.1632
2343   293.35  1305.20   390.64   0.8294    412.91   -5.0444    122.19    5.32   14.60 1772.00  164.00   14.90   0.7941   0.7610  -0.6096   0.3062   0.3063   0.3773   8.1638
2344   292.85  1305.20   390.67   0.8223    407.86   -5.0444    122.19    5.32   14.60 1772.00  164.00   14.90   0.7850   0.7518  -0.6096   0.2970   0.3063   0.3774   8.1644
2345   292.34  1305.20   390.69   0.8152    402.82   -5.0444    122.19    5.32   14.60 1772.00  164.00   14.90   0.7759   0.7427  -0.6096   0.2878   0.3063   0.3774   8.1650
2346   291.84  1305.20   390.72   0.8081    397.77   -5.0444    122.19    5.32   14.60 1772.00  164.00   14.90   0.7668   0.7336  -0.6096   0.2786   0.3063   0.3775   8.1656
2347   291.34  1305.20   390.75   0.8010    392.73   -5.0444    122.19    5.32   14.60 1772.00  164.00   14.90   0.7577   0.7246  -0.6096   0.2695   0.3063   0.3776   8.1662
2348   290.85  1305.20   390.78   0.7940    387.68   -5.0444    122.19    5.32   14.60 1772.00  164.00   14.90   0.7487   0.7155  -0.6096   0.2604   0.3063   0.3777   8.1668
2349   290.35  1305.20   390.80   0.7869    382.64   -5.0444    122.19    5.32   14.60 1772.00  164.00   14.90   0.7396   0.7065  -0.6096   0.2513   0.3063   0.3777   8.1674
2350   289.86  1305.20   390.83   0.7799    377.60   -5.0444    122.19    5.32   14.60 1772.00  164.00   14.90   0.7306   0.6975  -0.6096   0.2422   0.3063   0.3778   8.1680
2351   289.37  1305.20   390.86   0.7729    372.55   -5.0444    122.19    5.32   14.60 1772.00  164.00   14.90   0.7217   0.6885  -0.6096   0.2331   0.3063   0.3779   8.1686
2352   288.88  1305.20   390.88   0.7659    367.51   -5.0444    122.19    5.32   14.60 1772.00  164.00   14.90   0.7127   0.6796  -0.6096   0.2241   0.3063   0.3780   8.1692
2353   288.39  1305.20   390.91   0.7589    362.46   -5.0444    122.19    5.32   14.60 1772.00  164.00   14.90   0.7038   0.6706  -0.6096   0.2151   0.3063   0.3780   8.1698
2354   287.90  1305.20   390.93   0.7519    357.42   -5.0444    122.19    5.32   14.60 1772.00  164.00   14.90   0.6949   0.6617  -0.6096   0.2061   0.3063   0.3781   8.1704
2355   287.42  1305.20   390.96   0.7449    352.37   -5.0444    122.19    5.32   14.60 1772.00  164.00   14.90   0.6860   0.6528  -0.6096   0.1971   0.3063   0.3782   8.1710
2356   286.94  1305.20   390.98   0.7380    347.33   -5.0444    122.19    5.32   14.60 1772.00  164.00   14.90   0.6771   0.6440  -0.6096   0.1882   0.3063   0.3783   8.1715
2357   286.48  1305.20   391.01   0.7311    342.40   -4.9315    122.19    5.32   14.60 1772.00  164.00   14.90   0.6687   0.6355  -0.6096   0.1797   0.3063   0.3783   8.1721
2358   286.05  1305.20   391.03   0.7243    337.48   -4.9192    122.19    5.32   14.60 1772.00  164.00   14.90   0.6607   0.6276  -0.6096   0.1716   0.3063   0.3784   8.1726
2359   285.68  1305.20   391.06   0.7177    332.85   -4.6282    122.19    5.32   14.60 1772.00  164.00   14.90   0.6539   0.6207  -0.6096   0.1647   0.3063   0.3785   8.1731
2360   285.36  1305.20   391.08   0.7113    328.23   -4.6159    122.19    5.32   14.60 1772.00  164.00   14.90   0.6480   0.6149  -0.6096   0.1588   0.3063   0.3785   8.1735
2361   285.10  1305.20   391.11   0.7053    323.91   -4.3249    122.19    5.32   14.60 1772.00  164.00   14.90   0.6432   0.6100  -0.6096   0.1538   0.3063   0.3786   8.1738
2362   284.88  1305.20   391.13   0.6995    319.60   -4.3126    122.19    5.32   14.60 1772.00  164.00   14.90   0.6392   0.6060  -0.6096   0.1498   0.3063   0.3787   8.1741
2363   284.59  1305.20   391.15   0.6939    315.02   -4.5790    122.19    5.32   14.60 1772.00  164.00   14.90   0.6339   0.6007  -0.6096   0.1444   0.3063   0.3787   8.1744
2364   284.24  1305.20   391.18   0.6883    310.45   -4.5667    122.19    5.32   14.60 1772.00  164.00   14.90   0.6274   0.5942  -0.6096   0.1378   0.3063   0.3788   8.1748
2365   283.95  1305.20   391.20   0.6828    306.18   -4.2758    122.19    5.32   14.60 1772.00  164.00   14.90   0.6220   0.5889  -0.6096   0.1324   0.3063   0.3789   8.1752
2366   283.72  1305.20   391.22   0.6775    301.91   -4.2635    122.19    5.32   14.60 1772.00  164.00   14.90   0.6176   0.5845  -0.6096   0.1279   0.3063   0.3789   8.1755
2367   283.42  1305.20   391.24   0.6722    297.38   -4.5299    122.19    5.32   14.60 1772.00  164.00   14.90   0.6121   0.5789  -0.6096   0.1223   0.3063   0.3790   8.1759
2368   283.06  1305.20   391.27   0.6669    292.86   -4.5176    122.19    5.32   14.60 1772.00  164.00   14.90   0.6054   0.5723  -0.6096   0.1155   0.3063   0.3791   8.1763
2369   282.76  1305.20   391.29   0.6616    288.64   -4.2266    122.19    5.32   14.60 1772.00  164.00   14.90   0.5999   0.5668  -0.6096   0.1099   0.3063   0.3791   8.1767
2370   282.53  1305.20   391.31   0.6564    284.42   -4.2143    122.19    5.32   14.60 1772.00  164.00   14.90   0.5955   0.5623  -0.6096   0.1054   0.3063   0.3792   8.1769
2371   282.22  1305.20   391.33   0.6514    279.94   -4.4807    122.19    5.32   14.60 1772.00  164.00   14.90   0.5898   0.5567  -0.6096   0.0997   0.3063   0.3793   8.1773
2372   281.87  1305.20   391.36   0.6462    275.47   -4.4684    122.19    5.32   14.60 1772.00  164.00   14.90   0.5832   0.5500  -0.6096   0.0930   0.3063   0.3793   8.1778
2373   281.57  1305.20   391.38   0.6410    271.30   -4.1774    122.19    5.32   14.60 1772.00  164.00   14.90   0.5777   0.5445  -0.6096   0.0874   0.3063   0.3794   8.1781
2374   281.34  1305.20   391.40   0.6361    267.13   -4.1651    122.19    5.32   14.60 1772.00  164.00   14.90   0.5733   0.5401  -0.6096   0.0829   0.3063   0.3794   8.1784
2375   281.15  1305.20   391.42   0.6313    263.26   -3.8741    122.19    5.32   14.60 1772.00  164.00   14.90   0.5699   0.5367  -0.6096   0.0794   0.3063   0.3795   8.1786
2376   281.02  1305.20   391.44   0.6269    259.40   -3.8618    122.19    5.32   14.60 1772.00  164.00   14.90   0.5674   0.5342  -0.6096   0.0769   0.3063   0.3796   8.1788
2377   280.81  1305.20   391.46   0.6225    255.27   -4.1282    122.19    5.32   14.60 1772.00  164.00   14.90   0.5635   0.5304  -0.6096   0.0730   0.3063   0.3796   8.1791
2378   280.55  1305.20   391.48   0.6181    251.15   -4.1159    122.19    5.32   14.60 1772.00  164.00   14.90   0.5585   0.5254  -0.6096   0.0679   0.3063   0.3797   8.1794
2379   280.34  1305.20   391.50   0.6138    247.33   -3.8249    122.19    5.32   14.60 1772.00  164.00   14.90   0.5546   0.5215  -0.6096   0.0639   0.3063   0.3797   8.1797
2380   280.18  1305.20   391.52   0.6096    243.51   -3.8126    122.19    5.32   14.60 1772.00  164.00   14.90   0.5518   0.5186  -0.6096   0.0610   0.3063   0.3798   8.1798
2381   280.08  1305.20   391.54   0.6057    239.99   -3.5216    122.19    5.32   14.60 1772.00  164.00   14.90   0.5498   0.5167  -0.6096   0.0590   0.3063   0.3799   8.1800
2382   280.02  1305.20   391.56   0.6020    236.48   -3.5093    122.19    5.32   14.60 1772.00  164.00   14.90   0.5488   0.5156  -0.6096   0.0579   0.3063   0.3799   8.1801
2383   279.89  1305.20   391.58   0.5985    232.71   -3.7757    122.19    5.32   14.60 1772.00  164.00   14.90   0.5463   0.5132  -0.6096   0.0553   0.3063   0.3800   8.1802
2384   279.69  1305.20   391.60   0.5949    228.94   -3.7634    122.19    5.32   14.60 1772.00  164.00   14.90   0.5427   0.5095  -0.6096   0.0516   0.3063   0.3800   8.1805
2385   279.44  1305.20   391.62   0.5912    224.91   -4.0298    122.19    5.32   14.60 1772.00  164.00   14.90   0.5379   0.5048  -0.6096   0.0468   0.3063   0.3801   8.1808
2386   279.02  1305.20   391.64   0.5871    220.34   -4.5750    122.19    5.32   14.60 1772.00  164.00   14.90   0.5300   0.4968  -0.6096   0.0388   0.3063   0.3801   8.1813
2387   278.45  1305.20   391.66   0.5824    215.50   -4.8414    122.19    5.32   14.60 1772.00  164.00   14.90   0.5191   0.4860  -0.6096   0.0278   0.3063   0.3802   8.1820
2388   277.85  1305.20   391.68   0.5771    210.67   -4.8291    122.19    5.32   14.60 1772.00  164.00   14.90   0.5078   0.4747  -0.6096   0.0164   0.3063   0.3802   8.1828
2389   277.35  1305.20   391.69   0.5715    206.13   -4.5381    122.19    5.32   14.60 1772.00  164.00   14.90   0.4982   0.4650  -0.6096   0.0067   0.3063   0.3803   8.1834
2390   277.00  1305.20   391.71   0.5660    201.95   -4.1828    122.19    5.32   14.60 1772.00  164.00   14.90   0.4914   0.4583  -0.6096  -0.0001   0.3063   0.3803   8.1838
2391   276.85  1305.20   391.73   0.5610    198.40   -3.5488    122.19    5.32   14.60 1772.00  164.00   14.90   0.4886   0.4555  -0.6096  -0.0030   0.3063   0.3804   8.1840
2392   276.88  1305.20   391.75   0.5568    195.21   -3.1935    122.19    5.32   14.60 1772.00  164.00   14.90   0.4893   0.4562  -0.6096  -0.0023   0.3063   0.3804   8.1840
2393   276.97  1305.20   391.77   0.5532    192.09   -3.1169    122.19    5.32   14.60 1772.00  164.00   14.90   0.4911   0.4579  -0.6096  -0.0007   0.3063   0.3805   8.1839
2394   277.10  1305.20   391.78   0.5502    189.33   -2.7617    122.19    5.32   14.60 1772.00  164.00   14.90   0.4938   0.4607  -0.6096   0.0020   0.3063   0.3806   8.1837
2395   277.29  1305.20   391.80   0.5479    186.64   -2.6851    122.19    5.32   14.60 1772.00  164.00   14.90   0.4975   0.4644  -0.6096   0.0057   0.3063   0.3806   8.1835
2396   277.42  1305.20   391.82   0.5458    183.75   -2.8872    122.19    5.32   14.60 1772.00  164.00   14.90   0.5000   0.4668  -0.6096   0.0080   0.3063   0.3806   8.1833
2397   277.48  1305.20   391.84   0.5440    180.94   -2.8106    122.19    5.32   14.60 1772.00  164.00   14.90   0.5013   0.4682  -0.6096   0.0093   0.3063   0.3807   8.1832
2398   277.50  1305.20   391.85   0.5422    177.93   -3.0127    122.19    5.32   14.60 1772.00  164.00   14.90   0.5018   0.4686  -0.6096   0.0097   0.3063   0.3807   8.1832
2399   277.48  1305.20   391.87   0.5404    175.00   -2.9362    122.19    5.32   14.60 1772.00  164.00   14.90   0.5014   0.4683  -0.6096   0.0092   0.3063   0.3808   8.1832
2400   277.42  1305.20   391.89   0.5385    171.86   -3.1375    122.19    5.32   14.60 1772.00  164.00   14.90   0.5003   0.4672  -0.6096   0.0081   0.3063   0.3808   8.1833
2401   277.33  1305.20   391.90   0.5365    168.80   -3.0602    122.19    5.32   14.60 1772.00  164.00   14.90   0.4986   0.4655  -0.6096   0.0063   0.3063   0.3809   8.1834
2402   277.21  1305.20   391.92   0.5344    165.54   -3.2603    122.19    5.32   14.60 1772.00  164.00   14.90   0.4964   0.4632  -0.6096   0.0040   0.3063   0.3809   8.1836
2403   277.06  1305.20   391.94   0.5321    162.36   -3.1818    122.19    5.32   14.60 1772.00  164.00   14.90   0.4936   0.4604  -0.6096   0.0011   0.3063   0.3810   8.1838
2404   277.00  1305.20   391.95   0.5299    159.53   -2.8246    122.19    5.32   14.60 1772.00  164.00   14.90   0.4925   0.4594  -0.6096  -0.0000   0.3063   0.3810   8.1838
2405   277.02  1305.20   391.97   0.5279    156.79   -2.7459    122.19    5.32   14.60 1772.00  164.00   14.90   0.4930   0.4599  -0.6096   0.0004   0.3063   0.3811   8.1838
2406   277.00  1305.20   391.98   0.5261    153.84   -2.9460    122.19    5.32   14.60 1772.00  164.00   14.90   0.4927   0.4595  -0.6096  -0.0000   0.3063   0.3811   8.1838
2407   276.94  1305.20   392.00   0.5242    150.97   -2.8673    122.19    5.32   14.60 1772.00  164.00   14.90   0.4916   0.4585  -0.6096  -0.0011   0.3063   0.3812   8.1839
2408   276.96  1305.20   392.02   0.5225    148.46   -2.5100    122.19    5.32   14.60 1772.00  164.00   14.90   0.4921   0.4590  -0.6096  -0.0007   0.3063   0.3812   8.1839
2409   277.06  1305.20   392.03   0.5211    146.03   -2.4313    122.19    5.32   14.60 1772.00  164.00   14.90   0.4941   0.4609  -0.6096   0.0012   0.3063   0.3813   8.1837
2410   277.11  1305.20   392.05   0.5198    143.40   -2.6314    122.19    5.32   14.60 1772.00  164.00   14.90   0.4951   0.4620  -0.6096   0.0022   0.3063   0.3813   8.1837
2411   277.12  1305.20   392.06   0.5186    140.85   -2.5527    122.19    5.32   14.60 1772.00  164.00   14.90   0.4954   0.4622  -0.6096   0.0023   0.3063   0.3813   8.1837
2412   277.14  1305.20   392.08   0.5174    138.33   -2.5118    122.19    5.32   14.60 1772.00  164.00   14.90   0.4959   0.4627  -0.6096   0.0027   0.3063   0.3814   8.1836
2413   277.11  1305.20   392.09   0.5162    135.59   -2.7496    122.19    5.32   14.60 1772.00  164.00   14.90   0.4953   0.4622  -0.6096   0.0022   0.3063   0.3814   8.1837
2414   277.03  1305.20   392.11   0.5149    132.88   -2.7087    122.19    5.32   14.60 1772.00  164.00   14.90   0.4939   0.4608  -0.6096   0.0007   0.3063   0.3815   8.1838
2415   276.91  1305.20   392.12   0.5133    129.93   -2.9464    122.19    5.32   14.60 1772.00  164.00   14.90   0.4917   0.4585  -0.6096  -0.0017   0.3063   0.3815   8.1839
2416   276.64  1305.20   392.14   0.5114    126.47   -3.4629    122.19    5.32   14.60 1772.00  164.00   14.90   0.4864   0.4533  -0.6096  -0.0070   0.3063   0.3816   8.1843
2417   276.23  1305.20   392.15   0.5088    122.77   -3.7007    122.19    5.32   14.60 1772.00  164.00   14.90   0.4785   0.4454  -0.6096  -0.0149   0.3063   0.3816   8.1848
2418   275.80  1305.20   392.16   0.5058    119.11   -3.6598    122.19    5.32   14.60 1772.00  164.00   14.90   0.4703   0.4372  -0.6096  -0.0232   0.3063   0.3816   8.1853
2419   275.47  1305.20   392.18   0.5025    115.77   -3.3402    122.19    5.32   14.60 1772.00  164.00   14.90   0.4640   0.4309  -0.6096  -0.0296   0.3063   0.3817   8.1857
2420   275.23  1305.20   392.19   0.4992    112.47   -3.2993    122.19    5.32   14.60 1772.00  164.00   14.90   0.4594   0.4263  -0.6096  -0.0342   0.3063   0.3817   8.1861
2421   275.06  1305.20   392.21   0.4961    109.49   -2.9797    122.19    5.32   14.60 1772.00  164.00   14.90   0.4563   0.4232  -0.6096  -0.0374   0.3063   0.3818   8.1863
2422   274.97  1305.20   392.22   0.4932    106.55   -2.9387    122.19    5.32   14.60 1772.00  164.00   14.90   0.4545   0.4214  -0.6096  -0.0393   0.3063   0.3818   8.1864
2423   274.94  1305.20   392.23   0.4906    103.93   -2.6191    122.19    5.32   14.60 1772.00  164.00   14.90   0.4540   0.4208  -0.6096  -0.0399   0.3063   0.3818   8.1864
2424   274.96  1305.20   392.25   0.4884    101.35   -2.5782    122.19    5.32   14.60 1772.00  164.00   14.90   0.4545   0.4214  -0.6096  -0.0394   0.3063   0.3819   8.1864
2425   274.93  1305.20   392.26   0.4863     98.54   -2.8160    122.19    5.32   14.60 1772.00  164.00   14.90   0.4539   0.4208  -0.6096  -0.0401   0.3063   0.3819   8.1864
2426   274.84  1305.20   392.27   0.4843     95.76   -2.7751    122.19    5.32   14.60 1772.00  164.00   14.90   0.4522   0.4191  -0.6096  -0.0419   0.3063   0.3819   8.1865
2427   274.81  1305.20   392.29   0.4824     93.30   -2.4555    122.19    5.32   14.60 1772.00  164.00   14.90   0.4519   0.4187  -0.6096  -0.0423   0.3063   0.3820   8.1866
2428   274.86  1305.20   392.30   0.4807     90.90   -2.4036    122.19    5.32   14.60 1772.00  164.00   14.90   0.4528   0.4196  -0.6096  -0.0415   0.3063   0.3820   8.1865
2429   274.96  1305.20   392.31   0.4793     88.83   -2.0731    122.19    5.32   14.60 1772.00  164.00   14.90   0.4548   0.4217  -0.6096  -0.0395   0.3063   0.3821   8.1864
2430   275.12  1305.20   392.32   0.4784     86.82   -2.0118    122.19    5.32   14.60 1772.00  164.00   14.90   0.4580   0.4249  -0.6096  -0.0364   0.3063   0.3821   8.1862
2431   275.34  1305.20   392.34   0.4778     85.14   -1.6719    122.19    5.32   14.60 1772.00  164.00   14.90   0.4623   0.4291  -0.6096  -0.0322   0.3063   0.3821   8.1859
2432   275.61  1305.20   392.35   0.4776     83.54   -1.6033    122.19    5.32   14.60 1772.00  164.00   14.90   0.4676   0.4345  -0.6096  -0.0269   0.3063   0.3822   8.1856
2433   275.93  1305.20   392.36   0.4780     82.29   -1.2559    122.19    5.32   14.60 1772.00  164.00   14.90   0.4739   0.4408  -0.6096  -0.0206   0.3063   0.3822   8.1852
2434   276.31  1305.20   392.37   0.4788     81.14   -1.1469    122.19    5.32   14.60 1772.00  164.00   14.90   0.4814   0.4483  -0.6096  -0.0133   0.3063   0.3822   8.1847
2435   276.65  1305.20   392.39   0.4799     79.83   -1.3125    122.19    5.32   14.60 1772.00  164.00   14.90   0.4879   0.4547  -0.6096  -0.0068   0.3063   0.3823   8.1843
2436   276.94  1305.20   392.40   0.4811     78.63   -1.1995    122.19    5.32   14.60 1772.00  164.00   14.90   0.4936   0.4604  -0.6096  -0.0012   0.3063   0.3823   8.1839
2437   277.19  1305.20   392.41   0.4825     77.26   -1.3651    122.19    5.32   14.60 1772.00  164.00   14.90   0.4986   0.4654  -0.6096   0.0037   0.3063   0.3823   8.1836
2438   277.31  1305.20   392.42   0.4836     75.50   -1.7600    122.19    5.32   14.60 1772.00  164.00   14.90   0.5009   0.4678  -0.6096   0.0060   0.3063   0.3824   8.1834
2439   277.32  1305.20   392.43   0.4845     73.63   -1.8762    122.19    5.32   14.60 1772.00  164.00   14.90   0.5012   0.4680  -0.6096   0.0062   0.3063   0.3824   8.1834
2440   277.23  1305.20   392.45   0.4848     71.35   -2.2711    122.19    5.32   14.60 1772.00  164.00   14.90   0.4995   0.4663  -0.6096   0.0044   0.3063   0.3824   8.1835
2441   277.04  1305.20   392.46   0.4846     68.97   -2.3873    122.19    5.32   14.60 1772.00  164.00   14.90   0.4960   0.4628  -0.6096   0.0008   0.3063   0.3825   8.1838
2442   276.89  1305.20   392.47   0.4841     66.74   -2.2248    122.19    5.32   14.60 1772.00  164.00   14.90   0.4930   0.4599  -0.6096  -0.0022   0.3063   0.3825   8.1840
2443   276.75  1305.20   392.48   0.4833     64.40   -2.3409    122.19    5.32   14.60 1772.00  164.00   14.90   0.4905   0.4574  -0.6096  -0.0048   0.3063   0.3825   8.1841
2444   276.64  1305.20   392.49   0.4824     62.22   -2.1784    122.19    5.32   14.60 1772.00  164.00   14.90   0.4883   0.4552  -0.6096  -0.0070   0.3063   0.3826   8.1843
2445   276.54  1305.20   392.50   0.4814     59.93   -2.2946    122.19    5.32   14.60 1772.00  164.00   14.90   0.4865   0.4533  -0.6096  -0.0089   0.3063   0.3826   8.1844
2446   276.45  1305.20   392.51   0.4804     57.80   -2.1321    122.19    5.32   14.60 1772.00  164.00   14.90   0.4848   0.4517  -0.6096  -0.0106   0.3063   0.3826   8.1845
2447   276.37  1305.20   392.52   0.4793     55.55   -2.2483    122.19    5.32   14.60 1772.00  164.00   14.90   0.4834   0.4503  -0.6096  -0.0121   0.3063   0.3827   8.1846
2448   276.30  1305.20   392.53   0.4782     53.46   -2.0858    122.19    5.32   14.60 1772.00  164.00   14.90   0.4821   0.4490  -0.6096  -0.0135   0.3063   0.3827   8.1847
2449   276.24  1305.20   392.54   0.4772     51.26   -2.2020    122.19    5.32   14.60 1772.00  164.00   14.90   0.4810   0.4479  -0.6096  -0.0147   0.3063   0.3827   8.1848
2450   276.18  1305.20   392.56   0.4761     49.22   -2.0395    122.19    5.32   14.60 1772.00  164.00   14.90   0.4800   0.4469  -0.6096  -0.0157   0.3063   0.3827   8.1848
2451   276.25  1305.20   392.57   0.4753     47.62   -1.5983    122.19    5.32   14.60 1772.00  164.00   14.90   0.4813   0.4482  -0.6096  -0.0145   0.3063   0.3828   8.1848
2452   276.43  1305.20   392.58   0.4748     46.19   -1.4358    122.19    5.32   14.60 1772.00  164.00   14.90   0.4848   0.4517  -0.6096  -0.0111   0.3063   0.3828   8.1845
2453   276.59  1305.20   392.59   0.4747     44.63   -1.5519    122.19    5.32   14.60 1772.00  164.00   14.90   0.4880   0.4548  -0.6096  -0.0080   0.3063   0.3828   8.1843
2454   276.74  1305.20   392.60   0.4748     43.24   -1.3894    122.19    5.32   14.60 1772.00  164.00   14.90   0.4909   0.4578  -0.6096  -0.0051   0.3063   0.3829   8.1842
2455   276.88  1305.20   392.61   0.4750     41.74   -1.5056    122.19    5.32   14.60 1772.00  164.00   14.90   0.4937   0.4605  -0.6096  -0.0024   0.3063   0.3829   8.1840
2456   276.90  1305.20   392.62   0.4751     39.84   -1.9005    122.19    5.32   14.60 1772.00  164.00   14.90   0.4941   0.4610  -0.6096  -0.0020   0.3063   0.3829   8.1840
2457   276.81  1305.20   392.63   0.4750     37.82   -2.0167    122.19    5.32   14.60 1772.00  164.00   14.90   0.4925   0.4593  -0.6096  -0.0037   0.3063   0.3830   8.1841
2458   276.62  1305.20   392.64   0.4744     35.42   -2.4019    122.19    5.32   14.60 1772.00  164.00   14.90   0.4890   0.4559  -0.6096  -0.0073   0.3063   0.3830   8.1843
2459   276.35  1305.20   392.65   0.4733     32.91   -2.5084    122.19    5.32   14.60 1772.00  164.00   14.90   0.4838   0.4507  -0.6096  -0.0125   0.3063   0.3830   8.1846
2460   276.12  1305.20   392.66   0.4718     30.58   -2.3362    122.19    5.32   14.60 1772.00  164.00   14.90   0.4794   0.4462  -0.6096  -0.0170   0.3063   0.3830   8.1849
2461   275.91  1305.20   392.67   0.4702     28.14   -2.4320    122.19    5.32   14.60 1772.00  164.00   14.90   0.4755   0.4424  -0.6096  -0.0210   0.3063   0.3831   8.1852
2462   275.74  1305.20   392.67   0.4685     25.89   -2.2492    122.19    5.32   14.60 1772.00  164.00   14.90   0.4722   0.4390  -0.6096  -0.0244   0.3063   0.3831   8.1854
2463   275.59  1305.20   392.68   0.4668     23.56   -2.3341    122.19    5.32   14.60 1772.00  164.00   14.90   0.4694   0.4362  -0.6096  -0.0272   0.3063   0.3831   8.1856
2464   275.47  1305.20   392.69   0.4651     21.42   -2.1404    122.19    5.32   14.60 1772.00  164.00   14.90   0.4671   0.4339  -0.6096  -0.0296   0.3063   0.3831   8.1858
2465   275.37  1305.20   392.70   0.4635     19.20   -2.2154    122.19    5.32   14.60 1772.00  164.00   14.90   0.4652   0.4321  -0.6096  -0.0315   0.3063   0.3832   8.1859
2466   275.30  1305.20   392.71   0.4620     17.19   -2.0116    122.19    5.32   14.60 1772.00  164.00   14.90   0.4639   0.4307  -0.6096  -0.0329   0.3063   0.3832   8.1860
2467   275.36  1305.20   392.72   0.4607     15.66   -1.5292    122.19    5.32   14.60 1772.00  164.00   14.90   0.4652   0.4320  -0.6096  -0.0317   0.3063   0.3832   8.1859
2468   275.66  1305.20   392.73   0.4602     14.90   -0.7681    122.19    5.32   14.60 1772.00  164.00   14.90   0.4711   0.4379  -0.6096  -0.0259   0.3063   0.3832   8.1855
2469   276.29  1305.20   392.74   0.4609     15.17    0.2717    122.19    5.32   14.60 1772.00  164.00   14.90   0.4834   0.4502  -0.6096  -0.0136   0.3063   0.3833   8.1847
2470   277.34  1305.20   392.75   0.4634     16.76    1.5902    122.19    5.32   14.60 1772.00  164.00   14.90   0.5037   0.4705  -0.6096   0.0066   0.3063   0.3833   8.1834
2471   278.78  1305.20   392.76   0.4680     19.40    2.6397    122.19    5.32   14.60 1772.00  164.00   14.90   0.5313   0.4982  -0.6096   0.0342   0.3063   0.3833   8.1816
2472   280.58  1305.20   392.76   0.4750     23.36    3.9679    122.19    5.32   14.60 1772.00  164.00   14.90   0.5657   0.5326  -0.6096   0.0685   0.3063   0.3833   8.1794
2473   282.72  1305.20   392.77   0.4845     28.38    5.0173    122.19    5.32   14.60 1772.00  164.00   14.90   0.6063   0.5732  -0.6096   0.1090   0.3063   0.3834   8.1767
2474   285.18  1305.20   392.78   0.4967     34.73    6.3455    122.19    5.32   14.60 1772.00  164.00   14.90   0.6526   0.6195  -0.6096   0.1553   0.3063   0.3834   8.1737
2475   287.95  1305.20   392.79   0.5115     42.12    7.3949    122.19    5.32   14.60 1772.00  164.00   14.90   0.7043   0.6712  -0.6096   0.2069   0.3063   0.3834   8.1703
2476   290.90  1305.20   392.80   0.5288     50.29    8.1657    122.19    5.32   14.60 1772.00  164.00   14.90   0.7589   0.7258  -0.6096   0.2614   0.3063   0.3834   8.1667
2477   293.93  1305.20   392.81   0.5481     58.95    8.6578    122.19    5.32   14.60 1772.00  164.00   14.90   0.8142   0.7811  -0.6096   0.3167   0.3063   0.3835   8.1631
2478   296.92  1305.20   392.81   0.5691     67.82    8.8711    122.19    5.32   14.60 1772.00  164.00   14.90   0.8683   0.8352  -0.6096   0.3707   0.3063   0.3835   8.1596
2479   299.90  1305.20   392.82   0.5913     77.18    9.3632    122.19    5.32   14.60 1772.00  164.00   14.90   0.9217   0.8885  -0.6096   0.4240   0.3063   0.3835   8.1561
2480   302.88  1305.20   392.83   0.6146     86.76    9.5765    122.19    5.32   14.60 1772.00  164.00   14.90   0.9745   0.9413  -0.6096   0.4767   0.3063   0.3835   8.1526
2481   305.86  1305.20   392.84   0.6388     96.83   10.0686    122.19    5.32   14.60 1772.00  164.00   14.90   1.0269   0.9938  -0.6096   0.5291   0.3063   0.3836   8.1492
2482   308.97  1305.20   392.85   0.6639    107.59   10.7660    122.19    5.32   14.60 1772.00  164.00   14.90   1.0810   1.0478  -0.6096   0.5831   0.3063   0.3836   8.1456
2483   312.29  1305.20   392.85   0.6901    119.26   11.6679    122.19    5.32   14.60 1772.00  164.00   14.90   1.1380   1.1049  -0.6096   0.6401   0.3063   0.3836   8.1418
2484   315.88  1305.20   392.86   0.7178    132.03   12.7730    122.19    5.32   14.60 1772.00  164.00   14.90   1.1992   1.1660  -0.6096   0.7012   0.3063   0.3836   8.1378
2485   319.73  1305.20   392.87   0.7470    145.63   13.5995    122.19    5.32   14.60 1772.00  164.00   14.90   1.2639   1.2308  -0.6096   0.7659   0.3063   0.3836   8.1335
2486   323.81  1305.20   392.88   0.7778    160.26   14.6250    122.19    5.32   14.60 1772.00  164.00   14.90   1.3316   1.2985  -0.6096   0.8335   0.3063   0.3837   8.1290
2487   328.19  1305.20   392.89   0.8105    176.10   15.8468    122.19    5.32   14.60 1772.00  164.00   14.90   1.4035   1.3703  -0.6096   0.9053   0.3063   0.3837   8.1243
2488   332.95  1305.20   392.89   0.8451    193.37   17.2617    122.19    5.32   14.60 1772.00  164.00   14.90   1.4804   1.4472  -0.6096   0.9821   0.3063   0.3837   8.1192
2489   338.15  1305.20   392.90   0.8819    212.21   18.8470    122.19    5.32   14.60 1772.00  164.00   14.90   1.5632   1.5300  -0.6096   1.0649   0.3063   0.3837   8.1136
2490   343.76  1305.20   392.91   0.9211    232.37   20.1536    122.19    5.32   14.60 1772.00  164.00   14.90   1.6509   1.6178  -0.6096   1.1526   0.3063   0.3838   8.1078
2491   349.63  1305.20   392.91   0.9626    253.55   21.1815    122.19    5.32   14.60 1772.00  164.00   14.90   1.7415   1.7083  -0.6096   1.2430   0.3063   0.3838   8.1017
2492   355.74  1305.20   392.92   1.0061    275.83   22.2838    122.19    5.32   14.60 1772.00  164.00   14.90   1.8340   1.8008  -0.6096   1.3355   0.3063   0.3838   8.0956
2493   362.09  1305.20   392.93   1.0516    299.19   23.3628    122.19    5.32   14.60 1772.00  164.00   14.90   1.9286   1.8954  -0.6096   1.4300   0.3063   0.3838   8.0892
2494   368.64  1305.20   392.94   1.0988    323.36   24.1631    122.19    5.32   14.60 1772.00  164.00   14.90   2.0242   1.9911  -0.6096   1.5256   0.3063   0.3838   8.0828
2495   375.30  1305.20   392.94   1.1476    348.25   24.8888    122.19    5.32   14.60 1772.00  164.00   14.90   2.1199   2.0867  -0.6096   1.6212   0.3063   0.3839   8.0763
2496   382.02  1305.20   392.95   1.1975    373.58   25.3358    122.19    5.32   14.60 1772.00  164.00   14.90   2.2147   2.1815  -0.6096   1.7159   0.3063   0.3839   8.0699
2497   388.71  1305.20   392.96   1.2483    399.19   25.6062    122.19    5.32   14.60 1772.00  164.00   14.90   2.3074   2.2743  -0.6096   1.8086   0.3063   0.3839   8.0637
2498   395.39  1305.20   392.96   1.2997    425.22   26.0274    122.19    5.32   14.60 1772.00  164.00   14.90   2.3984   2.3653  -0.6096   1.8995   0.3063   0.3839   8.0575
2499   402.04  1305.20   392.97   1.3515    451.39   26.1700    122.19    5.32   14.60 1772.00  164.00   14.90   2.4875   2.4544  -0.6096   1.9886   0.3063   0.3839   8.0514
2500   408.59  1305.20   392.98   1.4034    477.56   26.1700    122.19    5.32   14.60 1772.00  164.00   14.90   2.5738   2.5407  -0.6096   2.0748   0.3063   0.3840   8.0456
