YEAR ENG NEG CONCO2 OCNCO2UP LNDCO2UP ANTCH4 ANTN2O CONCH4 CONN2O RADTTL T2MP
2000    7.220000    1.080000  369.561756    1.566114    3.680443  310.187   6.1110  1752.1   317.0   1.49369   0.76039
2001    7.310000    1.060000  370.899387    1.571328    3.686015  312.896   6.1870  1751.6   317.9   1.53529   0.78795
2002    7.400000    1.050000  372.380306    1.589026    3.689409  322.279   6.3580  1754.1   318.8   1.58029   0.81682
2003    7.490000    1.030000  373.887058    1.607278    3.692379  328.124   6.4270  1759.8   319.7   1.62802   0.84640
2004    7.580000    1.020000  375.418676    1.625890    3.697265  338.942   6.5890  1768.7   320.6   1.67566   0.87630
2005    7.670000    1.000000  376.973982    1.644793    3.704128  346.396   6.6920  1780.8   321.6   1.72739   0.90682
2006    7.760000    0.990000  378.552016    1.663933    3.712879  356.470   6.8740  1795.9   322.5   1.77926   0.93785
2007    7.850000    0.970000  380.151734    1.683258    3.723471  355.023   6.5950  1811.9   323.5   1.83150   0.96932
2008    7.940000    0.960000  381.772272    1.702583    3.735453  360.492   6.6370  1828.2   324.4   1.88406   1.00119
2009    8.020000    0.940000  383.410825    1.721714    3.748216  364.200   6.7120  1845.5   325.3   1.93715   1.03346
2010    8.110000    0.920000  385.064930    1.743719    3.762671  370.896   6.7070  1864.0   326.2   1.99092   1.06615
2011    8.370000    0.910000  386.775172    1.772068    3.782824  372.658   6.6480  1883.2   327.1   2.04524   1.09923
2012    8.630000    0.910000  388.579174    1.804543    3.812188  380.810   6.7420  1903.4   328.0   2.09831   1.13254
2013    8.890000    0.900000  390.471520    1.838322    3.850312  381.594   6.8470  1924.5   328.9   2.15232   1.16616
2014    9.150000    0.890000  392.445781    1.873231    3.895233  387.874   6.9150  1945.8   329.8   2.20775   1.20020
2015    9.410000    0.880000  394.498558    1.909097    3.945728  388.073   6.9360  1967.4   330.8   2.26290   1.23460
2016    9.660000    0.870000  396.624735    1.945744    4.001120  379.956   6.8580  1986.7   331.7   2.31732   1.26922
2017    9.920000    0.860000  398.821717    1.983330    4.060687  371.840   6.7800  2002.4   332.5   2.36902   1.30379
2018   10.180000    0.850000  401.089634    2.021796    4.123599  363.724   6.7010  2014.9   333.4   2.42294   1.33854
2019   10.440000    0.840000  403.426732    2.060902    4.189668  355.607   6.6230  2024.5   334.2   2.47468   1.37330
2020   10.700000    0.830000  405.831185    2.098905    4.258504  347.491   6.5450  2031.4   335.0   2.52491   1.40789
2021   10.970000    0.810000  408.277393    2.132172    4.327120  341.327   6.4570  2036.1   335.8   2.57031   1.44191
2022   11.240000    0.790000  410.716155    2.158203    4.390185  335.163   6.3700  2039.0   336.6   2.61593   1.47549
2023   11.520000    0.770000  413.099885    2.175693    4.442001  328.999   6.2820  2040.4   337.3   2.65647   1.50827
2024   11.790000    0.750000  415.378254    2.183224    4.477184  322.835   6.1950  2040.2   338.0   2.69861   1.54058
2025   12.070000    0.730000  417.499908    2.179340    4.491447  316.672   6.1080  2038.8   338.7   2.73583   1.57207
2026   12.340000    0.700000  419.409842    2.164011    4.481715  310.508   6.0200  2036.0   339.3   2.76929   1.60250
2027   12.610000    0.680000  421.074176    2.141577    4.447826  304.344   5.9330  2032.1   340.0   2.79842   1.63167
2028   12.890000    0.660000  422.518543    2.117921    4.394504  298.180   5.8460  2027.1   340.6   2.82456   1.65954
2029   13.160000    0.640000  423.796687    2.096154    4.329570  292.016   5.7580  2021.2   341.2   2.84954   1.68626
2030   13.440000    0.620000  424.961233    2.077700    4.261302  285.852   5.6710  2014.4   341.7   2.87127   1.71173
2031   13.710000    0.590000  426.062152    2.062479    4.195833  281.546   5.6270  2006.9   342.3   2.89075   1.73590
2032   13.980000    0.560000  427.126803    2.046688    4.134652  277.240   5.5820  1999.1   342.8   2.91030   1.75907
2033   14.250000    0.530000  428.128058    2.026100    4.074331  272.934   5.5380  1991.1   343.3   2.92863   1.78131
2034   14.520000    0.500000  429.026731    2.000618    4.010380  268.627   5.4940  1982.9   343.8   2.94832   1.80292
2035   14.790000    0.470000  429.808285    1.971156    3.940129  264.321   5.4500  1974.4   344.3   2.96387   1.82358
2036   15.060000    0.440000  430.458720    1.937473    3.862036  260.015   5.4050  1965.7   344.8   2.98108   1.84361
2037   15.330000    0.410000  430.964747    1.899381    3.775390  255.709   5.3610  1956.7   345.3   2.99319   1.86259
2038   15.600000    0.380000  431.314156    1.856843    3.679569  251.403   5.3170  1947.6   345.7   3.00390   1.88054
2039   15.870000    0.350000  431.497385    1.810070    3.573613  247.096   5.2730  1938.2   346.1   3.01189   1.89737
2040   16.140000    0.320000  431.509099    1.759354    3.458054  242.790   5.2280  1928.7   346.6   3.02090   1.91340
2041   16.410000    0.280000  431.346475    1.705050    3.334372  239.622   5.2110  1919.1   347.0   3.01879   1.92764
2042   16.670000    0.230000  431.010499    1.648054    3.203139  236.454   5.1930  1909.6   347.4   3.01894   1.94058
2043   16.940000    0.180000  430.511957    1.589782    3.065776  233.286   5.1760  1900.0   347.8   3.01358   1.95196
2044   17.200000    0.140000  429.870620    1.531279    2.924698  230.118   5.1580  1890.5   348.2   3.00754   1.96194
2045   17.470000    0.090000  429.106127    1.473003    2.782177  226.949   5.1410  1880.9   348.5   2.99823   1.97047
2046   17.730000    0.040000  428.235963    1.415598    2.639830  223.781   5.1230  1871.3   348.9   2.98698   1.97757
2047   18.000000    0.000000  427.281228    1.359634    2.498740  220.613   5.1060  1861.7   349.3   2.97750   1.98369
2048   18.260000   -0.050000  426.259507    1.305358    2.360440  217.445   5.0880  1852.2   349.6   2.96652   1.98882
2049   18.530000   -0.090000  425.187173    1.253177    2.226565  214.277   5.0710  1842.6   350.0   2.95493   1.99303
2050   18.790000   -0.140000  424.080834    1.203495    2.098689  211.109   5.0540  1833.1   350.3   2.94112   1.99622
2051   19.180000   -0.200000  422.956204    1.157106    1.978260  209.087   5.0460  1823.6   350.7   2.92491   1.99832
2052   19.570000   -0.260000  421.835467    1.116721    1.867248  207.065   5.0390  1814.3   351.0   2.90839   1.99941
2053   19.960000   -0.320000  420.768085    1.086999    1.769681  205.044   5.0310  1805.2   351.4   2.89317   1.99980
2054   20.350000   -0.380000  419.831804    1.070176    1.691579  203.022   5.0240  1796.2   351.7   2.88214   2.00000
2055   20.740000   -0.450000  419.081974    1.060881    1.636150  201.000   5.0160  1787.3   352.0   2.87110   2.00000
2056   21.130000   -0.510000  418.486089    1.049329    1.597928  198.978   5.0090  1778.6   352.3   2.86201   1.99996
2057   21.520000   -0.570000  417.949157    1.032228    1.566392  196.957   5.0020  1769.8   352.6   2.85445   2.00000
2058   21.910000   -0.630000  417.421792    1.015776    1.535779  194.935   4.9940  1761.1   352.9   2.84646   2.00000
2059   22.300000   -0.690000  416.938499    1.007416    1.508656  192.913   4.9870  1752.6   353.3   2.83911   1.99998
2060   22.690000   -0.750000  416.567009    1.006554    1.490471  190.892   4.9790  1744.1   353.6   2.83281   2.00000
2061   22.940000   -0.800000  416.310293    1.004361    1.480912  188.446   4.9790  1735.7   353.9   2.82621   2.00000
2062   23.190000   -0.850000  416.088292    0.997692    1.473824  186.000   4.9790  1727.1   354.1   2.82006   1.99999
2063   23.440000   -0.900000  415.876283    0.995325    1.467364  183.555   4.9790  1718.4   354.4   2.81413   1.99997
2064   23.690000   -0.950000  415.751817    0.999446    1.465883  181.109   4.9790  1709.5   354.7   2.80905   2.00000
2065   23.940000   -1.000000  415.711652    0.999074    1.468357  178.664   4.9790  1700.5   355.0   2.80262   1.99991
2066   24.190000   -1.040000  415.651901    0.990809    1.466838  176.218   4.9790  1691.4   355.3   2.79885   1.99996
2067   24.440000   -1.090000  415.543732    0.983595    1.458712  173.773   4.9790  1682.2   355.6   2.79373   2.00000
2068   24.690000   -1.140000  415.448448    0.980716    1.448304  171.327   4.9790  1672.9   355.9   2.78881   2.00000
2069   24.940000   -1.190000  415.378691    0.975170    1.436946  168.882   4.9790  1663.6   356.1   2.78426   2.00000
2070   25.190000   -1.240000  415.273195    0.966066    1.422026  166.436   4.9790  1654.2   356.4   2.77968   1.99999
2071   25.340000   -1.260000  415.142463    0.963157    1.405546  163.724   4.9920  1644.6   356.7   2.77400   1.99986
2072   25.500000   -1.290000  415.083311    0.968839    1.395011  161.011   5.0050  1634.7   357.0   2.77222   2.00000
2073   25.660000   -1.310000  415.117497    0.973528    1.392937  158.299   5.0180  1624.5   357.2   2.76621   1.99992
2074   25.820000   -1.330000  415.171286    0.975709    1.394870  155.587   5.0310  1613.9   357.5   2.76308   1.99991
2075   25.970000   -1.360000  415.256766    0.980665    1.399355  152.874   5.0430  1603.1   357.8   2.76010   2.00000
2076   26.130000   -1.380000  415.394438    0.982998    1.405734  150.162   5.0560  1592.1   358.0   2.75539   1.99996
2077   26.290000   -1.400000  415.508073    0.981204    1.409722  147.449   5.0690  1580.9   358.3   2.75220   1.99996
2078   26.440000   -1.420000  415.608556    0.981580    1.410904  144.737   5.0820  1569.6   358.6   2.74907   2.00000
2079   26.600000   -1.450000  415.729209    0.982650    1.411321  142.025   5.0940  1558.1   358.9   2.74391   1.99986
2080   26.760000   -1.470000  415.848202    0.985981    1.412315  139.312   5.1070  1546.4   359.1   2.74323   1.99999
2081   26.810000   -1.480000  416.019822    0.994286    1.417745  138.394   5.1400  1534.9   359.4   2.73875   2.00000
2082   26.850000   -1.490000  416.255942    0.998026    1.426492  137.476   5.1730  1523.8   359.7   2.73471   1.99988
2083   26.900000   -1.510000  416.452245    0.991706    1.430074  136.557   5.2060  1513.2   360.0   2.73371   2.00000
2084   26.950000   -1.520000  416.559081    0.982397    1.423802  135.639   5.2390  1502.8   360.3   2.72890   1.99994
2085   26.990000   -1.530000  416.613388    0.978988    1.411704  134.721   5.2720  1492.7   360.6   2.72665   1.99993
2086   27.040000   -1.540000  416.701463    0.982976    1.402243  133.803   5.3050  1482.9   360.9   2.72434   2.00000
2087   27.090000   -1.550000  416.853859    0.985674    1.398147  132.884   5.3380  1473.4   361.2   2.72005   1.99989
2088   27.130000   -1.560000  416.999035    0.981933    1.394077  131.966   5.3710  1464.2   361.5   2.71940   2.00000
2089   27.180000   -1.580000  417.099592    0.975801    1.385902  131.048   5.4040  1455.3   361.8   2.71532   1.99997
2090   27.230000   -1.590000  417.170054    0.970591    1.374134  130.130   5.4370  1446.5   362.1   2.71344   2.00000
2091   27.290000   -1.600000  417.227755    0.966811    1.360918  129.336   5.4250  1438.0   362.4   2.71000   1.99993
2092   27.360000   -1.610000  417.287038    0.963715    1.347900  128.543   5.4130  1429.9   362.7   2.70877   2.00000
2093   27.420000   -1.620000  417.346388    0.959347    1.334976  127.749   5.4020  1422.0   363.0   2.70517   1.99994
2094   27.490000   -1.630000  417.387531    0.953223    1.320770  126.956   5.3900  1414.5   363.3   2.70395   2.00000
2095   27.550000   -1.650000  417.406028    0.947265    1.304925  126.163   5.3780  1407.3   363.6   2.70033   1.99993
2096   27.610000   -1.660000  417.417699    0.942367    1.288621  125.369   5.3660  1400.3   363.9   2.69937   2.00000
2097   27.680000   -1.670000  417.428729    0.937051    1.272414  124.576   5.3540  1393.5   364.2   2.69562   1.99991
2098   27.740000   -1.680000  417.427354    0.930107    1.255466  123.782   5.3420  1386.9   364.5   2.69503   2.00000
2099   27.810000   -1.690000  417.402637    0.922319    1.236816  122.989   5.3300  1380.5   364.7   2.69044   1.99984
2100   27.870000   -1.700000  417.359726    0.918847    1.218398  122.195   5.3180  1374.3   365.0   2.69123   1.99997
2101   27.870000   -1.700000  417.366941    0.921932    1.205824  122.195   5.3180  1368.5   365.3   2.68803   2.00000
2102   27.870000   -1.700000  417.446544    0.922784    1.199784  122.195   5.3180  1363.2   365.5   2.68604   1.99999
2103   27.870000   -1.700000  417.513626    0.917896    1.194233  122.195   5.3180  1358.3   365.8   2.68414   2.00000
2104   27.870000   -1.700000  417.552454    0.912742    1.185889  122.195   5.3180  1353.8   366.0   2.68210   2.00000
2105   27.870000   -1.700000  417.584239    0.907973    1.175411  122.195   5.3180  1349.7   366.3   2.68019   2.00000
2106   27.870000   -1.700000  417.601496    0.902621    1.163282  122.195   5.3180  1345.9   366.5   2.67828   2.00000
2107   27.870000   -1.700000  417.607355    0.897160    1.149687  122.195   5.3180  1342.5   366.8   2.67642   2.00000
2108   27.870000   -1.700000  417.602296    0.891523    1.134984  122.195   5.3180  1339.3   367.0   2.67458   2.00000
2109   27.870000   -1.700000  417.587426    0.885769    1.119436  122.195   5.3180  1336.5   367.3   2.67277   2.00000
2110   27.870000   -1.700000  417.563610    0.879922    1.103274  122.195   5.3180  1333.8   367.5   2.67099   2.00000
2111   27.870000   -1.700000  417.531692    0.874006    1.086680  122.195   5.3180  1331.4   367.8   2.66924   2.00000
2112   27.870000   -1.700000  417.492441    0.868044    1.069797  122.195   5.3180  1329.2   368.0   2.66752   2.00000
2113   27.870000   -1.700000  417.446565    0.862054    1.052738  122.195   5.3180  1327.1   368.2   2.66582   2.00000
2114   27.870000   -1.700000  417.394718    0.856054    1.035593  122.195   5.3180  1325.3   368.5   2.66415   2.00000
2115   27.870000   -1.700000  417.337496    0.850057    1.018430  122.195   5.3180  1323.6   368.7   2.66250   2.00000
2116   27.870000   -1.700000  417.275449    0.844077    1.001304  122.195   5.3180  1322.0   368.9   2.66088   2.00000
2117   27.870000   -1.700000  417.209081    0.838125    0.984257  122.195   5.3180  1320.6   369.1   2.65928   2.00000
2118   27.870000   -1.700000  417.138852    0.832210    0.967324  122.195   5.3180  1319.3   369.4   2.65771   2.00000
2119   27.870000   -1.700000  417.065185    0.826340    0.950532  122.195   5.3180  1318.1   369.6   2.65616   2.00000
2120   27.870000   -1.700000  416.988465    0.820522    0.933902  122.195   5.3180  1317.0   369.8   2.65463   2.00000
2121   27.870000   -1.700000  416.909046    0.814763    0.917452  122.195   5.3180  1316.0   370.0   2.65312   2.00000
2122   27.870000   -1.700000  416.827249    0.809066    0.901195  122.195   5.3180  1315.1   370.3   2.65163   2.00000
2123   27.870000   -1.700000  416.743370    0.803435    0.885142  122.195   5.3180  1314.3   370.5   2.65017   2.00000
2124   27.870000   -1.700000  416.657677    0.797875    0.869303  122.195   5.3180  1313.5   370.7   2.64872   2.00000
2125   27.870000   -1.700000  416.570414    0.792387    0.853684  122.195   5.3180  1312.8   370.9   2.64730   2.00000
2126   27.870000   -1.700000  416.481805    0.786974    0.838290  122.195   5.3180  1312.1   371.1   2.64589   2.00000
2127   27.870000   -1.700000  416.392053    0.781637    0.823125  122.195   5.3180  1311.6   371.3   2.64450   2.00000
2128   27.870000   -1.700000  416.301343    0.776376    0.808191  122.195   5.3180  1311.0   371.5   2.64313   2.00000
2129   27.870000   -1.700000  416.209843    0.771193    0.793491  122.195   5.3180  1310.5   371.7   2.64178   2.00000
2130   27.870000   -1.700000  416.117704    0.766088    0.779025  122.195   5.3180  1310.1   371.9   2.64045   2.00000
2131   27.870000   -1.700000  416.025067    0.761060    0.764793  122.195   5.3180  1309.7   372.1   2.63913   2.00000
2132   27.870000   -1.700000  415.932055    0.756109    0.750795  122.195   5.3180  1309.3   372.3   2.63783   2.00000
2133   27.870000   -1.700000  415.838784    0.751235    0.737030  122.195   5.3180  1308.9   372.5   2.63655   2.00000
2134   27.870000   -1.700000  415.745355    0.746437    0.723496  122.195   5.3180  1308.6   372.7   2.63528   2.00000
2135   27.870000   -1.700000  415.651861    0.741714    0.710191  122.195   5.3180  1308.3   372.9   2.63403   2.00000
2136   27.870000   -1.700000  415.558387    0.737064    0.697113  122.195   5.3180  1308.1   373.1   2.63279   2.00000
2137   27.870000   -1.700000  415.465007    0.732488    0.684259  122.195   5.3180  1307.8   373.3   2.63157   2.00000
2138   27.870000   -1.700000  415.371791    0.727982    0.671627  122.195   5.3180  1307.6   373.5   2.63037   2.00000
2139   27.870000   -1.700000  415.278798    0.723547    0.659214  122.195   5.3180  1307.4   373.7   2.62918   2.00000
2140   27.870000   -1.700000  415.186084    0.719180    0.647016  122.195   5.3180  1307.2   373.8   2.62800   2.00000
2141   27.870000   -1.700000  415.093698    0.714880    0.635030  122.195   5.3180  1307.0   374.0   2.62684   2.00000
2142   27.870000   -1.700000  415.001683    0.710646    0.623253  122.195   5.3180  1306.9   374.2   2.62569   2.00000
2143   27.870000   -1.700000  414.910078    0.706476    0.611681  122.195   5.3180  1306.7   374.4   2.62455   2.00000
2144   27.870000   -1.700000  414.818918    0.702369    0.600310  122.195   5.3180  1306.6   374.6   2.62343   2.00000
2145   27.870000   -1.700000  414.728234    0.698323    0.589137  122.195   5.3180  1306.5   374.7   2.62232   2.00000
2146   27.870000   -1.700000  414.638051    0.694337    0.578159  122.195   5.3180  1306.4   374.9   2.62122   2.00000
2147   27.870000   -1.700000  414.548395    0.690408    0.567371  122.195   5.3180  1306.3   375.1   2.62013   2.00000
2148   27.870000   -1.700000  414.459285    0.686537    0.556771  122.195   5.3180  1306.2   375.2   2.61906   2.00000
2149   27.870000   -1.700000  414.370740    0.682720    0.546353  122.195   5.3180  1306.1   375.4   2.61800   2.00000
2150   27.870000   -1.700000  414.282774    0.678957    0.536116  122.195   5.3180  1306.0   375.6   2.61695   2.00000
2151   27.870000   -1.700000  414.195401    0.675247    0.526054  122.195   5.3180  1306.0   375.7   2.61591   2.00000
2152   27.870000   -1.700000  414.108633    0.671587    0.516165  122.195   5.3180  1305.9   375.9   2.61488   2.00000
2153   27.870000   -1.700000  414.022478    0.667977    0.506446  122.195   5.3180  1305.8   376.1   2.61387   2.00000
2154   27.870000   -1.700000  413.936943    0.664415    0.496892  122.195   5.3180  1305.8   376.2   2.61286   2.00000
2155   27.870000   -1.700000  413.852036    0.660899    0.487500  122.195   5.3180  1305.7   376.4   2.61187   2.00000
2156   27.870000   -1.700000  413.767761    0.657430    0.478267  122.195   5.3180  1305.7   376.6   2.61088   2.00000
2157   27.870000   -1.700000  413.684120    0.654005    0.469189  122.195   5.3180  1305.6   376.7   2.60991   2.00000
2158   27.870000   -1.700000  413.601117    0.650623    0.460264  122.195   5.3180  1305.6   376.9   2.60894   2.00000
2159   27.870000   -1.700000  413.518752    0.647283    0.451488  122.195   5.3180  1305.6   377.0   2.60799   2.00000
2160   27.870000   -1.700000  413.437027    0.643985    0.442859  122.195   5.3180  1305.5   377.2   2.60705   2.00000
2161   27.870000   -1.700000  413.355940    0.640726    0.434372  122.195   5.3180  1305.5   377.3   2.60611   2.00000
2162   27.870000   -1.700000  413.275491    0.637506    0.426026  122.195   5.3180  1305.5   377.5   2.60519   2.00000
2163   27.870000   -1.700000  413.195678    0.634323    0.417816  122.195   5.3180  1305.5   377.6   2.60427   2.00000
2164   27.870000   -1.700000  413.116497    0.631178    0.409742  122.195   5.3180  1305.4   377.8   2.60336   2.00000
2165   27.870000   -1.700000  413.037947    0.628068    0.401799  122.195   5.3180  1305.4   377.9   2.60246   2.00000
2166   27.870000   -1.700000  412.960025    0.624994    0.393985  122.195   5.3180  1305.4   378.1   2.60158   2.00000
2167   27.870000   -1.700000  412.882725    0.621953    0.386297  122.195   5.3180  1305.4   378.2   2.60069   2.00000
2168   27.870000   -1.700000  412.806044    0.618946    0.378733  122.195   5.3180  1305.4   378.4   2.59982   2.00000
2169   27.870000   -1.700000  412.729978    0.615971    0.371291  122.195   5.3180  1305.4   378.5   2.59896   2.00000
2170   27.870000   -1.700000  412.654522    0.613028    0.363968  122.195   5.3180  1305.3   378.6   2.59810   2.00000
2171   27.870000   -1.700000  412.579670    0.610116    0.356761  122.195   5.3180  1305.3   378.8   2.59726   2.00000
2172   27.870000   -1.700000  412.505418    0.607234    0.349668  122.195   5.3180  1305.3   378.9   2.59642   2.00000
2173   27.870000   -1.700000  412.431760    0.604381    0.342688  122.195   5.3180  1305.3   379.0   2.59558   2.00000
2174   27.870000   -1.700000  412.358691    0.601557    0.335817  122.195   5.3180  1305.3   379.2   2.59476   2.00000
2175   27.870000   -1.700000  412.286205    0.598761    0.329054  122.195   5.3180  1305.3   379.3   2.59394   2.00000
2176   27.870000   -1.700000  412.214295    0.595992    0.322396  122.195   5.3180  1305.3   379.4   2.59313   2.00000
2177   27.870000   -1.700000  412.142957    0.593251    0.315843  122.195   5.3180  1305.3   379.6   2.59233   2.00000
2178   27.870000   -1.700000  412.072184    0.590535    0.309390  122.195   5.3180  1305.3   379.7   2.59154   2.00000
2179   27.870000   -1.700000  412.001971    0.587846    0.303038  122.195   5.3180  1305.3   379.8   2.59075   2.00000
2180   27.870000   -1.700000  411.932310    0.585181    0.296784  122.195   5.3180  1305.3   380.0   2.58997   2.00000
2181   27.870000   -1.700000  411.863197    0.582541    0.290625  122.195   5.3180  1305.3   380.1   2.58920   2.00000
2182   27.870000   -1.700000  411.794625    0.579925    0.284561  122.195   5.3180  1305.2   380.2   2.58843   2.00000
2183   27.870000   -1.700000  411.726587    0.577332    0.278589  122.195   5.3180  1305.2   380.3   2.58767   2.00000
2184   27.870000   -1.700000  411.659079    0.574763    0.272709  122.195   5.3180  1305.2   380.5   2.58692   2.00000
2185   27.870000   -1.700000  411.592093    0.572216    0.266918  122.195   5.3180  1305.2   380.6   2.58617   2.00000
2186   27.870000   -1.700000  411.525624    0.569692    0.261214  122.195   5.3180  1305.2   380.7   2.58543   2.00000
2187   27.870000   -1.700000  411.459666    0.567189    0.255596  122.195   5.3180  1305.2   380.8   2.58469   2.00000
2188   27.870000   -1.700000  411.394213    0.564708    0.250063  122.195   5.3180  1305.2   380.9   2.58397   2.00000
2189   27.870000   -1.700000  411.329258    0.562247    0.244614  122.195   5.3180  1305.2   381.0   2.58324   2.00000
2190   27.870000   -1.700000  411.264796    0.559734    0.239212  122.195   5.3180  1305.2   381.2   2.58253   2.00000
2191   27.870000   -1.700000  411.199739    0.557439    0.233925  122.195   5.3180  1305.2   381.3   2.58180   2.00000
2192   27.870000   -1.700000  411.138336    0.555046    0.228777  122.195   5.3180  1305.2   381.4   2.58113   2.00000
2193   27.870000   -1.700000  411.074101    0.547614    0.221376  122.195   5.3180  1305.2   381.5   2.58041   2.00000
2194   27.870000   -1.700000  410.938422    0.533526    0.207043  122.195   5.3180  1305.2   381.6   2.57877   1.99991
2195   27.870000   -1.700000  410.717799    0.523291    0.186681  122.195   5.3180  1305.2   381.7   2.57602   1.99963
2196   27.870000   -1.700000  410.517569    0.527270    0.170693  122.195   5.3180  1305.2   381.8   2.57354   1.99922
2197   27.870000   -1.700000  410.455790    0.543722    0.170379  122.195   5.3180  1305.2   381.9   2.57286   1.99888
2198   27.870000   -1.700000  410.561056    0.560555    0.186986  122.195   5.3180  1305.2   382.1   2.57434   1.99883
2199   27.870000   -1.700000  410.740709    0.566328    0.210050  122.195   5.3180  1305.2   382.2   2.57680   1.99911
2200   27.870000   -1.700000  410.870811    0.556100    0.224385  122.195   5.3180  1305.2   382.3   2.57861   1.99959
2201   27.870000   -1.700000  410.835868    0.527289    0.216052  122.195   5.3180  1305.2   382.4   2.57827   2.00000
2202   27.870000   -1.700000  410.527516    0.483927    0.176559  122.195   5.3180  1305.2   382.5   2.57438   2.00000
2203   27.870000   -1.700000  409.939361    0.431213    0.105033  122.195   5.3180  1305.2   382.6   2.56684   1.99930
2204   27.870000   -1.700000  409.063853    0.362427    0.000993  122.195   5.3180  1305.2   382.7   2.55555   1.99767
2205   27.870000   -1.700000  407.796498    0.277839   -0.138258  122.195   5.3180  1305.2   382.8   2.53910   1.99479
2206   27.870000   -1.700000  406.158508    0.192805   -0.306986  122.195   5.3180  1305.2   382.9   2.51773   1.99042
2207   27.870000   -1.700000  404.288253    0.117451   -0.489126  122.195   5.3180  1305.2   383.0   2.49321   1.98453
2208   27.870000   -1.700000  402.313631    0.055053   -0.667290  122.195   5.3180  1305.2   383.1   2.46719   1.97728
2209   27.870000   -1.700000  400.353530    0.008722   -0.826939  122.195   5.3180  1305.2   383.2   2.44124   1.96893
2210   27.870000   -1.700000  398.519203   -0.018597   -0.956069  122.195   5.3180  1305.2   383.3   2.41684   1.95985
2211   27.870000   -1.700000  396.915451   -0.032633   -1.048629  122.195   5.3180  1305.2   383.4   2.39543   1.95044
2212   27.870000   -1.700000  395.521848   -0.040798   -1.107438  122.195   5.3180  1305.2   383.5   2.37677   1.94102
2213   27.870000   -1.700000  394.321465   -0.043559   -1.138938  122.195   5.3180  1305.2   383.6   2.36066   1.93180
2214   27.870000   -1.700000  393.300389   -0.044071   -1.149781  122.195   5.3180  1305.2   383.7   2.34693   1.92295
2215   27.870000   -1.700000  392.408591   -0.045910   -1.147833  122.195   5.3180  1305.2   383.7   2.33492   1.91451
2216   27.870000   -1.700000  391.600594   -0.056108   -1.143330  122.195   5.3180  1305.2   383.8   2.32403   1.90648
2217   27.870000   -1.700000  390.753623   -0.082579   -1.149918  122.195   5.3180  1305.2   383.9   2.31259   1.89869
2218   27.870000   -1.700000  389.753503   -0.119601   -1.177631  122.195   5.3180  1305.2   384.0   2.29902   1.89087
2219   27.870000   -1.700000  388.612899   -0.151129   -1.222894  122.195   5.3180  1305.2   384.1   2.28349   1.88279
2220   27.870000   -1.700000  387.461887   -0.175488   -1.274427  122.195   5.3180  1305.2   384.2   2.26777   1.87447
2221   27.870000   -1.700000  386.300914   -0.199843   -1.326456  122.195   5.3180  1305.2   384.3   2.25186   1.86594
2222   27.870000   -1.700000  385.129998   -0.224242   -1.378300  122.195   5.3180  1305.2   384.4   2.23577   1.85722
2223   27.870000   -1.700000  383.948990   -0.248714   -1.429720  122.195   5.3180  1305.2   384.5   2.21948   1.84833
2224   27.870000   -1.700000  382.757707   -0.273276   -1.480692  122.195   5.3180  1305.2   384.5   2.20301   1.83928
2225   27.870000   -1.700000  381.555994   -0.297940   -1.531278  122.195   5.3180  1305.2   384.6   2.18633   1.83005
2226   27.870000   -1.700000  380.343738   -0.313799   -1.577574  122.195   5.3180  1305.2   384.7   2.16945   1.82066
2227   27.870000   -1.700000  379.240080   -0.319382   -1.612232  122.195   5.3180  1305.2   384.8   2.15405   1.81127
2228   27.870000   -1.700000  378.236594   -0.331220   -1.637030  122.195   5.3180  1305.2   384.9   2.14002   1.80201
2229   27.870000   -1.700000  377.206934   -0.360007   -1.665739  122.195   5.3180  1305.2   384.9   2.12557   1.79281
2230   27.870000   -1.700000  376.034364   -0.399803   -1.710224  122.195   5.3180  1305.2   385.0   2.10906   1.78344
2231   27.870000   -1.700000  374.729497   -0.433858   -1.768245  122.195   5.3180  1305.2   385.1   2.09061   1.77372
2232   27.870000   -1.700000  373.420444   -0.451313   -1.825311  122.195   5.3180  1305.2   385.2   2.07204   1.76368
2233   27.870000   -1.700000  372.225291   -0.458150   -1.868859  122.195   5.3180  1305.2   385.3   2.05504   1.75354
2234   27.870000   -1.700000  371.134571   -0.471319   -1.900651  122.195   5.3180  1305.2   385.3   2.03948   1.74347
2235   27.870000   -1.700000  370.021264   -0.492571   -1.930819  122.195   5.3180  1305.2   385.4   2.02355   1.73343
2236   27.870000   -1.700000  368.887106   -0.505066   -1.959993  122.195   5.3180  1305.2   385.5   2.00727   1.72334
2237   27.870000   -1.700000  367.852542   -0.507239   -1.980282  122.195   5.3180  1305.2   385.6   1.99238   1.71334
2238   27.870000   -1.700000  366.910392   -0.516208   -1.993007  122.195   5.3180  1305.2   385.6   1.97880   1.70353
2239   27.870000   -1.700000  365.935739   -0.533680   -2.007672  122.195   5.3180  1305.2   385.7   1.96471   1.69384
2240   27.870000   -1.700000  364.931969   -0.545286   -2.025372  122.195   5.3180  1305.2   385.8   1.95015   1.68416
2241   27.870000   -1.700000  363.985955   -0.552621   -2.040956  122.195   5.3180  1305.2   385.9   1.93640   1.67456
2242   27.870000   -1.700000  363.059279   -0.561709   -2.054026  122.195   5.3180  1305.2   385.9   1.92290   1.66506
2243   27.870000   -1.700000  362.151191   -0.570328   -2.066048  122.195   5.3180  1305.2   386.0   1.90963   1.65566
2244   27.870000   -1.700000  361.261011   -0.578507   -2.077114  122.195   5.3180  1305.2   386.1   1.89660   1.64634
2245   27.870000   -1.700000  360.388104   -0.586276   -2.087289  122.195   5.3180  1305.2   386.1   1.88379   1.63713
2246   27.870000   -1.700000  359.531877   -0.593660   -2.096625  122.195   5.3180  1305.2   386.2   1.87120   1.62800
2247   27.870000   -1.700000  358.691770   -0.600686   -2.105163  122.195   5.3180  1305.2   386.3   1.85881   1.61897
2248   27.870000   -1.700000  357.867254   -0.616945   -2.117165  122.195   5.3180  1305.2   386.4   1.84663   1.61003
2249   27.870000   -1.700000  356.939453   -0.643990   -2.140509  122.195   5.3180  1305.2   386.4   1.83287   1.60102
2250   27.870000   -1.700000  355.916731   -0.664045   -2.173388  122.195   5.3180  1305.2   386.5   1.81766   1.59179
2251   27.870000   -1.700000  354.924498   -0.675360   -2.205573  122.195   5.3180  1305.2   386.6   1.80286   1.58242
2252   27.870000   -1.700000  353.959822   -0.685984   -2.232532  122.195   5.3180  1305.2   386.6   1.78843   1.57298
2253   27.870000   -1.700000  353.020058   -0.691878   -2.253092  122.195   5.3180  1305.2   386.7   1.77434   1.56353
2254   27.870000   -1.700000  352.153085   -0.688314   -2.262851  122.195   5.3180  1305.2   386.7   1.76132   1.55417
2255   27.870000   -1.700000  351.403372   -0.678215   -2.258146  122.195   5.3180  1305.2   386.8   1.75004   1.54505
2256   27.870000   -1.700000  350.762381   -0.675058   -2.243907  122.195   5.3180  1305.2   386.9   1.74040   1.53628
2257   27.870000   -1.700000  350.104830   -0.690403   -2.234876  122.195   5.3180  1305.2   386.9   1.73048   1.52778
2258   27.870000   -1.700000  349.315606   -0.717584   -2.243544  122.195   5.3180  1305.2   387.0   1.71853   1.51928
2259   27.870000   -1.700000  348.406295   -0.738259   -2.267225  122.195   5.3180  1305.2   387.1   1.70472   1.51058
2260   27.870000   -1.700000  347.504703   -0.750591   -2.294523  122.195   5.3180  1305.2   387.1   1.69099   1.50171
2261   27.870000   -1.700000  346.609943   -0.764854   -2.320840  122.195   5.3180  1305.2   387.2   1.67732   1.49274
2262   27.870000   -1.700000  345.696658   -0.778496   -2.346495  122.195   5.3180  1305.2   387.2   1.66334   1.48365
2263   27.870000   -1.700000  344.800399   -0.789326   -2.369848  122.195   5.3180  1305.2   387.3   1.64958   1.47450
2264   27.870000   -1.700000  343.919340   -0.799809   -2.389983  122.195   5.3180  1305.2   387.4   1.63602   1.46532
2265   27.870000   -1.700000  343.051947   -0.809982   -2.407476  122.195   5.3180  1305.2   387.4   1.62264   1.45612
2266   27.870000   -1.700000  342.196970   -0.819870   -2.422862  122.195   5.3180  1305.2   387.5   1.60941   1.44693
2267   27.870000   -1.700000  341.353405   -0.829495   -2.436592  122.195   5.3180  1305.2   387.5   1.59634   1.43776
2268   27.870000   -1.700000  340.520446   -0.838874   -2.449017  122.195   5.3180  1305.2   387.6   1.58339   1.42860
2269   27.870000   -1.700000  339.697437   -0.848022   -2.460408  122.195   5.3180  1305.2   387.6   1.57057   1.41947
2270   27.870000   -1.700000  338.883841   -0.856953   -2.470963  122.195   5.3180  1305.2   387.7   1.55787   1.41038
2271   27.870000   -1.700000  338.079203   -0.865682   -2.480827  122.195   5.3180  1305.2   387.8   1.54527   1.40131
2272   27.870000   -1.700000  337.283135   -0.874220   -2.490107  122.195   5.3180  1305.2   387.8   1.53279   1.39228
2273   27.870000   -1.700000  336.495296   -0.882581   -2.498881  122.195   5.3180  1305.2   387.9   1.52040   1.38328
2274   27.870000   -1.700000  335.715382   -0.890775   -2.507207  122.195   5.3180  1305.2   387.9   1.50811   1.37432
2275   27.870000   -1.700000  334.943118   -0.898813   -2.515129  122.195   5.3180  1305.2   388.0   1.49591   1.36540
2276   27.870000   -1.700000  334.178250   -0.906705   -2.522681  122.195   5.3180  1305.2   388.0   1.48380   1.35651
2277   27.870000   -1.700000  333.420545   -0.914460   -2.529889  122.195   5.3180  1305.2   388.1   1.47178   1.34766
2278   27.870000   -1.700000  332.669785   -0.922087   -2.536777  122.195   5.3180  1305.2   388.1   1.45984   1.33885
2279   27.870000   -1.700000  331.925765   -0.929594   -2.543364  122.195   5.3180  1305.2   388.2   1.44798   1.33008
2280   27.870000   -1.700000  331.188291   -0.936987   -2.549665  122.195   5.3180  1305.2   388.2   1.43620   1.32134
2281   27.870000   -1.700000  330.457181   -0.944274   -2.555697  122.195   5.3180  1305.2   388.3   1.42450   1.31265
2282   27.870000   -1.700000  329.732263   -0.951461   -2.561471  122.195   5.3180  1305.2   388.3   1.41287   1.30399
2283   27.870000   -1.700000  329.013373   -0.958553   -2.567001  122.195   5.3180  1305.2   388.4   1.40131   1.29536
2284   27.870000   -1.700000  328.300355   -0.965556   -2.572298  122.195   5.3180  1305.2   388.4   1.38982   1.28677
2285   27.870000   -1.700000  327.593061   -0.972475   -2.577372  122.195   5.3180  1305.2   388.5   1.37840   1.27822
2286   27.870000   -1.700000  326.891349   -0.979315   -2.582233  122.195   5.3180  1305.2   388.5   1.36705   1.26970
2287   27.870000   -1.700000  326.195085   -0.986078   -2.586890  122.195   5.3180  1305.2   388.6   1.35576   1.26122
2288   27.870000   -1.700000  325.504140   -0.992770   -2.591352  122.195   5.3180  1305.2   388.6   1.34453   1.25278
2289   27.870000   -1.700000  324.818392   -0.999393   -2.595626  122.195   5.3180  1305.2   388.7   1.33336   1.24436
2290   27.870000   -1.700000  324.137721   -1.005952   -2.599722  122.195   5.3180  1305.2   388.7   1.32226   1.23598
2291   27.870000   -1.700000  323.462016   -1.012448   -2.603644  122.195   5.3180  1305.2   388.8   1.31121   1.22764
2292   27.870000   -1.700000  322.791169   -1.018886   -2.607401  122.195   5.3180  1305.2   388.8   1.30022   1.21933
2293   27.870000   -1.700000  322.125075   -1.025266   -2.610999  122.195   5.3180  1305.2   388.8   1.28928   1.21104
2294   27.870000   -1.700000  321.463635   -1.031593   -2.614444  122.195   5.3180  1305.2   388.9   1.27840   1.20280
2295   27.870000   -1.700000  320.806753   -1.037868   -2.617741  122.195   5.3180  1305.2   388.9   1.26757   1.19458
2296   27.870000   -1.700000  320.154337   -1.044092   -2.620897  122.195   5.3180  1305.2   389.0   1.25679   1.18639
2297   27.870000   -1.700000  319.506299   -1.050269   -2.623915  122.195   5.3180  1305.2   389.0   1.24607   1.17824
2298   27.870000   -1.700000  318.862552   -1.056400   -2.626801  122.195   5.3180  1305.2   389.1   1.23539   1.17011
2299   27.870000   -1.700000  318.223014   -1.062486   -2.629560  122.195   5.3180  1305.2   389.1   1.22476   1.16201
2300   27.870000   -1.700000  317.587605   -1.068529   -2.632196  122.195   5.3180  1305.2   389.1   1.21418   1.15395
2301   27.870000   -1.700000  316.956250   -1.074531   -2.634713  122.195   5.3180  1305.2   389.2   1.20365   1.14591
2302   27.870000   -1.700000  316.328873   -1.080493   -2.637115  122.195   5.3180  1305.2   389.2   1.19316   1.13790
2303   27.870000   -1.700000  315.705402   -1.086415   -2.639406  122.195   5.3180  1305.2   389.3   1.18272   1.12991
2304   27.870000   -1.700000  315.085769   -1.092300   -2.641590  122.195   5.3180  1305.2   389.3   1.17232   1.12196
2305   27.870000   -1.700000  314.469905   -1.098149   -2.643670  122.195   5.3180  1305.2   389.4   1.16196   1.11403
2306   27.870000   -1.700000  313.857745   -1.103961   -2.645648  122.195   5.3180  1305.2   389.4   1.15165   1.10613
2307   27.870000   -1.700000  313.249227   -1.109740   -2.647530  122.195   5.3180  1305.2   389.4   1.14138   1.09825
2308   27.870000   -1.700000  312.644289   -1.115484   -2.649316  122.195   5.3180  1305.2   389.5   1.13115   1.09040
2309   27.870000   -1.700000  312.042871   -1.121196   -2.651011  122.195   5.3180  1305.2   389.5   1.12095   1.08258
2310   27.870000   -1.700000  311.444915   -1.126876   -2.652617  122.195   5.3180  1305.2   389.6   1.11080   1.07478
2311   27.870000   -1.700000  310.850366   -1.132525   -2.654137  122.195   5.3180  1305.2   389.6   1.10069   1.06700
2312   27.870000   -1.700000  310.259169   -1.138143   -2.655573  122.195   5.3180  1305.2   389.6   1.09061   1.05925
2313   27.870000   -1.700000  309.671270   -1.143732   -2.656928  122.195   5.3180  1305.2   389.7   1.08057   1.05153
2314   27.870000   -1.700000  309.086619   -1.149291   -2.658204  122.195   5.3180  1305.2   389.7   1.07057   1.04383
2315   27.870000   -1.700000  308.505165   -1.154822   -2.659404  122.195   5.3180  1305.2   389.7   1.06061   1.03615
2316   27.870000   -1.700000  307.926859   -1.160325   -2.660528  122.195   5.3180  1305.2   389.8   1.05068   1.02849
2317   27.870000   -1.700000  307.351653   -1.165801   -2.661581  122.195   5.3180  1305.2   389.8   1.04078   1.02086
2318   27.870000   -1.700000  306.779502   -1.171250   -2.662563  122.195   5.3180  1305.2   389.8   1.03092   1.01325
2319   27.870000   -1.700000  306.210359   -1.176673   -2.663477  122.195   5.3180  1305.2   389.9   1.02109   1.00566
2320   27.870000   -1.700000  305.644181   -1.182070   -2.664324  122.195   5.3180  1305.2   389.9   1.01130   0.99809
2321   27.870000   -1.700000  305.080926   -1.187441   -2.665107  122.195   5.3180  1305.2   390.0   1.00154   0.99054
2322   27.870000   -1.700000  304.520550   -1.192788   -2.665827  122.195   5.3180  1305.2   390.0   0.99181   0.98302
2323   27.870000   -1.700000  303.963014   -1.198111   -2.666485  122.195   5.3180  1305.2   390.0   0.98211   0.97552
2324   27.870000   -1.700000  303.408277   -1.203409   -2.667084  122.195   5.3180  1305.2   390.1   0.97244   0.96803
2325   27.870000   -1.700000  302.856300   -1.208684   -2.667625  122.195   5.3180  1305.2   390.1   0.96281   0.96057
2326   27.870000   -1.700000  302.307046   -1.213936   -2.668109  122.195   5.3180  1305.2   390.1   0.95320   0.95313
2327   27.870000   -1.700000  301.760477   -1.219165   -2.668538  122.195   5.3180  1305.2   390.2   0.94362   0.94570
2328   27.870000   -1.700000  301.216557   -1.224371   -2.668914  122.195   5.3180  1305.2   390.2   0.93408   0.93830
2329   27.870000   -1.700000  300.675251   -1.229556   -2.669238  122.195   5.3180  1305.2   390.2   0.92456   0.93092
2330   27.870000   -1.700000  300.136524   -1.234718   -2.669510  122.195   5.3180  1305.2   390.2   0.91507   0.92355
2331   27.870000   -1.700000  299.600342   -1.239859   -2.669734  122.195   5.3180  1305.2   390.3   0.90561   0.91620
2332   27.870000   -1.700000  299.066673   -1.244979   -2.669909  122.195   5.3180  1305.2   390.3   0.89617   0.90888
2333   27.870000   -1.700000  298.535483   -1.250079   -2.670037  122.195   5.3180  1305.2   390.3   0.88676   0.90157
2334   27.870000   -1.700000  298.006741   -1.255157   -2.670119  122.195   5.3180  1305.2   390.4   0.87738   0.89428
2335   27.870000   -1.700000  297.480417   -1.260216   -2.670157  122.195   5.3180  1305.2   390.4   0.86803   0.88700
2336   27.870000   -1.700000  296.956479   -1.265254   -2.670151  122.195   5.3180  1305.2   390.4   0.85870   0.87975
2337   27.870000   -1.700000  296.434900   -1.270273   -2.670103  122.195   5.3180  1305.2   390.5   0.84940   0.87251
2338   27.870000   -1.700000  295.915648   -1.275272   -2.670013  122.195   5.3180  1305.2   390.5   0.84012   0.86529
2339   27.870000   -1.700000  295.398697   -1.280252   -2.669883  122.195   5.3180  1305.2   390.5   0.83087   0.85808
2340   27.870000   -1.700000  294.884018   -1.285213   -2.669714  122.195   5.3180  1305.2   390.6   0.82164   0.85089
2341   27.870000   -1.700000  294.371584   -1.290155   -2.669507  122.195   5.3180  1305.2   390.6   0.81244   0.84372
2342   27.870000   -1.700000  293.861369   -1.295079   -2.669262  122.195   5.3180  1305.2   390.6   0.80326   0.83657
2343   27.870000   -1.700000  293.353347   -1.299984   -2.668981  122.195   5.3180  1305.2   390.6   0.79410   0.82943
2344   27.870000   -1.700000  292.847492   -1.304872   -2.668665  122.195   5.3180  1305.2   390.7   0.78497   0.82230
2345   27.870000   -1.700000  292.343779   -1.309742   -2.668313  122.195   5.3180  1305.2   390.7   0.77586   0.81520
2346   27.870000   -1.700000  291.842184   -1.314594   -2.667928  122.195   5.3180  1305.2   390.7   0.76677   0.80810
2347   27.870000   -1.700000  291.342682   -1.319429   -2.667510  122.195   5.3180  1305.2   390.7   0.75771   0.80103
2348   27.870000   -1.700000  290.845251   -1.324246   -2.667060  122.195   5.3180  1305.2   390.8   0.74867   0.79397
2349   27.870000   -1.700000  290.349867   -1.329047   -2.666579  122.195   5.3180  1305.2   390.8   0.73965   0.78692
2350   27.870000   -1.700000  289.856508   -1.333831   -2.666067  122.195   5.3180  1305.2   390.8   0.73065   0.77989
2351   27.870000   -1.700000  289.365151   -1.338598   -2.665525  122.195   5.3180  1305.2   390.9   0.72167   0.77287
2352   27.870000   -1.700000  288.875775   -1.343349   -2.664954  122.195   5.3180  1305.2   390.9   0.71271   0.76587
2353   27.870000   -1.700000  288.388359   -1.348083   -2.664355  122.195   5.3180  1305.2   390.9   0.70378   0.75888
2354   27.870000   -1.700000  287.902882   -1.352802   -2.663729  122.195   5.3180  1305.2   390.9   0.69486   0.75191
2355   27.870000   -1.700000  287.419324   -1.357504   -2.663075  122.195   5.3180  1305.2   391.0   0.68597   0.74495
2356   27.870000   -1.700000  286.937664   -1.359706   -2.661352  122.195   5.3180  1305.2   391.0   0.67709   0.73800
2357   27.870000   -1.700000  286.481163   -1.358790   -2.656527  122.195   5.3180  1305.2   391.0   0.66867   0.73111
2358   27.870000   -1.700000  286.050200   -1.352962   -2.646187  122.195   5.3180  1305.2   391.0   0.66072   0.72431
2359   27.870000   -1.700000  285.679443   -1.341980   -2.627869  122.195   5.3180  1305.2   391.1   0.65387   0.71770
2360   27.870000   -1.700000  285.363822   -1.329351   -2.601335  122.195   5.3180  1305.2   391.1   0.64805   0.71133
2361   27.870000   -1.700000  285.099109   -1.315226   -2.568113  122.195   5.3180  1305.2   391.1   0.64317   0.70527
2362   27.870000   -1.700000  284.881816   -1.312084   -2.534692  122.195   5.3180  1305.2   391.1   0.63918   0.69953
2363   27.870000   -1.700000  284.594224   -1.321714   -2.511654  122.195   5.3180  1305.2   391.2   0.63386   0.69394
2364   27.870000   -1.700000  284.244509   -1.320973   -2.497343  122.195   5.3180  1305.2   391.2   0.62738   0.68833
2365   27.870000   -1.700000  283.954317   -1.307946   -2.479661  122.195   5.3180  1305.2   391.2   0.62200   0.68280
2366   27.870000   -1.700000  283.718617   -1.305759   -2.458740  122.195   5.3180  1305.2   391.2   0.61765   0.67748
2367   27.870000   -1.700000  283.418231   -1.316278   -2.445366  122.195   5.3180  1305.2   391.2   0.61207   0.67221
2368   27.870000   -1.700000  283.060057   -1.316289   -2.438332  122.195   5.3180  1305.2   391.3   0.60539   0.66687
2369   27.870000   -1.700000  282.764641   -1.303891   -2.426010  122.195   5.3180  1305.2   391.3   0.59990   0.66157
2370   27.870000   -1.700000  282.526126   -1.302327   -2.409003  122.195   5.3180  1305.2   391.3   0.59547   0.65645
2371   27.870000   -1.700000  282.224795   -1.313475   -2.398524  122.195   5.3180  1305.2   391.3   0.58985   0.65136
2372   27.870000   -1.700000  281.867129   -1.314009   -2.393655  122.195   5.3180  1305.2   391.4   0.58315   0.64618
2373   27.870000   -1.700000  281.573302   -1.302028   -2.382944  122.195   5.3180  1305.2   391.4   0.57766   0.64104
2374   27.870000   -1.700000  281.337208   -1.288362   -2.361920  122.195   5.3180  1305.2   391.4   0.57326   0.63607
2375   27.870000   -1.700000  281.153643   -1.273203   -2.332315  122.195   5.3180  1305.2   391.4   0.56985   0.63132
2376   27.870000   -1.700000  281.018311   -1.269230   -2.301035  122.195   5.3180  1305.2   391.4   0.56736   0.62686
2377   27.870000   -1.700000  280.813102   -1.278235   -2.279146  122.195   5.3180  1305.2   391.5   0.56353   0.62250
2378   27.870000   -1.700000  280.545843   -1.276717   -2.265269  122.195   5.3180  1305.2   391.5   0.55853   0.61810
2379   27.870000   -1.700000  280.337712   -1.262758   -2.247405  122.195   5.3180  1305.2   391.5   0.55464   0.61375
2380   27.870000   -1.700000  280.183415   -1.247243   -2.220627  122.195   5.3180  1305.2   391.5   0.55178   0.60959
2381   27.870000   -1.700000  280.078376   -1.230353   -2.186317  122.195   5.3180  1305.2   391.5   0.54985   0.60567
2382   27.870000   -1.700000  280.018777   -1.224806   -2.151133  122.195   5.3180  1305.2   391.6   0.54879   0.60204
2383   27.870000   -1.700000  279.886929   -1.232379   -2.125965  122.195   5.3180  1305.2   391.6   0.54635   0.59852
2384   27.870000   -1.700000  279.690960   -1.242079   -2.114537  122.195   5.3180  1305.2   391.6   0.54268   0.59495
2385   27.870000   -1.700000  279.437700   -1.266300   -2.119654  122.195   5.3180  1305.2   391.6   0.53792   0.59123
2386   27.870000   -1.700000  279.018235   -1.306602   -2.148750  122.195   5.3180  1305.2   391.6   0.52998   0.58711
2387   27.870000   -1.700000  278.447870   -1.339110   -2.197417  122.195   5.3180  1305.2   391.7   0.51913   0.58236
2388   27.870000   -1.700000  277.853778   -1.348964   -2.245928  122.195   5.3180  1305.2   391.7   0.50780   0.57705
2389   27.870000   -1.700000  277.350029   -1.337356   -2.274501  122.195   5.3180  1305.2   391.7   0.49819   0.57149
2390   27.870000   -1.700000  276.995734   -1.306563   -2.271114  122.195   5.3180  1305.2   391.7   0.49144   0.56602
2391   27.870000   -1.700000  276.845240   -1.262762   -2.231704  122.195   5.3180  1305.2   391.7   0.48861   0.56103
2392   27.870000   -1.700000  276.878816   -1.226059   -2.165286  122.195   5.3180  1305.2   391.7   0.48933   0.55676
2393   27.870000   -1.700000  276.966049   -1.198668   -2.088263  122.195   5.3180  1305.2   391.8   0.49109   0.55318
2394   27.870000   -1.700000  277.104758   -1.169766   -2.008860  122.195   5.3180  1305.2   391.8   0.49383   0.55023
2395   27.870000   -1.700000  277.293456   -1.152108   -1.933382  122.195   5.3180  1305.2   391.8   0.49754   0.54786
2396   27.870000   -1.700000  277.416556   -1.147419   -1.871911  122.195   5.3180  1305.2   391.8   0.49998   0.54584
2397   27.870000   -1.700000  277.483704   -1.144554   -1.827212  122.195   5.3180  1305.2   391.8   0.50134   0.54399
2398   27.870000   -1.700000  277.502786   -1.143297   -1.795912  122.195   5.3180  1305.2   391.9   0.50178   0.54220
2399   27.870000   -1.700000  277.480065   -1.143478   -1.775004  122.195   5.3180  1305.2   391.9   0.50142   0.54038
2400   27.870000   -1.700000  277.420612   -1.144959   -1.762018  122.195   5.3180  1305.2   391.9   0.50035   0.53849
2401   27.870000   -1.700000  277.328414   -1.147626   -1.755028  122.195   5.3180  1305.2   391.9   0.49865   0.53650
2402   27.870000   -1.700000  277.206716   -1.151374   -1.752586  122.195   5.3180  1305.2   391.9   0.49638   0.53438
2403   27.870000   -1.700000  277.058132   -1.143408   -1.748329  122.195   5.3180  1305.2   391.9   0.49359   0.53213
2404   27.870000   -1.700000  276.998944   -1.121993   -1.731763  122.195   5.3180  1305.2   392.0   0.49252   0.52993
2405   27.870000   -1.700000  277.019988   -1.111014   -1.704929  122.195   5.3180  1305.2   392.0   0.49299   0.52795
2406   27.870000   -1.700000  276.999271   -1.112393   -1.680495  122.195   5.3180  1305.2   392.0   0.49267   0.52609
2407   27.870000   -1.700000  276.941355   -1.102345   -1.658525  122.195   5.3180  1305.2   392.0   0.49162   0.52424
2408   27.870000   -1.700000  276.964604   -1.079035   -1.628155  122.195   5.3180  1305.2   392.0   0.49214   0.52253
2409   27.870000   -1.700000  277.061603   -1.066312   -1.590753  122.195   5.3180  1305.2   392.0   0.49408   0.52111
2410   27.870000   -1.700000  277.111746   -1.066061   -1.558280  122.195   5.3180  1305.2   392.0   0.49512   0.51985
2411   27.870000   -1.700000  277.120671   -1.061710   -1.533188  122.195   5.3180  1305.2   392.1   0.49536   0.51862
2412   27.870000   -1.700000  277.142625   -1.059587   -1.512649  122.195   5.3180  1305.2   392.1   0.49586   0.51743
2413   27.870000   -1.700000  277.111965   -1.065369   -1.499424  122.195   5.3180  1305.2   392.1   0.49534   0.51621
2414   27.870000   -1.700000  277.034103   -1.072721   -1.495119  122.195   5.3180  1305.2   392.1   0.49391   0.51486
2415   27.870000   -1.700000  276.913515   -1.094236   -1.503335  122.195   5.3180  1305.2   392.1   0.49165   0.51333
2416   27.870000   -1.700000  276.639507   -1.131505   -1.532377  122.195   5.3180  1305.2   392.1   0.48644   0.51139
2417   27.870000   -1.700000  276.225888   -1.160450   -1.578519  122.195   5.3180  1305.2   392.1   0.47852   0.50884
2418   27.870000   -1.700000  275.798494   -1.166151   -1.622472  122.195   5.3180  1305.2   392.2   0.47033   0.50576
2419   27.870000   -1.700000  275.470260   -1.157799   -1.648079  122.195   5.3180  1305.2   392.2   0.46404   0.50247
2420   27.870000   -1.700000  275.229081   -1.146702   -1.652955  122.195   5.3180  1305.2   392.2   0.45944   0.49918
2421   27.870000   -1.700000  275.064930   -1.133188   -1.641049  122.195   5.3180  1305.2   392.2   0.45632   0.49606
2422   27.870000   -1.700000  274.969732   -1.117493   -1.615957  122.195   5.3180  1305.2   392.2   0.45455   0.49318
2423   27.870000   -1.700000  274.937076   -1.099806   -1.580657  122.195   5.3180  1305.2   392.2   0.45398   0.49061
2424   27.870000   -1.700000  274.961872   -1.093114   -1.542827  122.195   5.3180  1305.2   392.2   0.45453   0.48839
2425   27.870000   -1.700000  274.925815   -1.099231   -1.514043  122.195   5.3180  1305.2   392.3   0.45390   0.48633
2426   27.870000   -1.700000  274.836442   -1.094108   -1.493015  122.195   5.3180  1305.2   392.3   0.45224   0.48429
2427   27.870000   -1.700000  274.814304   -1.075615   -1.467447  122.195   5.3180  1305.2   392.3   0.45188   0.48237
2428   27.870000   -1.700000  274.855915   -1.054674   -1.432054  122.195   5.3180  1305.2   392.3   0.45275   0.48069
2429   27.870000   -1.700000  274.958341   -1.031483   -1.387934  122.195   5.3180  1305.2   392.3   0.45481   0.47934
2430   27.870000   -1.700000  275.118958   -1.006196   -1.336290  122.195   5.3180  1305.2   392.3   0.45800   0.47836
2431   27.870000   -1.700000  275.335750   -0.978958   -1.278234  122.195   5.3180  1305.2   392.3   0.46227   0.47779
2432   27.870000   -1.700000  275.606809   -0.949904   -1.214722  122.195   5.3180  1305.2   392.3   0.46759   0.47765
2433   27.870000   -1.700000  275.930678   -0.918364   -1.146212  122.195   5.3180  1305.2   392.4   0.47393   0.47796
2434   27.870000   -1.700000  276.313025   -0.896217   -1.077681  122.195   5.3180  1305.2   392.4   0.48139   0.47876
2435   27.870000   -1.700000  276.645631   -0.885786   -1.018550  122.195   5.3180  1305.2   392.4   0.48788   0.47987
2436   27.870000   -1.700000  276.936661   -0.876772   -0.971993  122.195   5.3180  1305.2   392.4   0.49356   0.48114
2437   27.870000   -1.700000  277.192086   -0.880654   -0.940355  122.195   5.3180  1305.2   392.4   0.49855   0.48248
2438   27.870000   -1.700000  277.312440   -0.897677   -0.929831  122.195   5.3180  1305.2   392.4   0.50094   0.48364
2439   27.870000   -1.700000  277.321424   -0.917366   -0.940220  122.195   5.3180  1305.2   392.4   0.50118   0.48446
2440   27.870000   -1.700000  277.229220   -0.940366   -0.966866  122.195   5.3180  1305.2   392.4   0.49947   0.48481
2441   27.870000   -1.700000  277.044095   -0.953690   -1.001049  122.195   5.3180  1305.2   392.5   0.49598   0.48463
2442   27.870000   -1.700000  276.887139   -0.955417   -1.030332  122.195   5.3180  1305.2   392.5   0.49302   0.48409
2443   27.870000   -1.700000  276.753082   -0.956556   -1.049923  122.195   5.3180  1305.2   392.5   0.49050   0.48332
2444   27.870000   -1.700000  276.637505   -0.957228   -1.061579  122.195   5.3180  1305.2   392.5   0.48834   0.48241
2445   27.870000   -1.700000  276.536904   -0.957498   -1.067071  122.195   5.3180  1305.2   392.5   0.48647   0.48141
2446   27.870000   -1.700000  276.448594   -0.957405   -1.067938  122.195   5.3180  1305.2   392.5   0.48483   0.48037
2447   27.870000   -1.700000  276.370556   -0.956974   -1.065410  122.195   5.3180  1305.2   392.5   0.48339   0.47930
2448   27.870000   -1.700000  276.301290   -0.956226   -1.060423  122.195   5.3180  1305.2   392.5   0.48212   0.47822
2449   27.870000   -1.700000  276.239680   -0.955180   -1.053665  122.195   5.3180  1305.2   392.5   0.48100   0.47715
2450   27.870000   -1.700000  276.184890   -0.941086   -1.040307  122.195   5.3180  1305.2   392.6   0.48001   0.47609
2451   27.870000   -1.700000  276.250608   -0.912304   -1.010923  122.195   5.3180  1305.2   392.6   0.48134   0.47526
2452   27.870000   -1.700000  276.425562   -0.892902   -0.968341  122.195   5.3180  1305.2   392.6   0.48479   0.47483
2453   27.870000   -1.700000  276.586052   -0.884875   -0.925817  122.195   5.3180  1305.2   392.6   0.48796   0.47471
2454   27.870000   -1.700000  276.735183   -0.877204   -0.889127  122.195   5.3180  1305.2   392.6   0.49090   0.47479
2455   27.870000   -1.700000  276.875685   -0.882528   -0.862739  122.195   5.3180  1305.2   392.6   0.49368   0.47501
2456   27.870000   -1.700000  276.895418   -0.902458   -0.855409  122.195   5.3180  1305.2   392.6   0.49413   0.47513
2457   27.870000   -1.700000  276.806886   -0.925511   -0.868849  122.195   5.3180  1305.2   392.6   0.49249   0.47495
2458   27.870000   -1.700000  276.622394   -0.951128   -0.898739  122.195   5.3180  1305.2   392.6   0.48899   0.47435
2459   27.870000   -1.700000  276.352129   -0.966460   -0.936040  122.195   5.3180  1305.2   392.6   0.48384   0.47326
2460   27.870000   -1.700000  276.116855   -0.969550   -0.968056  122.195   5.3180  1305.2   392.7   0.47936   0.47184
2461   27.870000   -1.700000  275.913171   -0.971188   -0.989662  122.195   5.3180  1305.2   392.7   0.47549   0.47024
2462   27.870000   -1.700000  275.738327   -0.971461   -1.002245  122.195   5.3180  1305.2   392.7   0.47217   0.46855
2463   27.870000   -1.700000  275.590355   -0.970403   -1.007283  122.195   5.3180  1305.2   392.7   0.46938   0.46683
2464   27.870000   -1.700000  275.467975   -0.968048   -1.006091  122.195   5.3180  1305.2   392.7   0.46707   0.46514
2465   27.870000   -1.700000  275.370286   -0.964422   -0.999749  122.195   5.3180  1305.2   392.7   0.46524   0.46351
2466   27.870000   -1.700000  275.296840   -0.946945   -0.983846  122.195   5.3180  1305.2   392.7   0.46389   0.46196
2467   27.870000   -1.700000  275.359743   -0.901426   -0.944128  122.195   5.3180  1305.2   392.7   0.46517   0.46073
2468   27.870000   -1.700000  275.660749   -0.824903   -0.863523  122.195   5.3180  1305.2   392.7   0.47107   0.46022
2469   27.870000   -1.700000  276.293074   -0.714939   -0.728224  122.195   5.3180  1305.2   392.7   0.48337   0.46091
2470   27.870000   -1.700000  277.343159   -0.582040   -0.532659  122.195   5.3180  1305.2   392.7   0.50368   0.46337
2471   27.870000   -1.700000  278.779770   -0.438524   -0.283338  122.195   5.3180  1305.2   392.8   0.53133   0.46799
2472   27.870000   -1.700000  280.577995   -0.285935    0.008565  122.195   5.3180  1305.2   392.8   0.56571   0.47500
2473   27.870000   -1.700000  282.716318   -0.125655    0.333586  122.195   5.3180  1305.2   392.8   0.60631   0.48455
2474   27.870000   -1.700000  285.177783    0.041254    0.684090  122.195   5.3180  1305.2   392.8   0.65265   0.49671
2475   27.870000   -1.700000  287.949072    0.201765    1.049040  122.195   5.3180  1305.2   392.8   0.70434   0.51152
2476   27.870000   -1.700000  290.904541    0.341864    1.409585  122.195   5.3180  1305.2   392.8   0.75891   0.52879
2477   27.870000   -1.700000  293.930484    0.458823    1.745783  122.195   5.3180  1305.2   392.8   0.81421   0.54815
2478   27.870000   -1.700000  296.922628    0.562002    2.047144  122.195   5.3180  1305.2   392.8   0.86834   0.56911
2479   27.870000   -1.700000  299.899706    0.662165    2.315921  122.195   5.3180  1305.2   392.8   0.92166   0.59134
2480   27.870000   -1.700000  302.876548    0.759589    2.559502  122.195   5.3180  1305.2   392.8   0.97445   0.61460
2481   27.870000   -1.700000  305.864660    0.864272    2.788226  122.195   5.3180  1305.2   392.8   1.02692   0.63876
2482   27.870000   -1.700000  308.973783    0.985629    3.018033  122.195   5.3180  1305.2   392.8   1.08098   0.66386
2483   27.870000   -1.700000  312.288117    1.123811    3.264318  122.195   5.3180  1305.2   392.9   1.13800   0.69010
2484   27.870000   -1.700000  315.884767    1.270545    3.534106  122.195   5.3180  1305.2   392.9   1.19919   0.71777
2485   27.870000   -1.700000  319.734717    1.416417    3.824088  122.195   5.3180  1305.2   392.9   1.26392   0.74700
2486   27.870000   -1.700000  323.812214    1.569542    4.130744  122.195   5.3180  1305.2   392.9   1.33163   0.77785
2487   27.870000   -1.700000  328.194875    1.738892    4.458706  122.195   5.3180  1305.2   392.9   1.40345   0.81046
2488   27.870000   -1.700000  332.954644    1.924606    4.815196  122.195   5.3180  1305.2   392.9   1.48038   0.84506
2489   27.870000   -1.700000  338.154698    2.118105    5.201530  122.195   5.3180  1305.2   392.9   1.56317   0.88190
2490   27.870000   -1.700000  343.756521    2.302490    5.607157  122.195   5.3180  1305.2   392.9   1.65094   0.92112
2491   27.870000   -1.700000  349.632119    2.474259    6.015325  122.195   5.3180  1305.2   392.9   1.74147   0.96260
2492   27.870000   -1.700000  355.739469    2.642351    6.416615  122.195   5.3180  1305.2   392.9   1.83397   1.00614
2493   27.870000   -1.700000  362.094460    2.804829    6.807950  122.195   5.3180  1305.2   392.9   1.92855   1.05161
2494   27.870000   -1.700000  368.636763    2.954547    7.183685  122.195   5.3180  1305.2   392.9   2.02420   1.09884
2495   27.870000   -1.700000  375.298987    3.089798    7.536273  122.195   5.3180  1305.2   392.9   2.11988   1.14756
2496   27.870000   -1.700000  382.017414    3.208254    7.858931  122.195   5.3180  1305.2   392.9   2.21465   1.19749
2497   27.870000   -1.700000  388.709233    3.314151    8.148180  122.195   5.3180  1305.2   393.0   2.30741   1.24829
2498   27.870000   -1.700000  395.387237    3.412327    8.406190  122.195   5.3180  1305.2   393.0   2.39841   1.29969
2499   27.870000   -1.700000  402.039166    3.497237    8.634609  122.195   5.3180  1305.2   393.0   2.48753   1.35150
2500   27.870000   -1.700000  408.588260    0.000000    0.000000  122.195   5.3180  1305.2   393.0   2.57385   1.40345
