YEAR RADTTL RADANT RADAER RADCO2 RADCH4 RADN2O RADSO2 RADO3TRP RADO3STR RADrOH RADNOx RADEESC RADSF6 RADCO RADVOC RADCRBAER RADAERIND RADH20STR
2000   1.4937   1.3597  -1.4361   1.5389   0.4865   0.1557  -0.4419   0.3780  -0.1174   0.1000   0.1000   0.1000   0.0024   0.1000   0.1000  -0.1105  -0.8837   0.0194
2001   1.5353   1.4047  -1.4166   1.5582   0.4863   0.1584  -0.4331   0.3750  -0.1149   0.1000   0.1000   0.1000   0.0024   0.1000   0.1000  -0.1116  -0.8720   0.0194
2002   1.5803   1.4530  -1.3971   1.5795   0.4872   0.1613  -0.4243   0.3724  -0.1126   0.1000   0.1000   0.1000   0.0024   0.1000   0.1000  -0.1127  -0.8601   0.0194
2003   1.6280   1.5041  -1.3774   1.6011   0.4894   0.1641  -0.4154   0.3710  -0.1106   0.1000   0.1000   0.1000   0.0025   0.1000   0.1000  -0.1138  -0.8481   0.0195
2004   1.6757   1.5551  -1.3575   1.6229   0.4927   0.1671  -0.4066   0.3690  -0.1096   0.1000   0.1000   0.1000   0.0025   0.1000   0.1000  -0.1149  -0.8359   0.0197
2005   1.7274   1.6102  -1.3359   1.6449   0.4972   0.1700  -0.3971   0.3676  -0.1083   0.1000   0.1000   0.1000   0.0026   0.1000   0.1000  -0.1162  -0.8226   0.0198
2006   1.7793   1.6654  -1.3156   1.6672   0.5028   0.1731  -0.3883   0.3663  -0.1071   0.1000   0.1000   0.1000   0.0026   0.1000   0.1000  -0.1172  -0.8101   0.0201
2007   1.8315   1.7210  -1.2953   1.6898   0.5087   0.1760  -0.3795   0.3652  -0.1059   0.1000   0.1000   0.1000   0.0026   0.1000   0.1000  -0.1184  -0.7974   0.0203
2008   1.8841   1.7770  -1.2748   1.7125   0.5147   0.1789  -0.3707   0.3641  -0.1049   0.1000   0.1000   0.1000   0.0026   0.1000   0.1000  -0.1195  -0.7846   0.0205
2009   1.9371   1.8334  -1.2542   1.7353   0.5210   0.1818  -0.3619   0.3630  -0.1039   0.1000   0.1000   0.1000   0.0026   0.1000   0.1000  -0.1207  -0.7717   0.0208
2010   1.9909   1.8905  -1.2333   1.7583   0.5277   0.1846  -0.3531   0.3620  -0.1029   0.1000   0.1000   0.1000   0.0027   0.1000   0.1000  -0.1218  -0.7585   0.0211
2011   2.0452   1.9482  -1.2153   1.7820   0.5347   0.1875  -0.3450   0.3640  -0.1019   0.1000   0.1000   0.1000   0.0027   0.1000   0.1000  -0.1240  -0.7463   0.0213
2012   2.0983   2.0047  -1.1991   1.8068   0.5420   0.1903  -0.3376   0.3656  -0.1009   0.1000   0.1000   0.1000   0.0027   0.1000   0.1000  -0.1264  -0.7351   0.0216
2013   2.1523   2.0620  -1.1825   1.8327   0.5495   0.1931  -0.3303   0.3671  -0.1000   0.1000   0.1000   0.1000   0.0027   0.1000   0.1000  -0.1285  -0.7237   0.0219
2014   2.2078   2.1208  -1.1660   1.8596   0.5571   0.1959  -0.3230   0.3696  -0.0989   0.1000   0.1000   0.1000   0.0027   0.1000   0.1000  -0.1309  -0.7122   0.0222
2015   2.2629   2.1793  -1.1493   1.8875   0.5647   0.1988  -0.3156   0.3712  -0.0978   0.1000   0.1000   0.1000   0.0027   0.1000   0.1000  -0.1331  -0.7006   0.0226
2016   2.3173   2.2371  -1.1326   1.9162   0.5715   0.2016  -0.3083   0.3725  -0.0966   0.1000   0.1000   0.1000   0.0027   0.1000   0.1000  -0.1355  -0.6888   0.0228
2017   2.3690   2.2922  -1.1174   1.9457   0.5771   0.2043  -0.3017   0.3738  -0.0953   0.1000   0.1000   0.1000   0.0027   0.1000   0.1000  -0.1376  -0.6781   0.0230
2018   2.4229   2.3495  -1.0984   1.9759   0.5814   0.2070  -0.2936   0.3744  -0.0939   0.1000   0.1000   0.1000   0.0027   0.1000   0.1000  -0.1399  -0.6649   0.0232
2019   2.4747   2.4046  -1.0811   2.0070   0.5848   0.2096  -0.2863   0.3753  -0.0925   0.1000   0.1000   0.1000   0.0027   0.1000   0.1000  -0.1422  -0.6527   0.0234
2020   2.5249   2.4582  -1.0637   2.0387   0.5872   0.2120  -0.2789   0.3752  -0.0910   0.1000   0.1000   0.1000   0.0027   0.1000   0.1000  -0.1444  -0.6404   0.0235
2021   2.5703   2.5069  -1.0496   2.0708   0.5888   0.2145  -0.2730   0.3745  -0.0893   0.1000   0.1000   0.1000   0.0028   0.1000   0.1000  -0.1462  -0.6304   0.0235
2022   2.6159   2.5559  -1.0335   2.1025   0.5898   0.2168  -0.2664   0.3730  -0.0875   0.1000   0.1000   0.1000   0.0028   0.1000   0.1000  -0.1480  -0.6190   0.0236
2023   2.6565   2.5998  -1.0212   2.1334   0.5903   0.2191  -0.2613   0.3721  -0.0857   0.1000   0.1000   0.1000   0.0028   0.1000   0.1000  -0.1498  -0.6101   0.0236
2024   2.6986   2.6453  -1.0049   2.1628   0.5902   0.2212  -0.2547   0.3710  -0.0837   0.1000   0.1000   0.1000   0.0028   0.1000   0.1000  -0.1517  -0.5985   0.0236
2025   2.7358   2.6859  -0.9904   2.1900   0.5897   0.2233  -0.2488   0.3698  -0.0818   0.1000   0.1000   0.1000   0.0028   0.1000   0.1000  -0.1535  -0.5881   0.0236
2026   2.7693   2.7227  -0.9758   2.2144   0.5887   0.2254  -0.2430   0.3683  -0.0799   0.1000   0.1000   0.1000   0.0028   0.1000   0.1000  -0.1553  -0.5775   0.0235
2027   2.7984   2.7552  -0.9611   2.2355   0.5874   0.2273  -0.2371   0.3663  -0.0781   0.1000   0.1000   0.1000   0.0028   0.1000   0.1000  -0.1571  -0.5669   0.0235
2028   2.8246   2.7847  -0.9462   2.2538   0.5857   0.2292  -0.2312   0.3647  -0.0762   0.1000   0.1000   0.1000   0.0028   0.1000   0.1000  -0.1589  -0.5561   0.0234
2029   2.8495   2.8130  -0.9292   2.2699   0.5836   0.2310  -0.2246   0.3625  -0.0744   0.1000   0.1000   0.1000   0.0029   0.1000   0.1000  -0.1607  -0.5439   0.0233
2030   2.8713   2.8381  -0.9141   2.2845   0.5812   0.2327  -0.2187   0.3611  -0.0726   0.1000   0.1000   0.1000   0.0029   0.1000   0.1000  -0.1625  -0.5329   0.0232
2031   2.8907   2.8576  -0.9036   2.2984   0.5786   0.2344  -0.2143   0.3598  -0.0708   0.1000   0.1000   0.1000   0.0029   0.1000   0.1000  -0.1647  -0.5245   0.0231
2032   2.9103   2.8772  -0.8930   2.3117   0.5759   0.2360  -0.2099   0.3590  -0.0691   0.1000   0.1000   0.1000   0.0029   0.1000   0.1000  -0.1669  -0.5161   0.0230
2033   2.9286   2.8955  -0.8822   2.3242   0.5731   0.2375  -0.2055   0.3576  -0.0673   0.1000   0.1000   0.1000   0.0029   0.1000   0.1000  -0.1691  -0.5077   0.0229
2034   2.9483   2.9152  -0.8693   2.3354   0.5702   0.2391  -0.2004   0.3567  -0.0656   0.1000   0.1000   0.1000   0.0029   0.1000   0.1000  -0.1713  -0.4977   0.0228
2035   2.9639   2.9307  -0.8585   2.3451   0.5672   0.2406  -0.1960   0.3553  -0.0639   0.1000   0.1000   0.1000   0.0029   0.1000   0.1000  -0.1735  -0.4890   0.0227
2036   2.9811   2.9479  -0.8454   2.3532   0.5641   0.2420  -0.1908   0.3549  -0.0623   0.1000   0.1000   0.1000   0.0029   0.1000   0.1000  -0.1757  -0.4788   0.0225
2037   2.9932   2.9601  -0.8344   2.3594   0.5610   0.2434  -0.1864   0.3534  -0.0607   0.1000   0.1000   0.1000   0.0030   0.1000   0.1000  -0.1779  -0.4700   0.0224
2038   3.0039   2.9708  -0.8233   2.3638   0.5577   0.2448  -0.1820   0.3524  -0.0591   0.1000   0.1000   0.1000   0.0030   0.1000   0.1000  -0.1802  -0.4612   0.0223
2039   3.0119   2.9788  -0.8122   2.3660   0.5544   0.2461  -0.1776   0.3507  -0.0576   0.1000   0.1000   0.1000   0.0030   0.1000   0.1000  -0.1824  -0.4522   0.0221
2040   3.0209   2.9878  -0.7986   2.3662   0.5510   0.2474  -0.1725   0.3498  -0.0561   0.1000   0.1000   0.1000   0.0030   0.1000   0.1000  -0.1845  -0.4416   0.0220
2041   3.0188   2.9856  -0.7934   2.3642   0.5476   0.2486  -0.1703   0.3484  -0.0546   0.1000   0.1000   0.1000   0.0030   0.1000   0.1000  -0.1861  -0.4371   0.0219
2042   3.0189   2.9858  -0.7838   2.3600   0.5442   0.2499  -0.1666   0.3470  -0.0532   0.1000   0.1000   0.1000   0.0030   0.1000   0.1000  -0.1878  -0.4294   0.0217
2043   3.0136   2.9804  -0.7785   2.3538   0.5408   0.2511  -0.1644   0.3466  -0.0518   0.1000   0.1000   0.1000   0.0030   0.1000   0.1000  -0.1893  -0.4248   0.0216
2044   3.0075   2.9744  -0.7711   2.3459   0.5373   0.2522  -0.1615   0.3451  -0.0504   0.1000   0.1000   0.1000   0.0031   0.1000   0.1000  -0.1910  -0.4186   0.0214
2045   2.9982   2.9651  -0.7658   2.3364   0.5339   0.2534  -0.1593   0.3442  -0.0490   0.1000   0.1000   0.1000   0.0031   0.1000   0.1000  -0.1926  -0.4139   0.0213
2046   2.9870   2.9538  -0.7606   2.3255   0.5304   0.2545  -0.1571   0.3428  -0.0477   0.1000   0.1000   0.1000   0.0031   0.1000   0.1000  -0.1943  -0.4092   0.0212
2047   2.9775   2.9444  -0.7529   2.3136   0.5269   0.2557  -0.1541   0.3418  -0.0463   0.1000   0.1000   0.1000   0.0031   0.1000   0.1000  -0.1958  -0.4029   0.0210
2048   2.9665   2.9334  -0.7453   2.3008   0.5234   0.2567  -0.1512   0.3404  -0.0449   0.1000   0.1000   0.1000   0.0031   0.1000   0.1000  -0.1975  -0.3966   0.0209
2049   2.9549   2.9218  -0.7376   2.2874   0.5200   0.2578  -0.1483   0.3389  -0.0436   0.1000   0.1000   0.1000   0.0031   0.1000   0.1000  -0.1991  -0.3902   0.0207
2050   2.9411   2.9080  -0.7323   2.2735   0.5165   0.2589  -0.1461   0.3381  -0.0423   0.1000   0.1000   0.1000   0.0032   0.1000   0.1000  -0.2008  -0.3854   0.0206
2051   2.9249   2.8918  -0.7283   2.2593   0.5130   0.2599  -0.1446   0.3365  -0.0410   0.1000   0.1000   0.1000   0.0032   0.1000   0.1000  -0.2014  -0.3822   0.0205
2052   2.9084   2.8752  -0.7244   2.2451   0.5096   0.2609  -0.1431   0.3346  -0.0398   0.1000   0.1000   0.1000   0.0032   0.1000   0.1000  -0.2022  -0.3790   0.0203
2053   2.8932   2.8600  -0.7204   2.2316   0.5062   0.2619  -0.1417   0.3332  -0.0386   0.1000   0.1000   0.1000   0.0032   0.1000   0.1000  -0.2030  -0.3758   0.0202
2054   2.8821   2.8490  -0.7140   2.2197   0.5029   0.2629  -0.1395   0.3317  -0.0373   0.1000   0.1000   0.1000   0.0033   0.1000   0.1000  -0.2037  -0.3709   0.0201
2055   2.8711   2.8380  -0.7102   2.2102   0.4996   0.2639  -0.1380   0.3304  -0.0361   0.1000   0.1000   0.1000   0.0033   0.1000   0.1000  -0.2046  -0.3676   0.0199
2056   2.8620   2.8289  -0.7062   2.2026   0.4964   0.2648  -0.1365   0.3289  -0.0349   0.1000   0.1000   0.1000   0.0033   0.1000   0.1000  -0.2054  -0.3643   0.0198
2057   2.8544   2.8213  -0.7022   2.1957   0.4931   0.2658  -0.1351   0.3280  -0.0337   0.1000   0.1000   0.1000   0.0033   0.1000   0.1000  -0.2060  -0.3611   0.0197
2058   2.8465   2.8133  -0.6982   2.1890   0.4899   0.2667  -0.1336   0.3266  -0.0325   0.1000   0.1000   0.1000   0.0034   0.1000   0.1000  -0.2068  -0.3578   0.0195
2059   2.8391   2.8060  -0.6942   2.1828   0.4867   0.2676  -0.1321   0.3252  -0.0314   0.1000   0.1000   0.1000   0.0034   0.1000   0.1000  -0.2076  -0.3545   0.0194
2060   2.8328   2.7997  -0.6901   2.1781   0.4835   0.2685  -0.1307   0.3233  -0.0303   0.1000   0.1000   0.1000   0.0034   0.1000   0.1000  -0.2083  -0.3511   0.0193
2061   2.8262   2.7931  -0.6882   2.1748   0.4803   0.2694  -0.1299   0.3219  -0.0292   0.1000   0.1000   0.1000   0.0034   0.1000   0.1000  -0.2088  -0.3495   0.0192
2062   2.8201   2.7869  -0.6863   2.1719   0.4771   0.2703  -0.1292   0.3203  -0.0281   0.1000   0.1000   0.1000   0.0035   0.1000   0.1000  -0.2093  -0.3478   0.0190
2063   2.8141   2.7810  -0.6844   2.1692   0.4738   0.2712  -0.1285   0.3191  -0.0271   0.1000   0.1000   0.1000   0.0035   0.1000   0.1000  -0.2098  -0.3461   0.0189
2064   2.8090   2.7759  -0.6825   2.1676   0.4704   0.2721  -0.1277   0.3175  -0.0261   0.1000   0.1000   0.1000   0.0035   0.1000   0.1000  -0.2103  -0.3445   0.0188
2065   2.8026   2.7695  -0.6829   2.1671   0.4670   0.2729  -0.1277   0.3159  -0.0251   0.1000   0.1000   0.1000   0.0036   0.1000   0.1000  -0.2107  -0.3445   0.0186
2066   2.7988   2.7657  -0.6810   2.1663   0.4635   0.2738  -0.1270   0.3149  -0.0241   0.1000   0.1000   0.1000   0.0036   0.1000   0.1000  -0.2112  -0.3428   0.0185
2067   2.7937   2.7606  -0.6790   2.1649   0.4600   0.2746  -0.1262   0.3131  -0.0231   0.1000   0.1000   0.1000   0.0036   0.1000   0.1000  -0.2116  -0.3411   0.0183
2068   2.7888   2.7557  -0.6771   2.1637   0.4565   0.2755  -0.1255   0.3115  -0.0221   0.1000   0.1000   0.1000   0.0036   0.1000   0.1000  -0.2122  -0.3394   0.0182
2069   2.7843   2.7511  -0.6752   2.1628   0.4529   0.2763  -0.1248   0.3099  -0.0212   0.1000   0.1000   0.1000   0.0037   0.1000   0.1000  -0.2126  -0.3378   0.0181
2070   2.7797   2.7465  -0.6733   2.1614   0.4493   0.2771  -0.1240   0.3088  -0.0203   0.1000   0.1000   0.1000   0.0037   0.1000   0.1000  -0.2132  -0.3361   0.0179
2071   2.7740   2.7409  -0.6703   2.1598   0.4456   0.2779  -0.1233   0.3058  -0.0193   0.1000   0.1000   0.1000   0.0037   0.1000   0.1000  -0.2126  -0.3344   0.0178
2072   2.7722   2.7391  -0.6648   2.1590   0.4417   0.2787  -0.1218   0.3035  -0.0185   0.1000   0.1000   0.1000   0.0038   0.1000   0.1000  -0.2120  -0.3310   0.0176
2073   2.7662   2.7331  -0.6644   2.1594   0.4377   0.2796  -0.1218   0.3009  -0.0176   0.1000   0.1000   0.1000   0.0038   0.1000   0.1000  -0.2115  -0.3310   0.0174
2074   2.7631   2.7299  -0.6614   2.1601   0.4336   0.2804  -0.1211   0.2985  -0.0167   0.1000   0.1000   0.1000   0.0038   0.1000   0.1000  -0.2110  -0.3293   0.0173
2075   2.7601   2.7270  -0.6584   2.1612   0.4294   0.2812  -0.1204   0.2959  -0.0158   0.1000   0.1000   0.1000   0.0038   0.1000   0.1000  -0.2104  -0.3276   0.0171
2076   2.7554   2.7223  -0.6578   2.1630   0.4251   0.2820  -0.1204   0.2934  -0.0149   0.1000   0.1000   0.1000   0.0039   0.1000   0.1000  -0.2098  -0.3276   0.0169
2077   2.7522   2.7191  -0.6548   2.1645   0.4207   0.2828  -0.1196   0.2904  -0.0140   0.1000   0.1000   0.1000   0.0039   0.1000   0.1000  -0.2093  -0.3259   0.0168
2078   2.7491   2.7159  -0.6519   2.1658   0.4162   0.2836  -0.1189   0.2878  -0.0131   0.1000   0.1000   0.1000   0.0039   0.1000   0.1000  -0.2088  -0.3242   0.0166
2079   2.7439   2.7108  -0.6513   2.1673   0.4116   0.2845  -0.1189   0.2851  -0.0123   0.1000   0.1000   0.1000   0.0040   0.1000   0.1000  -0.2082  -0.3242   0.0164
2080   2.7432   2.7101  -0.6459   2.1688   0.4069   0.2853  -0.1174   0.2824  -0.0114   0.1000   0.1000   0.1000   0.0040   0.1000   0.1000  -0.2077  -0.3208   0.0162
2081   2.7388   2.7056  -0.6451   2.1710   0.4023   0.2861  -0.1174   0.2797  -0.0106   0.1000   0.1000   0.1000   0.0040   0.1000   0.1000  -0.2069  -0.3208   0.0160
2082   2.7347   2.7016  -0.6444   2.1741   0.3979   0.2869  -0.1174   0.2764  -0.0097   0.1000   0.1000   0.1000   0.0041   0.1000   0.1000  -0.2061  -0.3208   0.0158
2083   2.7337   2.7006  -0.6411   2.1766   0.3936   0.2878  -0.1167   0.2741  -0.0089   0.1000   0.1000   0.1000   0.0041   0.1000   0.1000  -0.2054  -0.3191   0.0157
2084   2.7289   2.6958  -0.6403   2.1780   0.3894   0.2886  -0.1167   0.2714  -0.0081   0.1000   0.1000   0.1000   0.0041   0.1000   0.1000  -0.2046  -0.3191   0.0155
2085   2.7266   2.6935  -0.6372   2.1786   0.3853   0.2895  -0.1160   0.2694  -0.0073   0.1000   0.1000   0.1000   0.0042   0.1000   0.1000  -0.2039  -0.3173   0.0153
2086   2.7243   2.6912  -0.6339   2.1798   0.3813   0.2904  -0.1152   0.2666  -0.0065   0.1000   0.1000   0.1000   0.0042   0.1000   0.1000  -0.2030  -0.3156   0.0152
2087   2.7201   2.6869  -0.6332   2.1817   0.3774   0.2913  -0.1152   0.2635  -0.0057   0.1000   0.1000   0.1000   0.0042   0.1000   0.1000  -0.2023  -0.3156   0.0150
2088   2.7194   2.6863  -0.6299   2.1836   0.3736   0.2922  -0.1145   0.2614  -0.0049   0.1000   0.1000   0.1000   0.0043   0.1000   0.1000  -0.2016  -0.3139   0.0149
2089   2.7153   2.6822  -0.6292   2.1849   0.3699   0.2931  -0.1145   0.2589  -0.0041   0.1000   0.1000   0.1000   0.0043   0.1000   0.1000  -0.2008  -0.3139   0.0147
2090   2.7134   2.6803  -0.6259   2.1858   0.3663   0.2941  -0.1138   0.2563  -0.0034   0.1000   0.1000   0.1000   0.0044   0.1000   0.1000  -0.2000  -0.3122   0.0146
2091   2.7100   2.6769  -0.6258   2.1865   0.3628   0.2950  -0.1138   0.2554  -0.0026   0.1000   0.1000   0.1000   0.0044   0.1000   0.1000  -0.1999  -0.3122   0.0144
2092   2.7088   2.6756  -0.6231   2.1873   0.3594   0.2959  -0.1130   0.2540  -0.0019   0.1000   0.1000   0.1000   0.0044   0.1000   0.1000  -0.1996  -0.3104   0.0143
2093   2.7052   2.6720  -0.6230   2.1880   0.3561   0.2968  -0.1130   0.2527  -0.0012   0.1000   0.1000   0.1000   0.0045   0.1000   0.1000  -0.1995  -0.3104   0.0142
2094   2.7040   2.6708  -0.6204   2.1886   0.3530   0.2977  -0.1123   0.2514  -0.0005   0.1000   0.1000   0.1000   0.0045   0.1000   0.1000  -0.1994  -0.3087   0.0141
2095   2.7003   2.6672  -0.6202   2.1888   0.3500   0.2986  -0.1123   0.2502   0.0002   0.1000   0.1000   0.1000   0.0046   0.1000   0.1000  -0.1992  -0.3087   0.0139
2096   2.6994   2.6662  -0.6176   2.1889   0.3470   0.2994  -0.1116   0.2494   0.0008   0.1000   0.1000   0.1000   0.0046   0.1000   0.1000  -0.1991  -0.3070   0.0138
2097   2.6956   2.6625  -0.6175   2.1891   0.3442   0.3002  -0.1116   0.2482   0.0014   0.1000   0.1000   0.1000   0.0046   0.1000   0.1000  -0.1990  -0.3070   0.0137
2098   2.6950   2.6619  -0.6148   2.1891   0.3414   0.3011  -0.1108   0.2476   0.0020   0.1000   0.1000   0.1000   0.0047   0.1000   0.1000  -0.1988  -0.3052   0.0136
2099   2.6904   2.6573  -0.6146   2.1887   0.3387   0.3019  -0.1108   0.2457   0.0026   0.1000   0.1000   0.1000   0.0047   0.1000   0.1000  -0.1985  -0.3052   0.0135
2100   2.6912   2.6581  -0.6096   2.1882   0.3361   0.3027  -0.1094   0.2447   0.0032   0.1000   0.1000   0.1000   0.0048   0.1000   0.1000  -0.1985  -0.3017   0.0134
2101   2.6880   2.6549  -0.6096   2.1883   0.3336   0.3034  -0.1094   0.2438   0.0038   0.1000   0.1000   0.1000   0.0048   0.1000   0.1000  -0.1985  -0.3017   0.0133
2102   2.6860   2.6529  -0.6096   2.1893   0.3313   0.3042  -0.1094   0.2429   0.0044   0.1000   0.1000   0.1000   0.0049   0.1000   0.1000  -0.1985  -0.3017   0.0132
2103   2.6841   2.6510  -0.6096   2.1902   0.3292   0.3050  -0.1094   0.2422   0.0049   0.1000   0.1000   0.1000   0.0049   0.1000   0.1000  -0.1985  -0.3017   0.0131
2104   2.6821   2.6490  -0.6096   2.1907   0.3273   0.3057  -0.1094   0.2415   0.0054   0.1000   0.1000   0.1000   0.0050   0.1000   0.1000  -0.1985  -0.3017   0.0130
2105   2.6802   2.6470  -0.6096   2.1911   0.3256   0.3065  -0.1094   0.2409   0.0059   0.1000   0.1000   0.1000   0.0050   0.1000   0.1000  -0.1985  -0.3017   0.0130
2106   2.6783   2.6451  -0.6096   2.1913   0.3239   0.3072  -0.1094   0.2403   0.0064   0.1000   0.1000   0.1000   0.0051   0.1000   0.1000  -0.1985  -0.3017   0.0129
2107   2.6764   2.6433  -0.6096   2.1914   0.3225   0.3080  -0.1094   0.2397   0.0069   0.1000   0.1000   0.1000   0.0051   0.1000   0.1000  -0.1985  -0.3017   0.0128
2108   2.6746   2.6414  -0.6096   2.1913   0.3211   0.3087  -0.1094   0.2392   0.0074   0.1000   0.1000   0.1000   0.0051   0.1000   0.1000  -0.1985  -0.3017   0.0128
2109   2.6728   2.6396  -0.6096   2.1911   0.3199   0.3094  -0.1094   0.2388   0.0078   0.1000   0.1000   0.1000   0.0052   0.1000   0.1000  -0.1985  -0.3017   0.0127
2110   2.6710   2.6379  -0.6096   2.1908   0.3187   0.3101  -0.1094   0.2384   0.0083   0.1000   0.1000   0.1000   0.0052   0.1000   0.1000  -0.1985  -0.3017   0.0127
2111   2.6692   2.6361  -0.6096   2.1904   0.3177   0.3108  -0.1094   0.2380   0.0087   0.1000   0.1000   0.1000   0.0053   0.1000   0.1000  -0.1985  -0.3017   0.0126
2112   2.6675   2.6344  -0.6096   2.1899   0.3167   0.3115  -0.1094   0.2376   0.0091   0.1000   0.1000   0.1000   0.0053   0.1000   0.1000  -0.1985  -0.3017   0.0126
2113   2.6658   2.6327  -0.6096   2.1893   0.3158   0.3122  -0.1094   0.2373   0.0095   0.1000   0.1000   0.1000   0.0054   0.1000   0.1000  -0.1985  -0.3017   0.0126
2114   2.6641   2.6310  -0.6096   2.1886   0.3150   0.3129  -0.1094   0.2370   0.0099   0.1000   0.1000   0.1000   0.0054   0.1000   0.1000  -0.1985  -0.3017   0.0125
2115   2.6625   2.6294  -0.6096   2.1879   0.3143   0.3136  -0.1094   0.2368   0.0103   0.1000   0.1000   0.1000   0.0055   0.1000   0.1000  -0.1985  -0.3017   0.0125
2116   2.6609   2.6277  -0.6096   2.1871   0.3136   0.3143  -0.1094   0.2365   0.0107   0.1000   0.1000   0.1000   0.0055   0.1000   0.1000  -0.1985  -0.3017   0.0125
2117   2.6593   2.6261  -0.6096   2.1863   0.3130   0.3149  -0.1094   0.2363   0.0111   0.1000   0.1000   0.1000   0.0055   0.1000   0.1000  -0.1985  -0.3017   0.0125
2118   2.6577   2.6246  -0.6096   2.1854   0.3125   0.3156  -0.1094   0.2361   0.0115   0.1000   0.1000   0.1000   0.0056   0.1000   0.1000  -0.1985  -0.3017   0.0124
2119   2.6562   2.6230  -0.6096   2.1844   0.3119   0.3163  -0.1094   0.2359   0.0118   0.1000   0.1000   0.1000   0.0056   0.1000   0.1000  -0.1985  -0.3017   0.0124
2120   2.6546   2.6215  -0.6096   2.1834   0.3115   0.3169  -0.1094   0.2357   0.0122   0.1000   0.1000   0.1000   0.0057   0.1000   0.1000  -0.1985  -0.3017   0.0124
2121   2.6531   2.6200  -0.6096   2.1824   0.3110   0.3175  -0.1094   0.2355   0.0125   0.1000   0.1000   0.1000   0.0057   0.1000   0.1000  -0.1985  -0.3017   0.0124
2122   2.6516   2.6185  -0.6096   2.1814   0.3106   0.3182  -0.1094   0.2354   0.0129   0.1000   0.1000   0.1000   0.0058   0.1000   0.1000  -0.1985  -0.3017   0.0124
2123   2.6502   2.6170  -0.6096   2.1803   0.3103   0.3188  -0.1094   0.2353   0.0132   0.1000   0.1000   0.1000   0.0058   0.1000   0.1000  -0.1985  -0.3017   0.0123
2124   2.6487   2.6156  -0.6096   2.1792   0.3099   0.3194  -0.1094   0.2351   0.0135   0.1000   0.1000   0.1000   0.0059   0.1000   0.1000  -0.1985  -0.3017   0.0123
2125   2.6473   2.6142  -0.6096   2.1781   0.3096   0.3201  -0.1094   0.2350   0.0138   0.1000   0.1000   0.1000   0.0059   0.1000   0.1000  -0.1985  -0.3017   0.0123
2126   2.6459   2.6127  -0.6096   2.1770   0.3093   0.3207  -0.1094   0.2349   0.0141   0.1000   0.1000   0.1000   0.0059   0.1000   0.1000  -0.1985  -0.3017   0.0123
2127   2.6445   2.6114  -0.6096   2.1758   0.3091   0.3213  -0.1094   0.2348   0.0145   0.1000   0.1000   0.1000   0.0060   0.1000   0.1000  -0.1985  -0.3017   0.0123
2128   2.6431   2.6100  -0.6096   2.1746   0.3089   0.3219  -0.1094   0.2348   0.0148   0.1000   0.1000   0.1000   0.0060   0.1000   0.1000  -0.1985  -0.3017   0.0123
2129   2.6418   2.6086  -0.6096   2.1735   0.3086   0.3225  -0.1094   0.2347   0.0151   0.1000   0.1000   0.1000   0.0061   0.1000   0.1000  -0.1985  -0.3017   0.0123
2130   2.6404   2.6073  -0.6096   2.1723   0.3084   0.3231  -0.1094   0.2346   0.0154   0.1000   0.1000   0.1000   0.0061   0.1000   0.1000  -0.1985  -0.3017   0.0123
2131   2.6391   2.6060  -0.6096   2.1711   0.3083   0.3237  -0.1094   0.2345   0.0156   0.1000   0.1000   0.1000   0.0062   0.1000   0.1000  -0.1985  -0.3017   0.0123
2132   2.6378   2.6047  -0.6096   2.1699   0.3081   0.3242  -0.1094   0.2345   0.0159   0.1000   0.1000   0.1000   0.0062   0.1000   0.1000  -0.1985  -0.3017   0.0123
2133   2.6365   2.6034  -0.6096   2.1687   0.3079   0.3248  -0.1094   0.2344   0.0162   0.1000   0.1000   0.1000   0.0063   0.1000   0.1000  -0.1985  -0.3017   0.0122
2134   2.6353   2.6021  -0.6096   2.1675   0.3078   0.3254  -0.1094   0.2344   0.0165   0.1000   0.1000   0.1000   0.0063   0.1000   0.1000  -0.1985  -0.3017   0.0122
2135   2.6340   2.6009  -0.6096   2.1663   0.3077   0.3259  -0.1094   0.2343   0.0167   0.1000   0.1000   0.1000   0.0064   0.1000   0.1000  -0.1985  -0.3017   0.0122
2136   2.6328   2.5997  -0.6096   2.1651   0.3076   0.3265  -0.1094   0.2343   0.0170   0.1000   0.1000   0.1000   0.0064   0.1000   0.1000  -0.1985  -0.3017   0.0122
2137   2.6316   2.5984  -0.6096   2.1639   0.3075   0.3271  -0.1094   0.2342   0.0173   0.1000   0.1000   0.1000   0.0064   0.1000   0.1000  -0.1985  -0.3017   0.0122
2138   2.6304   2.5972  -0.6096   2.1627   0.3074   0.3276  -0.1094   0.2342   0.0175   0.1000   0.1000   0.1000   0.0065   0.1000   0.1000  -0.1985  -0.3017   0.0122
2139   2.6292   2.5960  -0.6096   2.1615   0.3073   0.3281  -0.1094   0.2342   0.0178   0.1000   0.1000   0.1000   0.0065   0.1000   0.1000  -0.1985  -0.3017   0.0122
2140   2.6280   2.5949  -0.6096   2.1603   0.3072   0.3287  -0.1094   0.2341   0.0180   0.1000   0.1000   0.1000   0.0066   0.1000   0.1000  -0.1985  -0.3017   0.0122
2141   2.6268   2.5937  -0.6096   2.1591   0.3071   0.3292  -0.1094   0.2341   0.0183   0.1000   0.1000   0.1000   0.0066   0.1000   0.1000  -0.1985  -0.3017   0.0122
2142   2.6257   2.5925  -0.6096   2.1580   0.3070   0.3297  -0.1094   0.2341   0.0185   0.1000   0.1000   0.1000   0.0067   0.1000   0.1000  -0.1985  -0.3017   0.0122
2143   2.6245   2.5914  -0.6096   2.1568   0.3070   0.3303  -0.1094   0.2341   0.0187   0.1000   0.1000   0.1000   0.0067   0.1000   0.1000  -0.1985  -0.3017   0.0122
2144   2.6234   2.5903  -0.6096   2.1556   0.3069   0.3308  -0.1094   0.2340   0.0190   0.1000   0.1000   0.1000   0.0068   0.1000   0.1000  -0.1985  -0.3017   0.0122
2145   2.6223   2.5892  -0.6096   2.1544   0.3069   0.3313  -0.1094   0.2340   0.0192   0.1000   0.1000   0.1000   0.0068   0.1000   0.1000  -0.1985  -0.3017   0.0122
2146   2.6212   2.5881  -0.6096   2.1533   0.3068   0.3318  -0.1094   0.2340   0.0194   0.1000   0.1000   0.1000   0.0068   0.1000   0.1000  -0.1985  -0.3017   0.0122
2147   2.6201   2.5870  -0.6096   2.1521   0.3068   0.3323  -0.1094   0.2340   0.0197   0.1000   0.1000   0.1000   0.0069   0.1000   0.1000  -0.1985  -0.3017   0.0122
2148   2.6191   2.5859  -0.6096   2.1510   0.3067   0.3328  -0.1094   0.2340   0.0199   0.1000   0.1000   0.1000   0.0069   0.1000   0.1000  -0.1985  -0.3017   0.0122
2149   2.6180   2.5849  -0.6096   2.1498   0.3067   0.3333  -0.1094   0.2340   0.0201   0.1000   0.1000   0.1000   0.0070   0.1000   0.1000  -0.1985  -0.3017   0.0122
2150   2.6169   2.5838  -0.6096   2.1487   0.3067   0.3338  -0.1094   0.2340   0.0203   0.1000   0.1000   0.1000   0.0070   0.1000   0.1000  -0.1985  -0.3017   0.0122
2151   2.6159   2.5828  -0.6096   2.1476   0.3066   0.3343  -0.1094   0.2339   0.0205   0.1000   0.1000   0.1000   0.0071   0.1000   0.1000  -0.1985  -0.3017   0.0122
2152   2.6149   2.5817  -0.6096   2.1465   0.3066   0.3347  -0.1094   0.2339   0.0207   0.1000   0.1000   0.1000   0.0071   0.1000   0.1000  -0.1985  -0.3017   0.0122
2153   2.6139   2.5807  -0.6096   2.1453   0.3066   0.3352  -0.1094   0.2339   0.0209   0.1000   0.1000   0.1000   0.0072   0.1000   0.1000  -0.1985  -0.3017   0.0122
2154   2.6129   2.5797  -0.6096   2.1442   0.3066   0.3357  -0.1094   0.2339   0.0211   0.1000   0.1000   0.1000   0.0072   0.1000   0.1000  -0.1985  -0.3017   0.0122
2155   2.6119   2.5787  -0.6096   2.1431   0.3065   0.3362  -0.1094   0.2339   0.0213   0.1000   0.1000   0.1000   0.0072   0.1000   0.1000  -0.1985  -0.3017   0.0122
2156   2.6109   2.5777  -0.6096   2.1421   0.3065   0.3366  -0.1094   0.2339   0.0215   0.1000   0.1000   0.1000   0.0073   0.1000   0.1000  -0.1985  -0.3017   0.0122
2157   2.6099   2.5768  -0.6096   2.1410   0.3065   0.3371  -0.1094   0.2339   0.0217   0.1000   0.1000   0.1000   0.0073   0.1000   0.1000  -0.1985  -0.3017   0.0122
2158   2.6089   2.5758  -0.6096   2.1399   0.3065   0.3375  -0.1094   0.2339   0.0219   0.1000   0.1000   0.1000   0.0074   0.1000   0.1000  -0.1985  -0.3017   0.0122
2159   2.6080   2.5749  -0.6096   2.1388   0.3065   0.3380  -0.1094   0.2339   0.0221   0.1000   0.1000   0.1000   0.0074   0.1000   0.1000  -0.1985  -0.3017   0.0122
2160   2.6070   2.5739  -0.6096   2.1378   0.3065   0.3384  -0.1094   0.2339   0.0223   0.1000   0.1000   0.1000   0.0075   0.1000   0.1000  -0.1985  -0.3017   0.0122
2161   2.6061   2.5730  -0.6096   2.1367   0.3065   0.3389  -0.1094   0.2339   0.0224   0.1000   0.1000   0.1000   0.0075   0.1000   0.1000  -0.1985  -0.3017   0.0122
2162   2.6052   2.5720  -0.6096   2.1357   0.3064   0.3393  -0.1094   0.2339   0.0226   0.1000   0.1000   0.1000   0.0076   0.1000   0.1000  -0.1985  -0.3017   0.0122
2163   2.6043   2.5711  -0.6096   2.1347   0.3064   0.3397  -0.1094   0.2339   0.0228   0.1000   0.1000   0.1000   0.0076   0.1000   0.1000  -0.1985  -0.3017   0.0122
2164   2.6034   2.5702  -0.6096   2.1337   0.3064   0.3402  -0.1094   0.2339   0.0230   0.1000   0.1000   0.1000   0.0076   0.1000   0.1000  -0.1985  -0.3017   0.0122
2165   2.6025   2.5693  -0.6096   2.1326   0.3064   0.3406  -0.1094   0.2339   0.0231   0.1000   0.1000   0.1000   0.0077   0.1000   0.1000  -0.1985  -0.3017   0.0122
2166   2.6016   2.5684  -0.6096   2.1316   0.3064   0.3410  -0.1094   0.2338   0.0233   0.1000   0.1000   0.1000   0.0077   0.1000   0.1000  -0.1985  -0.3017   0.0122
2167   2.6007   2.5676  -0.6096   2.1306   0.3064   0.3414  -0.1094   0.2338   0.0235   0.1000   0.1000   0.1000   0.0078   0.1000   0.1000  -0.1985  -0.3017   0.0122
2168   2.5998   2.5667  -0.6096   2.1296   0.3064   0.3418  -0.1094   0.2338   0.0236   0.1000   0.1000   0.1000   0.0078   0.1000   0.1000  -0.1985  -0.3017   0.0122
2169   2.5990   2.5658  -0.6096   2.1287   0.3064   0.3423  -0.1094   0.2338   0.0238   0.1000   0.1000   0.1000   0.0079   0.1000   0.1000  -0.1985  -0.3017   0.0122
2170   2.5981   2.5650  -0.6096   2.1277   0.3064   0.3427  -0.1094   0.2338   0.0240   0.1000   0.1000   0.1000   0.0079   0.1000   0.1000  -0.1985  -0.3017   0.0122
2171   2.5973   2.5641  -0.6096   2.1267   0.3064   0.3431  -0.1094   0.2338   0.0241   0.1000   0.1000   0.1000   0.0079   0.1000   0.1000  -0.1985  -0.3017   0.0122
2172   2.5964   2.5633  -0.6096   2.1258   0.3064   0.3435  -0.1094   0.2338   0.0243   0.1000   0.1000   0.1000   0.0080   0.1000   0.1000  -0.1985  -0.3017   0.0122
2173   2.5956   2.5624  -0.6096   2.1248   0.3064   0.3439  -0.1094   0.2338   0.0244   0.1000   0.1000   0.1000   0.0080   0.1000   0.1000  -0.1985  -0.3017   0.0122
2174   2.5948   2.5616  -0.6096   2.1239   0.3064   0.3442  -0.1094   0.2338   0.0246   0.1000   0.1000   0.1000   0.0081   0.1000   0.1000  -0.1985  -0.3017   0.0122
2175   2.5939   2.5608  -0.6096   2.1229   0.3064   0.3446  -0.1094   0.2338   0.0247   0.1000   0.1000   0.1000   0.0081   0.1000   0.1000  -0.1985  -0.3017   0.0122
2176   2.5931   2.5600  -0.6096   2.1220   0.3064   0.3450  -0.1094   0.2338   0.0249   0.1000   0.1000   0.1000   0.0082   0.1000   0.1000  -0.1985  -0.3017   0.0122
2177   2.5923   2.5592  -0.6096   2.1211   0.3063   0.3454  -0.1094   0.2338   0.0250   0.1000   0.1000   0.1000   0.0082   0.1000   0.1000  -0.1985  -0.3017   0.0122
2178   2.5915   2.5584  -0.6096   2.1201   0.3063   0.3458  -0.1094   0.2338   0.0252   0.1000   0.1000   0.1000   0.0083   0.1000   0.1000  -0.1985  -0.3017   0.0122
2179   2.5907   2.5576  -0.6096   2.1192   0.3063   0.3461  -0.1094   0.2338   0.0253   0.1000   0.1000   0.1000   0.0083   0.1000   0.1000  -0.1985  -0.3017   0.0122
2180   2.5900   2.5568  -0.6096   2.1183   0.3063   0.3465  -0.1094   0.2338   0.0254   0.1000   0.1000   0.1000   0.0083   0.1000   0.1000  -0.1985  -0.3017   0.0122
2181   2.5892   2.5561  -0.6096   2.1174   0.3063   0.3469  -0.1094   0.2338   0.0256   0.1000   0.1000   0.1000   0.0084   0.1000   0.1000  -0.1985  -0.3017   0.0122
2182   2.5884   2.5553  -0.6096   2.1165   0.3063   0.3472  -0.1094   0.2338   0.0257   0.1000   0.1000   0.1000   0.0084   0.1000   0.1000  -0.1985  -0.3017   0.0122
2183   2.5877   2.5545  -0.6096   2.1157   0.3063   0.3476  -0.1094   0.2338   0.0259   0.1000   0.1000   0.1000   0.0085   0.1000   0.1000  -0.1985  -0.3017   0.0122
2184   2.5869   2.5538  -0.6096   2.1148   0.3063   0.3480  -0.1094   0.2338   0.0260   0.1000   0.1000   0.1000   0.0085   0.1000   0.1000  -0.1985  -0.3017   0.0122
2185   2.5862   2.5530  -0.6096   2.1139   0.3063   0.3483  -0.1094   0.2338   0.0261   0.1000   0.1000   0.1000   0.0086   0.1000   0.1000  -0.1985  -0.3017   0.0122
2186   2.5854   2.5523  -0.6096   2.1131   0.3063   0.3487  -0.1094   0.2338   0.0262   0.1000   0.1000   0.1000   0.0086   0.1000   0.1000  -0.1985  -0.3017   0.0122
2187   2.5847   2.5516  -0.6096   2.1122   0.3063   0.3490  -0.1094   0.2338   0.0264   0.1000   0.1000   0.1000   0.0087   0.1000   0.1000  -0.1985  -0.3017   0.0122
2188   2.5840   2.5508  -0.6096   2.1114   0.3063   0.3493  -0.1094   0.2338   0.0265   0.1000   0.1000   0.1000   0.0087   0.1000   0.1000  -0.1985  -0.3017   0.0122
2189   2.5832   2.5501  -0.6096   2.1105   0.3063   0.3497  -0.1094   0.2338   0.0266   0.1000   0.1000   0.1000   0.0087   0.1000   0.1000  -0.1985  -0.3017   0.0122
2190   2.5825   2.5494  -0.6096   2.1097   0.3063   0.3500  -0.1094   0.2338   0.0267   0.1000   0.1000   0.1000   0.0088   0.1000   0.1000  -0.1985  -0.3017   0.0122
2191   2.5818   2.5487  -0.6096   2.1088   0.3063   0.3503  -0.1094   0.2338   0.0269   0.1000   0.1000   0.1000   0.0088   0.1000   0.1000  -0.1985  -0.3017   0.0122
2192   2.5811   2.5480  -0.6096   2.1080   0.3063   0.3507  -0.1094   0.2338   0.0270   0.1000   0.1000   0.1000   0.0089   0.1000   0.1000  -0.1985  -0.3017   0.0122
2193   2.5804   2.5473  -0.6096   2.1072   0.3063   0.3510  -0.1094   0.2338   0.0271   0.1000   0.1000   0.1000   0.0089   0.1000   0.1000  -0.1985  -0.3017   0.0122
2194   2.5788   2.5456  -0.6096   2.1054   0.3063   0.3513  -0.1094   0.2338   0.0272   0.1000   0.1000   0.1000   0.0090   0.1000   0.1000  -0.1985  -0.3017   0.0122
2195   2.5760   2.5429  -0.6096   2.1026   0.3063   0.3516  -0.1094   0.2338   0.0273   0.1000   0.1000   0.1000   0.0090   0.1000   0.1000  -0.1985  -0.3017   0.0122
2196   2.5735   2.5404  -0.6096   2.1000   0.3063   0.3520  -0.1094   0.2338   0.0274   0.1000   0.1000   0.1000   0.0090   0.1000   0.1000  -0.1985  -0.3017   0.0122
2197   2.5729   2.5397  -0.6096   2.0992   0.3063   0.3523  -0.1094   0.2338   0.0276   0.1000   0.1000   0.1000   0.0091   0.1000   0.1000  -0.1985  -0.3017   0.0122
2198   2.5743   2.5412  -0.6096   2.1005   0.3063   0.3526  -0.1094   0.2338   0.0277   0.1000   0.1000   0.1000   0.0091   0.1000   0.1000  -0.1985  -0.3017   0.0122
2199   2.5768   2.5437  -0.6096   2.1029   0.3063   0.3529  -0.1094   0.2338   0.0278   0.1000   0.1000   0.1000   0.0092   0.1000   0.1000  -0.1985  -0.3017   0.0122
2200   2.5786   2.5455  -0.6096   2.1046   0.3063   0.3532  -0.1094   0.2338   0.0279   0.1000   0.1000   0.1000   0.0092   0.1000   0.1000  -0.1985  -0.3017   0.0122
2201   2.5783   2.5451  -0.6096   2.1041   0.3063   0.3535  -0.1094   0.2338   0.0280   0.1000   0.1000   0.1000   0.0093   0.1000   0.1000  -0.1985  -0.3017   0.0122
2202   2.5744   2.5412  -0.6096   2.1001   0.3063   0.3538  -0.1094   0.2338   0.0281   0.1000   0.1000   0.1000   0.0093   0.1000   0.1000  -0.1985  -0.3017   0.0122
2203   2.5668   2.5337  -0.6096   2.0924   0.3063   0.3541  -0.1094   0.2338   0.0282   0.1000   0.1000   0.1000   0.0094   0.1000   0.1000  -0.1985  -0.3017   0.0122
2204   2.5555   2.5224  -0.6096   2.0810   0.3063   0.3544  -0.1094   0.2338   0.0283   0.1000   0.1000   0.1000   0.0094   0.1000   0.1000  -0.1985  -0.3017   0.0122
2205   2.5391   2.5060  -0.6096   2.0645   0.3063   0.3547  -0.1094   0.2338   0.0284   0.1000   0.1000   0.1000   0.0094   0.1000   0.1000  -0.1985  -0.3017   0.0122
2206   2.5177   2.4846  -0.6096   2.0430   0.3063   0.3550  -0.1094   0.2338   0.0285   0.1000   0.1000   0.1000   0.0095   0.1000   0.1000  -0.1985  -0.3017   0.0122
2207   2.4932   2.4601  -0.6096   2.0183   0.3063   0.3553  -0.1094   0.2338   0.0286   0.1000   0.1000   0.1000   0.0095   0.1000   0.1000  -0.1985  -0.3017   0.0122
2208   2.4672   2.4341  -0.6096   1.9922   0.3063   0.3556  -0.1094   0.2338   0.0287   0.1000   0.1000   0.1000   0.0096   0.1000   0.1000  -0.1985  -0.3017   0.0122
2209   2.4412   2.4081  -0.6096   1.9661   0.3063   0.3558  -0.1094   0.2338   0.0288   0.1000   0.1000   0.1000   0.0096   0.1000   0.1000  -0.1985  -0.3017   0.0122
2210   2.4168   2.3837  -0.6096   1.9416   0.3063   0.3561  -0.1094   0.2338   0.0289   0.1000   0.1000   0.1000   0.0097   0.1000   0.1000  -0.1985  -0.3017   0.0122
2211   2.3954   2.3623  -0.6096   1.9201   0.3063   0.3564  -0.1094   0.2338   0.0290   0.1000   0.1000   0.1000   0.0097   0.1000   0.1000  -0.1985  -0.3017   0.0122
2212   2.3768   2.3436  -0.6096   1.9013   0.3063   0.3567  -0.1094   0.2338   0.0291   0.1000   0.1000   0.1000   0.0097   0.1000   0.1000  -0.1985  -0.3017   0.0122
2213   2.3607   2.3275  -0.6096   1.8851   0.3063   0.3569  -0.1094   0.2338   0.0292   0.1000   0.1000   0.1000   0.0098   0.1000   0.1000  -0.1985  -0.3017   0.0122
2214   2.3469   2.3138  -0.6096   1.8713   0.3063   0.3572  -0.1094   0.2338   0.0293   0.1000   0.1000   0.1000   0.0098   0.1000   0.1000  -0.1985  -0.3017   0.0122
2215   2.3349   2.3018  -0.6096   1.8591   0.3063   0.3575  -0.1094   0.2338   0.0293   0.1000   0.1000   0.1000   0.0099   0.1000   0.1000  -0.1985  -0.3017   0.0122
2216   2.3240   2.2909  -0.6096   1.8481   0.3063   0.3577  -0.1094   0.2338   0.0294   0.1000   0.1000   0.1000   0.0099   0.1000   0.1000  -0.1985  -0.3017   0.0122
2217   2.3126   2.2794  -0.6096   1.8366   0.3063   0.3580  -0.1094   0.2338   0.0295   0.1000   0.1000   0.1000   0.0100   0.1000   0.1000  -0.1985  -0.3017   0.0122
2218   2.2990   2.2659  -0.6096   1.8229   0.3063   0.3583  -0.1094   0.2338   0.0296   0.1000   0.1000   0.1000   0.0100   0.1000   0.1000  -0.1985  -0.3017   0.0122
2219   2.2835   2.2503  -0.6096   1.8073   0.3063   0.3585  -0.1094   0.2338   0.0297   0.1000   0.1000   0.1000   0.0101   0.1000   0.1000  -0.1985  -0.3017   0.0122
2220   2.2678   2.2346  -0.6096   1.7914   0.3063   0.3588  -0.1094   0.2338   0.0298   0.1000   0.1000   0.1000   0.0101   0.1000   0.1000  -0.1985  -0.3017   0.0122
2221   2.2519   2.2187  -0.6096   1.7754   0.3063   0.3590  -0.1094   0.2338   0.0299   0.1000   0.1000   0.1000   0.0101   0.1000   0.1000  -0.1985  -0.3017   0.0122
2222   2.2358   2.2026  -0.6096   1.7592   0.3063   0.3593  -0.1094   0.2338   0.0299   0.1000   0.1000   0.1000   0.0102   0.1000   0.1000  -0.1985  -0.3017   0.0122
2223   2.2195   2.1863  -0.6096   1.7428   0.3063   0.3595  -0.1094   0.2338   0.0300   0.1000   0.1000   0.1000   0.0102   0.1000   0.1000  -0.1985  -0.3017   0.0122
2224   2.2030   2.1699  -0.6096   1.7262   0.3063   0.3598  -0.1094   0.2338   0.0301   0.1000   0.1000   0.1000   0.0103   0.1000   0.1000  -0.1985  -0.3017   0.0122
2225   2.1863   2.1532  -0.6096   1.7094   0.3063   0.3600  -0.1094   0.2338   0.0302   0.1000   0.1000   0.1000   0.0103   0.1000   0.1000  -0.1985  -0.3017   0.0122
2226   2.1695   2.1363  -0.6096   1.6924   0.3063   0.3602  -0.1094   0.2338   0.0303   0.1000   0.1000   0.1000   0.0104   0.1000   0.1000  -0.1985  -0.3017   0.0122
2227   2.1541   2.1209  -0.6096   1.6769   0.3063   0.3605  -0.1094   0.2338   0.0303   0.1000   0.1000   0.1000   0.0104   0.1000   0.1000  -0.1985  -0.3017   0.0122
2228   2.1400   2.1069  -0.6096   1.6628   0.3063   0.3607  -0.1094   0.2338   0.0304   0.1000   0.1000   0.1000   0.0104   0.1000   0.1000  -0.1985  -0.3017   0.0122
2229   2.1256   2.0924  -0.6096   1.6482   0.3063   0.3609  -0.1094   0.2338   0.0305   0.1000   0.1000   0.1000   0.0105   0.1000   0.1000  -0.1985  -0.3017   0.0122
2230   2.1091   2.0759  -0.6096   1.6316   0.3063   0.3612  -0.1094   0.2338   0.0306   0.1000   0.1000   0.1000   0.0105   0.1000   0.1000  -0.1985  -0.3017   0.0122
2231   2.0906   2.0575  -0.6096   1.6131   0.3063   0.3614  -0.1094   0.2338   0.0306   0.1000   0.1000   0.1000   0.0106   0.1000   0.1000  -0.1985  -0.3017   0.0122
2232   2.0720   2.0389  -0.6096   1.5944   0.3063   0.3616  -0.1094   0.2338   0.0307   0.1000   0.1000   0.1000   0.0106   0.1000   0.1000  -0.1985  -0.3017   0.0122
2233   2.0550   2.0219  -0.6096   1.5773   0.3063   0.3619  -0.1094   0.2338   0.0308   0.1000   0.1000   0.1000   0.0107   0.1000   0.1000  -0.1985  -0.3017   0.0122
2234   2.0395   2.0063  -0.6096   1.5616   0.3063   0.3621  -0.1094   0.2338   0.0308   0.1000   0.1000   0.1000   0.0107   0.1000   0.1000  -0.1985  -0.3017   0.0122
2235   2.0236   1.9904  -0.6096   1.5456   0.3063   0.3623  -0.1094   0.2338   0.0309   0.1000   0.1000   0.1000   0.0107   0.1000   0.1000  -0.1985  -0.3017   0.0122
2236   2.0073   1.9741  -0.6096   1.5292   0.3063   0.3625  -0.1094   0.2338   0.0310   0.1000   0.1000   0.1000   0.0108   0.1000   0.1000  -0.1985  -0.3017   0.0122
2237   1.9924   1.9592  -0.6096   1.5142   0.3063   0.3627  -0.1094   0.2338   0.0310   0.1000   0.1000   0.1000   0.0108   0.1000   0.1000  -0.1985  -0.3017   0.0122
2238   1.9788   1.9457  -0.6096   1.5005   0.3063   0.3629  -0.1094   0.2338   0.0311   0.1000   0.1000   0.1000   0.0109   0.1000   0.1000  -0.1985  -0.3017   0.0122
2239   1.9647   1.9316  -0.6096   1.4863   0.3063   0.3632  -0.1094   0.2338   0.0312   0.1000   0.1000   0.1000   0.0109   0.1000   0.1000  -0.1985  -0.3017   0.0122
2240   1.9502   1.9170  -0.6096   1.4716   0.3063   0.3634  -0.1094   0.2338   0.0312   0.1000   0.1000   0.1000   0.0110   0.1000   0.1000  -0.1985  -0.3017   0.0122
2241   1.9364   1.9033  -0.6096   1.4578   0.3063   0.3636  -0.1094   0.2338   0.0313   0.1000   0.1000   0.1000   0.0110   0.1000   0.1000  -0.1985  -0.3017   0.0122
2242   1.9229   1.8898  -0.6096   1.4442   0.3063   0.3638  -0.1094   0.2338   0.0314   0.1000   0.1000   0.1000   0.0110   0.1000   0.1000  -0.1985  -0.3017   0.0122
2243   1.9096   1.8765  -0.6096   1.4308   0.3063   0.3640  -0.1094   0.2338   0.0314   0.1000   0.1000   0.1000   0.0111   0.1000   0.1000  -0.1985  -0.3017   0.0122
2244   1.8966   1.8635  -0.6096   1.4177   0.3063   0.3642  -0.1094   0.2338   0.0315   0.1000   0.1000   0.1000   0.0111   0.1000   0.1000  -0.1985  -0.3017   0.0122
2245   1.8838   1.8506  -0.6096   1.4048   0.3063   0.3644  -0.1094   0.2338   0.0316   0.1000   0.1000   0.1000   0.0112   0.1000   0.1000  -0.1985  -0.3017   0.0122
2246   1.8712   1.8381  -0.6096   1.3921   0.3063   0.3646  -0.1094   0.2338   0.0316   0.1000   0.1000   0.1000   0.0112   0.1000   0.1000  -0.1985  -0.3017   0.0122
2247   1.8588   1.8257  -0.6096   1.3796   0.3063   0.3648  -0.1094   0.2338   0.0317   0.1000   0.1000   0.1000   0.0113   0.1000   0.1000  -0.1985  -0.3017   0.0122
2248   1.8466   1.8135  -0.6096   1.3673   0.3063   0.3650  -0.1094   0.2338   0.0317   0.1000   0.1000   0.1000   0.0113   0.1000   0.1000  -0.1985  -0.3017   0.0122
2249   1.8329   1.7997  -0.6096   1.3534   0.3063   0.3652  -0.1094   0.2338   0.0318   0.1000   0.1000   0.1000   0.0113   0.1000   0.1000  -0.1985  -0.3017   0.0122
2250   1.8177   1.7845  -0.6096   1.3381   0.3063   0.3654  -0.1094   0.2338   0.0319   0.1000   0.1000   0.1000   0.0114   0.1000   0.1000  -0.1985  -0.3017   0.0122
2251   1.8029   1.7697  -0.6096   1.3232   0.3063   0.3656  -0.1094   0.2338   0.0319   0.1000   0.1000   0.1000   0.0114   0.1000   0.1000  -0.1985  -0.3017   0.0122
2252   1.7884   1.7553  -0.6096   1.3087   0.3063   0.3658  -0.1094   0.2338   0.0320   0.1000   0.1000   0.1000   0.0115   0.1000   0.1000  -0.1985  -0.3017   0.0122
2253   1.7743   1.7412  -0.6096   1.2945   0.3063   0.3659  -0.1094   0.2338   0.0320   0.1000   0.1000   0.1000   0.0115   0.1000   0.1000  -0.1985  -0.3017   0.0122
2254   1.7613   1.7282  -0.6096   1.2814   0.3063   0.3661  -0.1094   0.2338   0.0321   0.1000   0.1000   0.1000   0.0116   0.1000   0.1000  -0.1985  -0.3017   0.0122
2255   1.7500   1.7169  -0.6096   1.2700   0.3063   0.3663  -0.1094   0.2338   0.0321   0.1000   0.1000   0.1000   0.0116   0.1000   0.1000  -0.1985  -0.3017   0.0122
2256   1.7404   1.7073  -0.6096   1.2602   0.3063   0.3665  -0.1094   0.2338   0.0322   0.1000   0.1000   0.1000   0.0117   0.1000   0.1000  -0.1985  -0.3017   0.0122
2257   1.7305   1.6973  -0.6096   1.2502   0.3063   0.3667  -0.1094   0.2338   0.0323   0.1000   0.1000   0.1000   0.0117   0.1000   0.1000  -0.1985  -0.3017   0.0122
2258   1.7185   1.6854  -0.6096   1.2382   0.3063   0.3668  -0.1094   0.2338   0.0323   0.1000   0.1000   0.1000   0.0117   0.1000   0.1000  -0.1985  -0.3017   0.0122
2259   1.7047   1.6716  -0.6096   1.2243   0.3063   0.3670  -0.1094   0.2338   0.0324   0.1000   0.1000   0.1000   0.0118   0.1000   0.1000  -0.1985  -0.3017   0.0122
2260   1.6910   1.6578  -0.6096   1.2104   0.3063   0.3672  -0.1094   0.2338   0.0324   0.1000   0.1000   0.1000   0.0118   0.1000   0.1000  -0.1985  -0.3017   0.0122
2261   1.6773   1.6442  -0.6096   1.1967   0.3063   0.3674  -0.1094   0.2338   0.0325   0.1000   0.1000   0.1000   0.0119   0.1000   0.1000  -0.1985  -0.3017   0.0122
2262   1.6633   1.6302  -0.6096   1.1826   0.3063   0.3675  -0.1094   0.2338   0.0325   0.1000   0.1000   0.1000   0.0119   0.1000   0.1000  -0.1985  -0.3017   0.0122
2263   1.6496   1.6164  -0.6096   1.1687   0.3063   0.3677  -0.1094   0.2338   0.0326   0.1000   0.1000   0.1000   0.0120   0.1000   0.1000  -0.1985  -0.3017   0.0122
2264   1.6360   1.6029  -0.6096   1.1551   0.3063   0.3679  -0.1094   0.2338   0.0326   0.1000   0.1000   0.1000   0.0120   0.1000   0.1000  -0.1985  -0.3017   0.0122
2265   1.6226   1.5895  -0.6096   1.1416   0.3063   0.3680  -0.1094   0.2338   0.0327   0.1000   0.1000   0.1000   0.0120   0.1000   0.1000  -0.1985  -0.3017   0.0122
2266   1.6094   1.5763  -0.6096   1.1283   0.3063   0.3682  -0.1094   0.2338   0.0327   0.1000   0.1000   0.1000   0.0121   0.1000   0.1000  -0.1985  -0.3017   0.0122
2267   1.5963   1.5632  -0.6096   1.1151   0.3063   0.3684  -0.1094   0.2338   0.0328   0.1000   0.1000   0.1000   0.0121   0.1000   0.1000  -0.1985  -0.3017   0.0122
2268   1.5834   1.5503  -0.6096   1.1021   0.3063   0.3685  -0.1094   0.2338   0.0328   0.1000   0.1000   0.1000   0.0122   0.1000   0.1000  -0.1985  -0.3017   0.0122
2269   1.5706   1.5374  -0.6096   1.0891   0.3063   0.3687  -0.1094   0.2338   0.0328   0.1000   0.1000   0.1000   0.0122   0.1000   0.1000  -0.1985  -0.3017   0.0122
2270   1.5579   1.5247  -0.6096   1.0763   0.3063   0.3689  -0.1094   0.2338   0.0329   0.1000   0.1000   0.1000   0.0123   0.1000   0.1000  -0.1985  -0.3017   0.0122
2271   1.5453   1.5121  -0.6096   1.0637   0.3063   0.3690  -0.1094   0.2338   0.0329   0.1000   0.1000   0.1000   0.0123   0.1000   0.1000  -0.1985  -0.3017   0.0122
2272   1.5328   1.4996  -0.6096   1.0511   0.3063   0.3692  -0.1094   0.2338   0.0330   0.1000   0.1000   0.1000   0.0123   0.1000   0.1000  -0.1985  -0.3017   0.0122
2273   1.5204   1.4873  -0.6096   1.0386   0.3063   0.3693  -0.1094   0.2338   0.0330   0.1000   0.1000   0.1000   0.0124   0.1000   0.1000  -0.1985  -0.3017   0.0122
2274   1.5081   1.4750  -0.6096   1.0262   0.3063   0.3695  -0.1094   0.2338   0.0331   0.1000   0.1000   0.1000   0.0124   0.1000   0.1000  -0.1985  -0.3017   0.0122
2275   1.4959   1.4628  -0.6096   1.0139   0.3063   0.3696  -0.1094   0.2338   0.0331   0.1000   0.1000   0.1000   0.0125   0.1000   0.1000  -0.1985  -0.3017   0.0122
2276   1.4838   1.4507  -0.6096   1.0017   0.3063   0.3698  -0.1094   0.2338   0.0332   0.1000   0.1000   0.1000   0.0125   0.1000   0.1000  -0.1985  -0.3017   0.0122
2277   1.4718   1.4386  -0.6096   0.9896   0.3063   0.3699  -0.1094   0.2338   0.0332   0.1000   0.1000   0.1000   0.0126   0.1000   0.1000  -0.1985  -0.3017   0.0122
2278   1.4598   1.4267  -0.6096   0.9776   0.3063   0.3701  -0.1094   0.2338   0.0332   0.1000   0.1000   0.1000   0.0126   0.1000   0.1000  -0.1985  -0.3017   0.0122
2279   1.4480   1.4148  -0.6096   0.9656   0.3063   0.3702  -0.1094   0.2338   0.0333   0.1000   0.1000   0.1000   0.0126   0.1000   0.1000  -0.1985  -0.3017   0.0122
2280   1.4362   1.4031  -0.6096   0.9537   0.3063   0.3704  -0.1094   0.2338   0.0333   0.1000   0.1000   0.1000   0.0127   0.1000   0.1000  -0.1985  -0.3017   0.0122
2281   1.4245   1.3914  -0.6096   0.9419   0.3063   0.3705  -0.1094   0.2338   0.0334   0.1000   0.1000   0.1000   0.0127   0.1000   0.1000  -0.1985  -0.3017   0.0122
2282   1.4129   1.3797  -0.6096   0.9302   0.3063   0.3707  -0.1094   0.2338   0.0334   0.1000   0.1000   0.1000   0.0128   0.1000   0.1000  -0.1985  -0.3017   0.0122
2283   1.4013   1.3682  -0.6096   0.9186   0.3063   0.3708  -0.1094   0.2338   0.0334   0.1000   0.1000   0.1000   0.0128   0.1000   0.1000  -0.1985  -0.3017   0.0122
2284   1.3898   1.3567  -0.6096   0.9070   0.3063   0.3709  -0.1094   0.2338   0.0335   0.1000   0.1000   0.1000   0.0128   0.1000   0.1000  -0.1985  -0.3017   0.0122
2285   1.3784   1.3453  -0.6096   0.8955   0.3063   0.3711  -0.1094   0.2338   0.0335   0.1000   0.1000   0.1000   0.0129   0.1000   0.1000  -0.1985  -0.3017   0.0122
2286   1.3670   1.3339  -0.6096   0.8840   0.3063   0.3712  -0.1094   0.2338   0.0336   0.1000   0.1000   0.1000   0.0129   0.1000   0.1000  -0.1985  -0.3017   0.0122
2287   1.3558   1.3226  -0.6096   0.8726   0.3063   0.3714  -0.1094   0.2338   0.0336   0.1000   0.1000   0.1000   0.0130   0.1000   0.1000  -0.1985  -0.3017   0.0122
2288   1.3445   1.3114  -0.6096   0.8613   0.3063   0.3715  -0.1094   0.2338   0.0336   0.1000   0.1000   0.1000   0.0130   0.1000   0.1000  -0.1985  -0.3017   0.0122
2289   1.3334   1.3002  -0.6096   0.8501   0.3063   0.3716  -0.1094   0.2338   0.0337   0.1000   0.1000   0.1000   0.0131   0.1000   0.1000  -0.1985  -0.3017   0.0122
2290   1.3223   1.2891  -0.6096   0.8389   0.3063   0.3718  -0.1094   0.2338   0.0337   0.1000   0.1000   0.1000   0.0131   0.1000   0.1000  -0.1985  -0.3017   0.0122
2291   1.3112   1.2781  -0.6096   0.8277   0.3063   0.3719  -0.1094   0.2338   0.0338   0.1000   0.1000   0.1000   0.0131   0.1000   0.1000  -0.1985  -0.3017   0.0122
2292   1.3002   1.2671  -0.6096   0.8166   0.3063   0.3720  -0.1094   0.2338   0.0338   0.1000   0.1000   0.1000   0.0132   0.1000   0.1000  -0.1985  -0.3017   0.0122
2293   1.2893   1.2561  -0.6096   0.8056   0.3063   0.3721  -0.1094   0.2338   0.0338   0.1000   0.1000   0.1000   0.0132   0.1000   0.1000  -0.1985  -0.3017   0.0122
2294   1.2784   1.2453  -0.6096   0.7946   0.3063   0.3723  -0.1094   0.2338   0.0339   0.1000   0.1000   0.1000   0.0133   0.1000   0.1000  -0.1985  -0.3017   0.0122
2295   1.2676   1.2344  -0.6096   0.7837   0.3063   0.3724  -0.1094   0.2338   0.0339   0.1000   0.1000   0.1000   0.0133   0.1000   0.1000  -0.1985  -0.3017   0.0122
2296   1.2568   1.2237  -0.6096   0.7729   0.3063   0.3725  -0.1094   0.2338   0.0339   0.1000   0.1000   0.1000   0.0134   0.1000   0.1000  -0.1985  -0.3017   0.0122
2297   1.2461   1.2129  -0.6096   0.7620   0.3063   0.3726  -0.1094   0.2338   0.0340   0.1000   0.1000   0.1000   0.0134   0.1000   0.1000  -0.1985  -0.3017   0.0122
2298   1.2354   1.2023  -0.6096   0.7513   0.3063   0.3728  -0.1094   0.2338   0.0340   0.1000   0.1000   0.1000   0.0134   0.1000   0.1000  -0.1985  -0.3017   0.0122
2299   1.2248   1.1916  -0.6096   0.7406   0.3063   0.3729  -0.1094   0.2338   0.0340   0.1000   0.1000   0.1000   0.0135   0.1000   0.1000  -0.1985  -0.3017   0.0122
2300   1.2142   1.1810  -0.6096   0.7299   0.3063   0.3730  -0.1094   0.2338   0.0341   0.1000   0.1000   0.1000   0.0135   0.1000   0.1000  -0.1985  -0.3017   0.0122
2301   1.2036   1.1705  -0.6096   0.7193   0.3063   0.3731  -0.1094   0.2338   0.0341   0.1000   0.1000   0.1000   0.0136   0.1000   0.1000  -0.1985  -0.3017   0.0122
2302   1.1932   1.1600  -0.6096   0.7087   0.3063   0.3733  -0.1094   0.2338   0.0341   0.1000   0.1000   0.1000   0.0136   0.1000   0.1000  -0.1985  -0.3017   0.0122
2303   1.1827   1.1496  -0.6096   0.6982   0.3063   0.3734  -0.1094   0.2338   0.0342   0.1000   0.1000   0.1000   0.0137   0.1000   0.1000  -0.1985  -0.3017   0.0122
2304   1.1723   1.1392  -0.6096   0.6877   0.3063   0.3735  -0.1094   0.2338   0.0342   0.1000   0.1000   0.1000   0.0137   0.1000   0.1000  -0.1985  -0.3017   0.0122
2305   1.1620   1.1288  -0.6096   0.6772   0.3063   0.3736  -0.1094   0.2338   0.0342   0.1000   0.1000   0.1000   0.0137   0.1000   0.1000  -0.1985  -0.3017   0.0122
2306   1.1516   1.1185  -0.6096   0.6668   0.3063   0.3737  -0.1094   0.2338   0.0343   0.1000   0.1000   0.1000   0.0138   0.1000   0.1000  -0.1985  -0.3017   0.0122
2307   1.1414   1.1082  -0.6096   0.6565   0.3063   0.3738  -0.1094   0.2338   0.0343   0.1000   0.1000   0.1000   0.0138   0.1000   0.1000  -0.1985  -0.3017   0.0122
2308   1.1311   1.0980  -0.6096   0.6462   0.3063   0.3739  -0.1094   0.2338   0.0343   0.1000   0.1000   0.1000   0.0139   0.1000   0.1000  -0.1985  -0.3017   0.0122
2309   1.1210   1.0878  -0.6096   0.6359   0.3063   0.3740  -0.1094   0.2338   0.0343   0.1000   0.1000   0.1000   0.0139   0.1000   0.1000  -0.1985  -0.3017   0.0122
2310   1.1108   1.0777  -0.6096   0.6256   0.3063   0.3742  -0.1094   0.2338   0.0344   0.1000   0.1000   0.1000   0.0140   0.1000   0.1000  -0.1985  -0.3017   0.0122
2311   1.1007   1.0675  -0.6096   0.6154   0.3063   0.3743  -0.1094   0.2338   0.0344   0.1000   0.1000   0.1000   0.0140   0.1000   0.1000  -0.1985  -0.3017   0.0122
2312   1.0906   1.0575  -0.6096   0.6053   0.3063   0.3744  -0.1094   0.2338   0.0344   0.1000   0.1000   0.1000   0.0140   0.1000   0.1000  -0.1985  -0.3017   0.0122
2313   1.0806   1.0474  -0.6096   0.5952   0.3063   0.3745  -0.1094   0.2338   0.0345   0.1000   0.1000   0.1000   0.0141   0.1000   0.1000  -0.1985  -0.3017   0.0122
2314   1.0706   1.0374  -0.6096   0.5851   0.3063   0.3746  -0.1094   0.2338   0.0345   0.1000   0.1000   0.1000   0.0141   0.1000   0.1000  -0.1985  -0.3017   0.0122
2315   1.0606   1.0275  -0.6096   0.5750   0.3063   0.3747  -0.1094   0.2338   0.0345   0.1000   0.1000   0.1000   0.0142   0.1000   0.1000  -0.1985  -0.3017   0.0122
2316   1.0507   1.0175  -0.6096   0.5650   0.3063   0.3748  -0.1094   0.2338   0.0345   0.1000   0.1000   0.1000   0.0142   0.1000   0.1000  -0.1985  -0.3017   0.0122
2317   1.0408   1.0076  -0.6096   0.5550   0.3063   0.3749  -0.1094   0.2338   0.0346   0.1000   0.1000   0.1000   0.0142   0.1000   0.1000  -0.1985  -0.3017   0.0122
2318   1.0309   0.9978  -0.6096   0.5451   0.3063   0.3750  -0.1094   0.2338   0.0346   0.1000   0.1000   0.1000   0.0143   0.1000   0.1000  -0.1985  -0.3017   0.0122
2319   1.0211   0.9880  -0.6096   0.5352   0.3063   0.3751  -0.1094   0.2338   0.0346   0.1000   0.1000   0.1000   0.0143   0.1000   0.1000  -0.1985  -0.3017   0.0122
2320   1.0113   0.9782  -0.6096   0.5253   0.3063   0.3752  -0.1094   0.2338   0.0346   0.1000   0.1000   0.1000   0.0144   0.1000   0.1000  -0.1985  -0.3017   0.0122
2321   1.0015   0.9684  -0.6096   0.5154   0.3063   0.3753  -0.1094   0.2338   0.0347   0.1000   0.1000   0.1000   0.0144   0.1000   0.1000  -0.1985  -0.3017   0.0122
2322   0.9918   0.9587  -0.6096   0.5056   0.3063   0.3754  -0.1094   0.2338   0.0347   0.1000   0.1000   0.1000   0.0145   0.1000   0.1000  -0.1985  -0.3017   0.0122
2323   0.9821   0.9490  -0.6096   0.4958   0.3063   0.3755  -0.1094   0.2338   0.0347   0.1000   0.1000   0.1000   0.0145   0.1000   0.1000  -0.1985  -0.3017   0.0122
2324   0.9724   0.9393  -0.6096   0.4861   0.3063   0.3756  -0.1094   0.2338   0.0348   0.1000   0.1000   0.1000   0.0145   0.1000   0.1000  -0.1985  -0.3017   0.0122
2325   0.9628   0.9297  -0.6096   0.4764   0.3063   0.3757  -0.1094   0.2338   0.0348   0.1000   0.1000   0.1000   0.0146   0.1000   0.1000  -0.1985  -0.3017   0.0122
2326   0.9532   0.9201  -0.6096   0.4667   0.3063   0.3758  -0.1094   0.2338   0.0348   0.1000   0.1000   0.1000   0.0146   0.1000   0.1000  -0.1985  -0.3017   0.0122
2327   0.9436   0.9105  -0.6096   0.4570   0.3063   0.3759  -0.1094   0.2338   0.0348   0.1000   0.1000   0.1000   0.0147   0.1000   0.1000  -0.1985  -0.3017   0.0122
2328   0.9341   0.9009  -0.6096   0.4474   0.3063   0.3760  -0.1094   0.2338   0.0348   0.1000   0.1000   0.1000   0.0147   0.1000   0.1000  -0.1985  -0.3017   0.0122
2329   0.9246   0.8914  -0.6096   0.4378   0.3063   0.3761  -0.1094   0.2338   0.0349   0.1000   0.1000   0.1000   0.0148   0.1000   0.1000  -0.1985  -0.3017   0.0122
2330   0.9151   0.8819  -0.6096   0.4282   0.3063   0.3762  -0.1094   0.2338   0.0349   0.1000   0.1000   0.1000   0.0148   0.1000   0.1000  -0.1985  -0.3017   0.0122
2331   0.9056   0.8725  -0.6096   0.4187   0.3063   0.3762  -0.1094   0.2338   0.0349   0.1000   0.1000   0.1000   0.0148   0.1000   0.1000  -0.1985  -0.3017   0.0122
2332   0.8962   0.8630  -0.6096   0.4092   0.3063   0.3763  -0.1094   0.2338   0.0349   0.1000   0.1000   0.1000   0.0149   0.1000   0.1000  -0.1985  -0.3017   0.0122
2333   0.8868   0.8536  -0.6096   0.3997   0.3063   0.3764  -0.1094   0.2338   0.0350   0.1000   0.1000   0.1000   0.0149   0.1000   0.1000  -0.1985  -0.3017   0.0122
2334   0.8774   0.8442  -0.6096   0.3902   0.3063   0.3765  -0.1094   0.2338   0.0350   0.1000   0.1000   0.1000   0.0150   0.1000   0.1000  -0.1985  -0.3017   0.0122
2335   0.8680   0.8349  -0.6096   0.3808   0.3063   0.3766  -0.1094   0.2338   0.0350   0.1000   0.1000   0.1000   0.0150   0.1000   0.1000  -0.1985  -0.3017   0.0122
2336   0.8587   0.8256  -0.6096   0.3714   0.3063   0.3767  -0.1094   0.2338   0.0350   0.1000   0.1000   0.1000   0.0150   0.1000   0.1000  -0.1985  -0.3017   0.0122
2337   0.8494   0.8163  -0.6096   0.3620   0.3063   0.3768  -0.1094   0.2338   0.0351   0.1000   0.1000   0.1000   0.0151   0.1000   0.1000  -0.1985  -0.3017   0.0122
2338   0.8401   0.8070  -0.6096   0.3526   0.3063   0.3769  -0.1094   0.2338   0.0351   0.1000   0.1000   0.1000   0.0151   0.1000   0.1000  -0.1985  -0.3017   0.0122
2339   0.8309   0.7977  -0.6096   0.3433   0.3063   0.3769  -0.1094   0.2338   0.0351   0.1000   0.1000   0.1000   0.0152   0.1000   0.1000  -0.1985  -0.3017   0.0122
2340   0.8216   0.7885  -0.6096   0.3340   0.3063   0.3770  -0.1094   0.2338   0.0351   0.1000   0.1000   0.1000   0.0152   0.1000   0.1000  -0.1985  -0.3017   0.0122
2341   0.8124   0.7793  -0.6096   0.3247   0.3063   0.3771  -0.1094   0.2338   0.0351   0.1000   0.1000   0.1000   0.0153   0.1000   0.1000  -0.1985  -0.3017   0.0122
2342   0.8033   0.7701  -0.6096   0.3154   0.3063   0.3772  -0.1094   0.2338   0.0352   0.1000   0.1000   0.1000   0.0153   0.1000   0.1000  -0.1985  -0.3017   0.0122
2343   0.7941   0.7610  -0.6096   0.3062   0.3063   0.3773  -0.1094   0.2338   0.0352   0.1000   0.1000   0.1000   0.0153   0.1000   0.1000  -0.1985  -0.3017   0.0122
2344   0.7850   0.7518  -0.6096   0.2970   0.3063   0.3774  -0.1094   0.2338   0.0352   0.1000   0.1000   0.1000   0.0154   0.1000   0.1000  -0.1985  -0.3017   0.0122
2345   0.7759   0.7427  -0.6096   0.2878   0.3063   0.3774  -0.1094   0.2338   0.0352   0.1000   0.1000   0.1000   0.0154   0.1000   0.1000  -0.1985  -0.3017   0.0122
2346   0.7668   0.7336  -0.6096   0.2786   0.3063   0.3775  -0.1094   0.2338   0.0352   0.1000   0.1000   0.1000   0.0155   0.1000   0.1000  -0.1985  -0.3017   0.0122
2347   0.7577   0.7246  -0.6096   0.2695   0.3063   0.3776  -0.1094   0.2338   0.0353   0.1000   0.1000   0.1000   0.0155   0.1000   0.1000  -0.1985  -0.3017   0.0122
2348   0.7487   0.7155  -0.6096   0.2604   0.3063   0.3777  -0.1094   0.2338   0.0353   0.1000   0.1000   0.1000   0.0155   0.1000   0.1000  -0.1985  -0.3017   0.0122
2349   0.7396   0.7065  -0.6096   0.2513   0.3063   0.3777  -0.1094   0.2338   0.0353   0.1000   0.1000   0.1000   0.0156   0.1000   0.1000  -0.1985  -0.3017   0.0122
2350   0.7306   0.6975  -0.6096   0.2422   0.3063   0.3778  -0.1094   0.2338   0.0353   0.1000   0.1000   0.1000   0.0156   0.1000   0.1000  -0.1985  -0.3017   0.0122
2351   0.7217   0.6885  -0.6096   0.2331   0.3063   0.3779  -0.1094   0.2338   0.0353   0.1000   0.1000   0.1000   0.0157   0.1000   0.1000  -0.1985  -0.3017   0.0122
2352   0.7127   0.6796  -0.6096   0.2241   0.3063   0.3780  -0.1094   0.2338   0.0354   0.1000   0.1000   0.1000   0.0157   0.1000   0.1000  -0.1985  -0.3017   0.0122
2353   0.7038   0.6706  -0.6096   0.2151   0.3063   0.3780  -0.1094   0.2338   0.0354   0.1000   0.1000   0.1000   0.0158   0.1000   0.1000  -0.1985  -0.3017   0.0122
2354   0.6949   0.6617  -0.6096   0.2061   0.3063   0.3781  -0.1094   0.2338   0.0354   0.1000   0.1000   0.1000   0.0158   0.1000   0.1000  -0.1985  -0.3017   0.0122
2355   0.6860   0.6528  -0.6096   0.1971   0.3063   0.3782  -0.1094   0.2338   0.0354   0.1000   0.1000   0.1000   0.0158   0.1000   0.1000  -0.1985  -0.3017   0.0122
2356   0.6771   0.6440  -0.6096   0.1882   0.3063   0.3783  -0.1094   0.2338   0.0354   0.1000   0.1000   0.1000   0.0159   0.1000   0.1000  -0.1985  -0.3017   0.0122
2357   0.6687   0.6355  -0.6096   0.1797   0.3063   0.3783  -0.1094   0.2338   0.0354   0.1000   0.1000   0.1000   0.0159   0.1000   0.1000  -0.1985  -0.3017   0.0122
2358   0.6607   0.6276  -0.6096   0.1716   0.3063   0.3784  -0.1094   0.2338   0.0355   0.1000   0.1000   0.1000   0.0160   0.1000   0.1000  -0.1985  -0.3017   0.0122
2359   0.6539   0.6207  -0.6096   0.1647   0.3063   0.3785  -0.1094   0.2338   0.0355   0.1000   0.1000   0.1000   0.0160   0.1000   0.1000  -0.1985  -0.3017   0.0122
2360   0.6480   0.6149  -0.6096   0.1588   0.3063   0.3785  -0.1094   0.2338   0.0355   0.1000   0.1000   0.1000   0.0160   0.1000   0.1000  -0.1985  -0.3017   0.0122
2361   0.6432   0.6100  -0.6096   0.1538   0.3063   0.3786  -0.1094   0.2338   0.0355   0.1000   0.1000   0.1000   0.0161   0.1000   0.1000  -0.1985  -0.3017   0.0122
2362   0.6392   0.6060  -0.6096   0.1498   0.3063   0.3787  -0.1094   0.2338   0.0355   0.1000   0.1000   0.1000   0.0161   0.1000   0.1000  -0.1985  -0.3017   0.0122
2363   0.6339   0.6007  -0.6096   0.1444   0.3063   0.3787  -0.1094   0.2338   0.0356   0.1000   0.1000   0.1000   0.0162   0.1000   0.1000  -0.1985  -0.3017   0.0122
2364   0.6274   0.5942  -0.6096   0.1378   0.3063   0.3788  -0.1094   0.2338   0.0356   0.1000   0.1000   0.1000   0.0162   0.1000   0.1000  -0.1985  -0.3017   0.0122
2365   0.6220   0.5889  -0.6096   0.1324   0.3063   0.3789  -0.1094   0.2338   0.0356   0.1000   0.1000   0.1000   0.0163   0.1000   0.1000  -0.1985  -0.3017   0.0122
2366   0.6176   0.5845  -0.6096   0.1279   0.3063   0.3789  -0.1094   0.2338   0.0356   0.1000   0.1000   0.1000   0.0163   0.1000   0.1000  -0.1985  -0.3017   0.0122
2367   0.6121   0.5789  -0.6096   0.1223   0.3063   0.3790  -0.1094   0.2338   0.0356   0.1000   0.1000   0.1000   0.0163   0.1000   0.1000  -0.1985  -0.3017   0.0122
2368   0.6054   0.5723  -0.6096   0.1155   0.3063   0.3791  -0.1094   0.2338   0.0356   0.1000   0.1000   0.1000   0.0164   0.1000   0.1000  -0.1985  -0.3017   0.0122
2369   0.5999   0.5668  -0.6096   0.1099   0.3063   0.3791  -0.1094   0.2338   0.0356   0.1000   0.1000   0.1000   0.0164   0.1000   0.1000  -0.1985  -0.3017   0.0122
2370   0.5955   0.5623  -0.6096   0.1054   0.3063   0.3792  -0.1094   0.2338   0.0357   0.1000   0.1000   0.1000   0.0165   0.1000   0.1000  -0.1985  -0.3017   0.0122
2371   0.5898   0.5567  -0.6096   0.0997   0.3063   0.3793  -0.1094   0.2338   0.0357   0.1000   0.1000   0.1000   0.0165   0.1000   0.1000  -0.1985  -0.3017   0.0122
2372   0.5832   0.5500  -0.6096   0.0930   0.3063   0.3793  -0.1094   0.2338   0.0357   0.1000   0.1000   0.1000   0.0165   0.1000   0.1000  -0.1985  -0.3017   0.0122
2373   0.5777   0.5445  -0.6096   0.0874   0.3063   0.3794  -0.1094   0.2338   0.0357   0.1000   0.1000   0.1000   0.0166   0.1000   0.1000  -0.1985  -0.3017   0.0122
2374   0.5733   0.5401  -0.6096   0.0829   0.3063   0.3794  -0.1094   0.2338   0.0357   0.1000   0.1000   0.1000   0.0166   0.1000   0.1000  -0.1985  -0.3017   0.0122
2375   0.5699   0.5367  -0.6096   0.0794   0.3063   0.3795  -0.1094   0.2338   0.0357   0.1000   0.1000   0.1000   0.0167   0.1000   0.1000  -0.1985  -0.3017   0.0122
2376   0.5674   0.5342  -0.6096   0.0769   0.3063   0.3796  -0.1094   0.2338   0.0358   0.1000   0.1000   0.1000   0.0167   0.1000   0.1000  -0.1985  -0.3017   0.0122
2377   0.5635   0.5304  -0.6096   0.0730   0.3063   0.3796  -0.1094   0.2338   0.0358   0.1000   0.1000   0.1000   0.0168   0.1000   0.1000  -0.1985  -0.3017   0.0122
2378   0.5585   0.5254  -0.6096   0.0679   0.3063   0.3797  -0.1094   0.2338   0.0358   0.1000   0.1000   0.1000   0.0168   0.1000   0.1000  -0.1985  -0.3017   0.0122
2379   0.5546   0.5215  -0.6096   0.0639   0.3063   0.3797  -0.1094   0.2338   0.0358   0.1000   0.1000   0.1000   0.0168   0.1000   0.1000  -0.1985  -0.3017   0.0122
2380   0.5518   0.5186  -0.6096   0.0610   0.3063   0.3798  -0.1094   0.2338   0.0358   0.1000   0.1000   0.1000   0.0169   0.1000   0.1000  -0.1985  -0.3017   0.0122
2381   0.5498   0.5167  -0.6096   0.0590   0.3063   0.3799  -0.1094   0.2338   0.0358   0.1000   0.1000   0.1000   0.0169   0.1000   0.1000  -0.1985  -0.3017   0.0122
2382   0.5488   0.5156  -0.6096   0.0579   0.3063   0.3799  -0.1094   0.2338   0.0358   0.1000   0.1000   0.1000   0.0170   0.1000   0.1000  -0.1985  -0.3017   0.0122
2383   0.5463   0.5132  -0.6096   0.0553   0.3063   0.3800  -0.1094   0.2338   0.0358   0.1000   0.1000   0.1000   0.0170   0.1000   0.1000  -0.1985  -0.3017   0.0122
2384   0.5427   0.5095  -0.6096   0.0516   0.3063   0.3800  -0.1094   0.2338   0.0359   0.1000   0.1000   0.1000   0.0170   0.1000   0.1000  -0.1985  -0.3017   0.0122
2385   0.5379   0.5048  -0.6096   0.0468   0.3063   0.3801  -0.1094   0.2338   0.0359   0.1000   0.1000   0.1000   0.0171   0.1000   0.1000  -0.1985  -0.3017   0.0122
2386   0.5300   0.4968  -0.6096   0.0388   0.3063   0.3801  -0.1094   0.2338   0.0359   0.1000   0.1000   0.1000   0.0171   0.1000   0.1000  -0.1985  -0.3017   0.0122
2387   0.5191   0.4860  -0.6096   0.0278   0.3063   0.3802  -0.1094   0.2338   0.0359   0.1000   0.1000   0.1000   0.0172   0.1000   0.1000  -0.1985  -0.3017   0.0122
2388   0.5078   0.4747  -0.6096   0.0164   0.3063   0.3802  -0.1094   0.2338   0.0359   0.1000   0.1000   0.1000   0.0172   0.1000   0.1000  -0.1985  -0.3017   0.0122
2389   0.4982   0.4650  -0.6096   0.0067   0.3063   0.3803  -0.1094   0.2338   0.0359   0.1000   0.1000   0.1000   0.0172   0.1000   0.1000  -0.1985  -0.3017   0.0122
2390   0.4914   0.4583  -0.6096  -0.0001   0.3063   0.3803  -0.1094   0.2338   0.0359   0.1000   0.1000   0.1000   0.0173   0.1000   0.1000  -0.1985  -0.3017   0.0122
2391   0.4886   0.4555  -0.6096  -0.0030   0.3063   0.3804  -0.1094   0.2338   0.0360   0.1000   0.1000   0.1000   0.0173   0.1000   0.1000  -0.1985  -0.3017   0.0122
2392   0.4893   0.4562  -0.6096  -0.0023   0.3063   0.3804  -0.1094   0.2338   0.0360   0.1000   0.1000   0.1000   0.0174   0.1000   0.1000  -0.1985  -0.3017   0.0122
2393   0.4911   0.4579  -0.6096  -0.0007   0.3063   0.3805  -0.1094   0.2338   0.0360   0.1000   0.1000   0.1000   0.0174   0.1000   0.1000  -0.1985  -0.3017   0.0122
2394   0.4938   0.4607  -0.6096   0.0020   0.3063   0.3806  -0.1094   0.2338   0.0360   0.1000   0.1000   0.1000   0.0175   0.1000   0.1000  -0.1985  -0.3017   0.0122
2395   0.4975   0.4644  -0.6096   0.0057   0.3063   0.3806  -0.1094   0.2338   0.0360   0.1000   0.1000   0.1000   0.0175   0.1000   0.1000  -0.1985  -0.3017   0.0122
2396   0.5000   0.4668  -0.6096   0.0080   0.3063   0.3806  -0.1094   0.2338   0.0360   0.1000   0.1000   0.1000   0.0175   0.1000   0.1000  -0.1985  -0.3017   0.0122
2397   0.5013   0.4682  -0.6096   0.0093   0.3063   0.3807  -0.1094   0.2338   0.0360   0.1000   0.1000   0.1000   0.0176   0.1000   0.1000  -0.1985  -0.3017   0.0122
2398   0.5018   0.4686  -0.6096   0.0097   0.3063   0.3807  -0.1094   0.2338   0.0360   0.1000   0.1000   0.1000   0.0176   0.1000   0.1000  -0.1985  -0.3017   0.0122
2399   0.5014   0.4683  -0.6096   0.0092   0.3063   0.3808  -0.1094   0.2338   0.0360   0.1000   0.1000   0.1000   0.0177   0.1000   0.1000  -0.1985  -0.3017   0.0122
2400   0.5003   0.4672  -0.6096   0.0081   0.3063   0.3808  -0.1094   0.2338   0.0361   0.1000   0.1000   0.1000   0.0177   0.1000   0.1000  -0.1985  -0.3017   0.0122
2401   0.4986   0.4655  -0.6096   0.0063   0.3063   0.3809  -0.1094   0.2338   0.0361   0.1000   0.1000   0.1000   0.0177   0.1000   0.1000  -0.1985  -0.3017   0.0122
2402   0.4964   0.4632  -0.6096   0.0040   0.3063   0.3809  -0.1094   0.2338   0.0361   0.1000   0.1000   0.1000   0.0178   0.1000   0.1000  -0.1985  -0.3017   0.0122
2403   0.4936   0.4604  -0.6096   0.0011   0.3063   0.3810  -0.1094   0.2338   0.0361   0.1000   0.1000   0.1000   0.0178   0.1000   0.1000  -0.1985  -0.3017   0.0122
2404   0.4925   0.4594  -0.6096  -0.0000   0.3063   0.3810  -0.1094   0.2338   0.0361   0.1000   0.1000   0.1000   0.0179   0.1000   0.1000  -0.1985  -0.3017   0.0122
2405   0.4930   0.4599  -0.6096   0.0004   0.3063   0.3811  -0.1094   0.2338   0.0361   0.1000   0.1000   0.1000   0.0179   0.1000   0.1000  -0.1985  -0.3017   0.0122
2406   0.4927   0.4595  -0.6096  -0.0000   0.3063   0.3811  -0.1094   0.2338   0.0361   0.1000   0.1000   0.1000   0.0179   0.1000   0.1000  -0.1985  -0.3017   0.0122
2407   0.4916   0.4585  -0.6096  -0.0011   0.3063   0.3812  -0.1094   0.2338   0.0361   0.1000   0.1000   0.1000   0.0180   0.1000   0.1000  -0.1985  -0.3017   0.0122
2408   0.4921   0.4590  -0.6096  -0.0007   0.3063   0.3812  -0.1094   0.2338   0.0361   0.1000   0.1000   0.1000   0.0180   0.1000   0.1000  -0.1985  -0.3017   0.0122
2409   0.4941   0.4609  -0.6096   0.0012   0.3063   0.3813  -0.1094   0.2338   0.0362   0.1000   0.1000   0.1000   0.0181   0.1000   0.1000  -0.1985  -0.3017   0.0122
2410   0.4951   0.4620  -0.6096   0.0022   0.3063   0.3813  -0.1094   0.2338   0.0362   0.1000   0.1000   0.1000   0.0181   0.1000   0.1000  -0.1985  -0.3017   0.0122
2411   0.4954   0.4622  -0.6096   0.0023   0.3063   0.3813  -0.1094   0.2338   0.0362   0.1000   0.1000   0.1000   0.0182   0.1000   0.1000  -0.1985  -0.3017   0.0122
2412   0.4959   0.4627  -0.6096   0.0027   0.3063   0.3814  -0.1094   0.2338   0.0362   0.1000   0.1000   0.1000   0.0182   0.1000   0.1000  -0.1985  -0.3017   0.0122
2413   0.4953   0.4622  -0.6096   0.0022   0.3063   0.3814  -0.1094   0.2338   0.0362   0.1000   0.1000   0.1000   0.0182   0.1000   0.1000  -0.1985  -0.3017   0.0122
2414   0.4939   0.4608  -0.6096   0.0007   0.3063   0.3815  -0.1094   0.2338   0.0362   0.1000   0.1000   0.1000   0.0183   0.1000   0.1000  -0.1985  -0.3017   0.0122
2415   0.4917   0.4585  -0.6096  -0.0017   0.3063   0.3815  -0.1094   0.2338   0.0362   0.1000   0.1000   0.1000   0.0183   0.1000   0.1000  -0.1985  -0.3017   0.0122
2416   0.4864   0.4533  -0.6096  -0.0070   0.3063   0.3816  -0.1094   0.2338   0.0362   0.1000   0.1000   0.1000   0.0184   0.1000   0.1000  -0.1985  -0.3017   0.0122
2417   0.4785   0.4454  -0.6096  -0.0149   0.3063   0.3816  -0.1094   0.2338   0.0362   0.1000   0.1000   0.1000   0.0184   0.1000   0.1000  -0.1985  -0.3017   0.0122
2418   0.4703   0.4372  -0.6096  -0.0232   0.3063   0.3816  -0.1094   0.2338   0.0362   0.1000   0.1000   0.1000   0.0184   0.1000   0.1000  -0.1985  -0.3017   0.0122
2419   0.4640   0.4309  -0.6096  -0.0296   0.3063   0.3817  -0.1094   0.2338   0.0363   0.1000   0.1000   0.1000   0.0185   0.1000   0.1000  -0.1985  -0.3017   0.0122
2420   0.4594   0.4263  -0.6096  -0.0342   0.3063   0.3817  -0.1094   0.2338   0.0363   0.1000   0.1000   0.1000   0.0185   0.1000   0.1000  -0.1985  -0.3017   0.0122
2421   0.4563   0.4232  -0.6096  -0.0374   0.3063   0.3818  -0.1094   0.2338   0.0363   0.1000   0.1000   0.1000   0.0186   0.1000   0.1000  -0.1985  -0.3017   0.0122
2422   0.4545   0.4214  -0.6096  -0.0393   0.3063   0.3818  -0.1094   0.2338   0.0363   0.1000   0.1000   0.1000   0.0186   0.1000   0.1000  -0.1985  -0.3017   0.0122
2423   0.4540   0.4208  -0.6096  -0.0399   0.3063   0.3818  -0.1094   0.2338   0.0363   0.1000   0.1000   0.1000   0.0186   0.1000   0.1000  -0.1985  -0.3017   0.0122
2424   0.4545   0.4214  -0.6096  -0.0394   0.3063   0.3819  -0.1094   0.2338   0.0363   0.1000   0.1000   0.1000   0.0187   0.1000   0.1000  -0.1985  -0.3017   0.0122
2425   0.4539   0.4208  -0.6096  -0.0401   0.3063   0.3819  -0.1094   0.2338   0.0363   0.1000   0.1000   0.1000   0.0187   0.1000   0.1000  -0.1985  -0.3017   0.0122
2426   0.4522   0.4191  -0.6096  -0.0419   0.3063   0.3819  -0.1094   0.2338   0.0363   0.1000   0.1000   0.1000   0.0188   0.1000   0.1000  -0.1985  -0.3017   0.0122
2427   0.4519   0.4187  -0.6096  -0.0423   0.3063   0.3820  -0.1094   0.2338   0.0363   0.1000   0.1000   0.1000   0.0188   0.1000   0.1000  -0.1985  -0.3017   0.0122
2428   0.4528   0.4196  -0.6096  -0.0415   0.3063   0.3820  -0.1094   0.2338   0.0363   0.1000   0.1000   0.1000   0.0188   0.1000   0.1000  -0.1985  -0.3017   0.0122
2429   0.4548   0.4217  -0.6096  -0.0395   0.3063   0.3821  -0.1094   0.2338   0.0363   0.1000   0.1000   0.1000   0.0189   0.1000   0.1000  -0.1985  -0.3017   0.0122
2430   0.4580   0.4249  -0.6096  -0.0364   0.3063   0.3821  -0.1094   0.2338   0.0363   0.1000   0.1000   0.1000   0.0189   0.1000   0.1000  -0.1985  -0.3017   0.0122
2431   0.4623   0.4291  -0.6096  -0.0322   0.3063   0.3821  -0.1094   0.2338   0.0364   0.1000   0.1000   0.1000   0.0190   0.1000   0.1000  -0.1985  -0.3017   0.0122
2432   0.4676   0.4345  -0.6096  -0.0269   0.3063   0.3822  -0.1094   0.2338   0.0364   0.1000   0.1000   0.1000   0.0190   0.1000   0.1000  -0.1985  -0.3017   0.0122
2433   0.4739   0.4408  -0.6096  -0.0206   0.3063   0.3822  -0.1094   0.2338   0.0364   0.1000   0.1000   0.1000   0.0191   0.1000   0.1000  -0.1985  -0.3017   0.0122
2434   0.4814   0.4483  -0.6096  -0.0133   0.3063   0.3822  -0.1094   0.2338   0.0364   0.1000   0.1000   0.1000   0.0191   0.1000   0.1000  -0.1985  -0.3017   0.0122
2435   0.4879   0.4547  -0.6096  -0.0068   0.3063   0.3823  -0.1094   0.2338   0.0364   0.1000   0.1000   0.1000   0.0191   0.1000   0.1000  -0.1985  -0.3017   0.0122
2436   0.4936   0.4604  -0.6096  -0.0012   0.3063   0.3823  -0.1094   0.2338   0.0364   0.1000   0.1000   0.1000   0.0192   0.1000   0.1000  -0.1985  -0.3017   0.0122
2437   0.4986   0.4654  -0.6096   0.0037   0.3063   0.3823  -0.1094   0.2338   0.0364   0.1000   0.1000   0.1000   0.0192   0.1000   0.1000  -0.1985  -0.3017   0.0122
2438   0.5009   0.4678  -0.6096   0.0060   0.3063   0.3824  -0.1094   0.2338   0.0364   0.1000   0.1000   0.1000   0.0193   0.1000   0.1000  -0.1985  -0.3017   0.0122
2439   0.5012   0.4680  -0.6096   0.0062   0.3063   0.3824  -0.1094   0.2338   0.0364   0.1000   0.1000   0.1000   0.0193   0.1000   0.1000  -0.1985  -0.3017   0.0122
2440   0.4995   0.4663  -0.6096   0.0044   0.3063   0.3824  -0.1094   0.2338   0.0364   0.1000   0.1000   0.1000   0.0193   0.1000   0.1000  -0.1985  -0.3017   0.0122
2441   0.4960   0.4628  -0.6096   0.0008   0.3063   0.3825  -0.1094   0.2338   0.0364   0.1000   0.1000   0.1000   0.0194   0.1000   0.1000  -0.1985  -0.3017   0.0122
2442   0.4930   0.4599  -0.6096  -0.0022   0.3063   0.3825  -0.1094   0.2338   0.0364   0.1000   0.1000   0.1000   0.0194   0.1000   0.1000  -0.1985  -0.3017   0.0122
2443   0.4905   0.4574  -0.6096  -0.0048   0.3063   0.3825  -0.1094   0.2338   0.0364   0.1000   0.1000   0.1000   0.0195   0.1000   0.1000  -0.1985  -0.3017   0.0122
2444   0.4883   0.4552  -0.6096  -0.0070   0.3063   0.3826  -0.1094   0.2338   0.0365   0.1000   0.1000   0.1000   0.0195   0.1000   0.1000  -0.1985  -0.3017   0.0122
2445   0.4865   0.4533  -0.6096  -0.0089   0.3063   0.3826  -0.1094   0.2338   0.0365   0.1000   0.1000   0.1000   0.0195   0.1000   0.1000  -0.1985  -0.3017   0.0122
2446   0.4848   0.4517  -0.6096  -0.0106   0.3063   0.3826  -0.1094   0.2338   0.0365   0.1000   0.1000   0.1000   0.0196   0.1000   0.1000  -0.1985  -0.3017   0.0122
2447   0.4834   0.4503  -0.6096  -0.0121   0.3063   0.3827  -0.1094   0.2338   0.0365   0.1000   0.1000   0.1000   0.0196   0.1000   0.1000  -0.1985  -0.3017   0.0122
2448   0.4821   0.4490  -0.6096  -0.0135   0.3063   0.3827  -0.1094   0.2338   0.0365   0.1000   0.1000   0.1000   0.0197   0.1000   0.1000  -0.1985  -0.3017   0.0122
2449   0.4810   0.4479  -0.6096  -0.0147   0.3063   0.3827  -0.1094   0.2338   0.0365   0.1000   0.1000   0.1000   0.0197   0.1000   0.1000  -0.1985  -0.3017   0.0122
2450   0.4800   0.4469  -0.6096  -0.0157   0.3063   0.3827  -0.1094   0.2338   0.0365   0.1000   0.1000   0.1000   0.0197   0.1000   0.1000  -0.1985  -0.3017   0.0122
2451   0.4813   0.4482  -0.6096  -0.0145   0.3063   0.3828  -0.1094   0.2338   0.0365   0.1000   0.1000   0.1000   0.0198   0.1000   0.1000  -0.1985  -0.3017   0.0122
2452   0.4848   0.4517  -0.6096  -0.0111   0.3063   0.3828  -0.1094   0.2338   0.0365   0.1000   0.1000   0.1000   0.0198   0.1000   0.1000  -0.1985  -0.3017   0.0122
2453   0.4880   0.4548  -0.6096  -0.0080   0.3063   0.3828  -0.1094   0.2338   0.0365   0.1000   0.1000   0.1000   0.0199   0.1000   0.1000  -0.1985  -0.3017   0.0122
2454   0.4909   0.4578  -0.6096  -0.0051   0.3063   0.3829  -0.1094   0.2338   0.0365   0.1000   0.1000   0.1000   0.0199   0.1000   0.1000  -0.1985  -0.3017   0.0122
2455   0.4937   0.4605  -0.6096  -0.0024   0.3063   0.3829  -0.1094   0.2338   0.0365   0.1000   0.1000   0.1000   0.0199   0.1000   0.1000  -0.1985  -0.3017   0.0122
2456   0.4941   0.4610  -0.6096  -0.0020   0.3063   0.3829  -0.1094   0.2338   0.0365   0.1000   0.1000   0.1000   0.0200   0.1000   0.1000  -0.1985  -0.3017   0.0122
2457   0.4925   0.4593  -0.6096  -0.0037   0.3063   0.3830  -0.1094   0.2338   0.0365   0.1000   0.1000   0.1000   0.0200   0.1000   0.1000  -0.1985  -0.3017   0.0122
2458   0.4890   0.4559  -0.6096  -0.0073   0.3063   0.3830  -0.1094   0.2338   0.0366   0.1000   0.1000   0.1000   0.0201   0.1000   0.1000  -0.1985  -0.3017   0.0122
2459   0.4838   0.4507  -0.6096  -0.0125   0.3063   0.3830  -0.1094   0.2338   0.0366   0.1000   0.1000   0.1000   0.0201   0.1000   0.1000  -0.1985  -0.3017   0.0122
2460   0.4794   0.4462  -0.6096  -0.0170   0.3063   0.3830  -0.1094   0.2338   0.0366   0.1000   0.1000   0.1000   0.0201   0.1000   0.1000  -0.1985  -0.3017   0.0122
2461   0.4755   0.4424  -0.6096  -0.0210   0.3063   0.3831  -0.1094   0.2338   0.0366   0.1000   0.1000   0.1000   0.0202   0.1000   0.1000  -0.1985  -0.3017   0.0122
2462   0.4722   0.4390  -0.6096  -0.0244   0.3063   0.3831  -0.1094   0.2338   0.0366   0.1000   0.1000   0.1000   0.0202   0.1000   0.1000  -0.1985  -0.3017   0.0122
2463   0.4694   0.4362  -0.6096  -0.0272   0.3063   0.3831  -0.1094   0.2338   0.0366   0.1000   0.1000   0.1000   0.0203   0.1000   0.1000  -0.1985  -0.3017   0.0122
2464   0.4671   0.4339  -0.6096  -0.0296   0.3063   0.3831  -0.1094   0.2338   0.0366   0.1000   0.1000   0.1000   0.0203   0.1000   0.1000  -0.1985  -0.3017   0.0122
2465   0.4652   0.4321  -0.6096  -0.0315   0.3063   0.3832  -0.1094   0.2338   0.0366   0.1000   0.1000   0.1000   0.0203   0.1000   0.1000  -0.1985  -0.3017   0.0122
2466   0.4639   0.4307  -0.6096  -0.0329   0.3063   0.3832  -0.1094   0.2338   0.0366   0.1000   0.1000   0.1000   0.0204   0.1000   0.1000  -0.1985  -0.3017   0.0122
2467   0.4652   0.4320  -0.6096  -0.0317   0.3063   0.3832  -0.1094   0.2338   0.0366   0.1000   0.1000   0.1000   0.0204   0.1000   0.1000  -0.1985  -0.3017   0.0122
2468   0.4711   0.4379  -0.6096  -0.0259   0.3063   0.3832  -0.1094   0.2338   0.0366   0.1000   0.1000   0.1000   0.0205   0.1000   0.1000  -0.1985  -0.3017   0.0122
2469   0.4834   0.4502  -0.6096  -0.0136   0.3063   0.3833  -0.1094   0.2338   0.0366   0.1000   0.1000   0.1000   0.0205   0.1000   0.1000  -0.1985  -0.3017   0.0122
2470   0.5037   0.4705  -0.6096   0.0066   0.3063   0.3833  -0.1094   0.2338   0.0366   0.1000   0.1000   0.1000   0.0205   0.1000   0.1000  -0.1985  -0.3017   0.0122
2471   0.5313   0.4982  -0.6096   0.0342   0.3063   0.3833  -0.1094   0.2338   0.0366   0.1000   0.1000   0.1000   0.0206   0.1000   0.1000  -0.1985  -0.3017   0.0122
2472   0.5657   0.5326  -0.6096   0.0685   0.3063   0.3833  -0.1094   0.2338   0.0366   0.1000   0.1000   0.1000   0.0206   0.1000   0.1000  -0.1985  -0.3017   0.0122
2473   0.6063   0.5732  -0.6096   0.1090   0.3063   0.3834  -0.1094   0.2338   0.0366   0.1000   0.1000   0.1000   0.0207   0.1000   0.1000  -0.1985  -0.3017   0.0122
2474   0.6526   0.6195  -0.6096   0.1553   0.3063   0.3834  -0.1094   0.2338   0.0366   0.1000   0.1000   0.1000   0.0207   0.1000   0.1000  -0.1985  -0.3017   0.0122
2475   0.7043   0.6712  -0.6096   0.2069   0.3063   0.3834  -0.1094   0.2338   0.0366   0.1000   0.1000   0.1000   0.0207   0.1000   0.1000  -0.1985  -0.3017   0.0122
2476   0.7589   0.7258  -0.6096   0.2614   0.3063   0.3834  -0.1094   0.2338   0.0367   0.1000   0.1000   0.1000   0.0208   0.1000   0.1000  -0.1985  -0.3017   0.0122
2477   0.8142   0.7811  -0.6096   0.3167   0.3063   0.3835  -0.1094   0.2338   0.0367   0.1000   0.1000   0.1000   0.0208   0.1000   0.1000  -0.1985  -0.3017   0.0122
2478   0.8683   0.8352  -0.6096   0.3707   0.3063   0.3835  -0.1094   0.2338   0.0367   0.1000   0.1000   0.1000   0.0209   0.1000   0.1000  -0.1985  -0.3017   0.0122
2479   0.9217   0.8885  -0.6096   0.4240   0.3063   0.3835  -0.1094   0.2338   0.0367   0.1000   0.1000   0.1000   0.0209   0.1000   0.1000  -0.1985  -0.3017   0.0122
2480   0.9745   0.9413  -0.6096   0.4767   0.3063   0.3835  -0.1094   0.2338   0.0367   0.1000   0.1000   0.1000   0.0209   0.1000   0.1000  -0.1985  -0.3017   0.0122
2481   1.0269   0.9938  -0.6096   0.5291   0.3063   0.3836  -0.1094   0.2338   0.0367   0.1000   0.1000   0.1000   0.0210   0.1000   0.1000  -0.1985  -0.3017   0.0122
2482   1.0810   1.0478  -0.6096   0.5831   0.3063   0.3836  -0.1094   0.2338   0.0367   0.1000   0.1000   0.1000   0.0210   0.1000   0.1000  -0.1985  -0.3017   0.0122
2483   1.1380   1.1049  -0.6096   0.6401   0.3063   0.3836  -0.1094   0.2338   0.0367   0.1000   0.1000   0.1000   0.0211   0.1000   0.1000  -0.1985  -0.3017   0.0122
2484   1.1992   1.1660  -0.6096   0.7012   0.3063   0.3836  -0.1094   0.2338   0.0367   0.1000   0.1000   0.1000   0.0211   0.1000   0.1000  -0.1985  -0.3017   0.0122
2485   1.2639   1.2308  -0.6096   0.7659   0.3063   0.3836  -0.1094   0.2338   0.0367   0.1000   0.1000   0.1000   0.0211   0.1000   0.1000  -0.1985  -0.3017   0.0122
2486   1.3316   1.2985  -0.6096   0.8335   0.3063   0.3837  -0.1094   0.2338   0.0367   0.1000   0.1000   0.1000   0.0212   0.1000   0.1000  -0.1985  -0.3017   0.0122
2487   1.4035   1.3703  -0.6096   0.9053   0.3063   0.3837  -0.1094   0.2338   0.0367   0.1000   0.1000   0.1000   0.0212   0.1000   0.1000  -0.1985  -0.3017   0.0122
2488   1.4804   1.4472  -0.6096   0.9821   0.3063   0.3837  -0.1094   0.2338   0.0367   0.1000   0.1000   0.1000   0.0213   0.1000   0.1000  -0.1985  -0.3017   0.0122
2489   1.5632   1.5300  -0.6096   1.0649   0.3063   0.3837  -0.1094   0.2338   0.0367   0.1000   0.1000   0.1000   0.0213   0.1000   0.1000  -0.1985  -0.3017   0.0122
2490   1.6509   1.6178  -0.6096   1.1526   0.3063   0.3838  -0.1094   0.2338   0.0367   0.1000   0.1000   0.1000   0.0213   0.1000   0.1000  -0.1985  -0.3017   0.0122
2491   1.7415   1.7083  -0.6096   1.2430   0.3063   0.3838  -0.1094   0.2338   0.0367   0.1000   0.1000   0.1000   0.0214   0.1000   0.1000  -0.1985  -0.3017   0.0122
2492   1.8340   1.8008  -0.6096   1.3355   0.3063   0.3838  -0.1094   0.2338   0.0367   0.1000   0.1000   0.1000   0.0214   0.1000   0.1000  -0.1985  -0.3017   0.0122
2493   1.9286   1.8954  -0.6096   1.4300   0.3063   0.3838  -0.1094   0.2338   0.0367   0.1000   0.1000   0.1000   0.0215   0.1000   0.1000  -0.1985  -0.3017   0.0122
2494   2.0242   1.9911  -0.6096   1.5256   0.3063   0.3838  -0.1094   0.2338   0.0367   0.1000   0.1000   0.1000   0.0215   0.1000   0.1000  -0.1985  -0.3017   0.0122
2495   2.1199   2.0867  -0.6096   1.6212   0.3063   0.3839  -0.1094   0.2338   0.0367   0.1000   0.1000   0.1000   0.0215   0.1000   0.1000  -0.1985  -0.3017   0.0122
2496   2.2147   2.1815  -0.6096   1.7159   0.3063   0.3839  -0.1094   0.2338   0.0367   0.1000   0.1000   0.1000   0.0216   0.1000   0.1000  -0.1985  -0.3017   0.0122
2497   2.3074   2.2743  -0.6096   1.8086   0.3063   0.3839  -0.1094   0.2338   0.0368   0.1000   0.1000   0.1000   0.0216   0.1000   0.1000  -0.1985  -0.3017   0.0122
2498   2.3984   2.3653  -0.6096   1.8995   0.3063   0.3839  -0.1094   0.2338   0.0368   0.1000   0.1000   0.1000   0.0217   0.1000   0.1000  -0.1985  -0.3017   0.0122
2499   2.4875   2.4544  -0.6096   1.9886   0.3063   0.3839  -0.1094   0.2338   0.0368   0.1000   0.1000   0.1000   0.0217   0.1000   0.1000  -0.1985  -0.3017   0.0122
2500   2.5738   2.5407  -0.6096   2.0748   0.3063   0.3840  -0.1094   0.2338   0.0368   0.1000   0.1000   0.1000   0.0217   0.1000   0.1000  -0.1985  -0.3017   0.0122
