YEAR CONCO2 CONCH4 CONN2O T2M CUMCO2 ANTCO2 ANTCH4 ANTN2O ANTNOx ANTCO ANTVOC ANTSO2 RADTTL RADANT RADAER RADCO2 RADCH4 RADN2O pH
1750   277.00   710.20   272.60   0.0000   -0.07   -0.0709      2.15    0.03    3.96   45.60   10.50    0.38  -0.0064  -0.0024  -0.0208   0.0000   0.0061   0.0089   8.1838
1751   277.13   710.98   272.61  -0.0038   -0.21   -0.1414      2.36    0.07    3.97   46.00   10.60    0.38  -0.0355   0.0005  -0.0210   0.0026   0.0066   0.0090   8.1837
1752   277.24   711.72   272.62  -0.0085   -0.35   -0.1393      2.42    0.07    3.98   46.30   10.70    0.38  -0.0531   0.0029  -0.0211   0.0046   0.0070   0.0090   8.1835
1753   277.33   712.48   272.64  -0.0119   -0.49   -0.1339      2.97    0.08    3.98   46.70   10.70    0.38  -0.0480   0.0050  -0.0213   0.0063   0.0075   0.0091   8.1834
1754   277.41   713.21   272.66  -0.0153   -0.61   -0.1260      2.64    0.09    3.99   47.00   10.80    0.39  -0.0590   0.0070  -0.0214   0.0079   0.0079   0.0091   8.1833
1755   277.49   714.00   272.68  -0.0191   -0.73   -0.1157      3.80    0.09    4.00   47.30   10.80    0.39  -0.0690   0.0090  -0.0215   0.0095   0.0084   0.0092   8.1832
1756   277.57   714.80   272.69  -0.0220   -0.83   -0.1035      3.17    0.10    4.01   47.70   10.90    0.39  -0.0661   0.0109  -0.0217   0.0110   0.0089   0.0093   8.1831
1757   277.65   715.52   272.71  -0.0227   -0.92   -0.0934      3.87    0.10    4.02   48.10   11.00    0.39  -0.0482   0.0128  -0.0218   0.0125   0.0093   0.0093   8.1830
1758   277.73   716.29   272.73  -0.0222   -1.01   -0.0814      3.92    0.10    4.03   48.40   11.10    0.40  -0.0383   0.0147  -0.0220   0.0140   0.0098   0.0094   8.1829
1759   277.81   717.02   272.75  -0.0209   -1.07   -0.0668      4.08    0.10    4.04   48.80   11.10    0.40  -0.0283   0.0167  -0.0221   0.0157   0.0102   0.0095   8.1828
1760   277.90   717.80   272.77  -0.0179   -1.13   -0.0531      4.67    0.11    4.05   49.10   11.20    0.40  -0.0061   0.0189  -0.0222   0.0174   0.0106   0.0095   8.1827
1761   277.99   718.51   272.80  -0.0183   -1.17   -0.0401      4.19    0.11    4.06   49.50   11.20    0.40  -0.0390   0.0210  -0.0224   0.0191   0.0111   0.0096   8.1826
1762   278.09   719.21   272.82  -0.0177   -1.19   -0.0277      5.05    0.11    4.07   49.80   11.30    0.40  -0.0199   0.0231  -0.0225   0.0209   0.0115   0.0097   8.1825
1763   278.18   720.00   272.84  -0.0178   -1.21   -0.0119      5.14    0.11    4.07   50.10   11.40    0.41  -0.0316   0.0254  -0.0226   0.0227   0.0120   0.0098   8.1823
1764   278.27   720.71   272.86  -0.0199   -1.20    0.0078      5.04    0.12    4.08   50.50   11.40    0.41  -0.0505   0.0275  -0.0228   0.0245   0.0124   0.0098   8.1822
1765   278.37   721.41   272.88  -0.0217   -1.17    0.0280      5.55    0.12    4.09   50.80   11.50    0.41  -0.0493   0.0297  -0.0229   0.0263   0.0128   0.0099   8.1821
1766   278.46   722.10   272.90  -0.0334   -1.12    0.0486      5.43    0.12    4.10   51.20   11.60    0.41  -0.1591   0.0319  -0.0231   0.0281   0.0132   0.0100   8.1820
1767   278.55   722.82   272.93  -0.0350   -1.05    0.0695      6.08    0.12    4.11   51.50   11.60    0.41  -0.0600   0.0340  -0.0232   0.0299   0.0136   0.0101   8.1819
1768   278.66   723.60   272.95  -0.0272   -0.96    0.0882      6.29    0.12    4.12   51.90   11.70    0.42   0.0154   0.0364  -0.0234   0.0319   0.0141   0.0101   8.1817
1769   278.78   724.31   272.97  -0.0184   -0.86    0.1035      6.16    0.12    4.13   52.20   11.80    0.42   0.0371   0.0391  -0.0235   0.0341   0.0145   0.0102   8.1816
1770   278.90   725.01   272.99  -0.0097   -0.74    0.1206      6.62    0.12    4.14   52.60   11.80    0.42   0.0598   0.0418  -0.0236   0.0365   0.0149   0.0103   8.1814
1771   279.03   725.61   273.02  -0.0042   -0.60    0.1414      6.05    0.12    4.16   53.20   12.00    0.44   0.0452   0.0442  -0.0243   0.0391   0.0153   0.0104   8.1813
1772   279.17   726.12   273.04  -0.0021   -0.44    0.1608      6.46    0.13    4.17   53.90   12.10    0.44   0.0239   0.0469  -0.0245   0.0416   0.0156   0.0104   8.1811
1773   279.30   726.70   273.06  -0.0033   -0.26    0.1801      6.77    0.13    4.18   54.50   12.20    0.45  -0.0044   0.0496  -0.0248   0.0442   0.0159   0.0105   8.1809
1774   279.43   727.31   273.08  -0.0073   -0.06    0.1995      6.94    0.13    4.20   55.10   12.40    0.45  -0.0366   0.0524  -0.0250   0.0467   0.0163   0.0106   8.1808
1775   279.56   727.90   273.11  -0.0111    0.16    0.2186      6.96    0.13    4.21   55.80   12.50    0.45  -0.0411   0.0549  -0.0253   0.0491   0.0166   0.0107   8.1806
1776   279.67   728.41   273.13  -0.0350    0.40    0.2369      6.86    0.13    4.23   56.50   12.70    0.46  -0.2628   0.0572  -0.0255   0.0512   0.0169   0.0108   8.1805
1777   279.78   729.00   273.15  -0.0323    0.65    0.2533      7.73    0.13    4.24   57.20   12.80    0.46  -0.0036   0.0594  -0.0258   0.0533   0.0173   0.0108   8.1804
1778   279.91   729.59   273.17  -0.0177    0.92    0.2678      7.19    0.13    4.26   57.80   13.00    0.46   0.0781   0.0621  -0.0260   0.0558   0.0176   0.0109   8.1802
1779   280.05   730.11   273.20  -0.0075    1.20    0.2819      7.67    0.13    4.27   58.50   13.10    0.47   0.0640   0.0650  -0.0263   0.0585   0.0179   0.0110   8.1800
1780   280.20   730.69   273.22  -0.0002    1.50    0.2964      7.80    0.13    4.29   59.20   13.30    0.47   0.0680   0.0680  -0.0266   0.0614   0.0183   0.0111   8.1798
1781   280.35   731.11   273.24   0.0018    1.81    0.3128      7.10    0.14    4.30   59.70   13.40    0.49   0.0266   0.0706  -0.0271   0.0642   0.0185   0.0111   8.1796
1782   280.51   731.51   273.26   0.0056    2.14    0.3298      7.94    0.14    4.31   60.10   13.50    0.49   0.0597   0.0737  -0.0273   0.0671   0.0188   0.0112   8.1794
1783   280.63   732.01   273.29  -0.0353    2.49    0.3474      7.92    0.14    4.33   60.50   13.60    0.49  -0.4167   0.0763  -0.0274   0.0695   0.0191   0.0113   8.1793
1784   280.71   732.41   273.31  -0.0694    2.85    0.3629      7.70    0.14    4.34   60.90   13.60    0.50  -0.3680   0.0780  -0.0276   0.0711   0.0193   0.0114   8.1792
1785   280.81   732.82   273.33  -0.0601    3.22    0.3742      8.18    0.14    4.35   61.40   13.70    0.50  -0.0180   0.0800  -0.0278   0.0729   0.0195   0.0115   8.1791
1786   280.93   733.21   273.35  -0.0415    3.61    0.3824      7.84    0.14    4.36   61.80   13.80    0.50   0.0485   0.0825  -0.0280   0.0753   0.0198   0.0115   8.1789
1787   281.08   733.63   273.38  -0.0261    4.00    0.3904      8.57    0.14    4.37   62.30   13.90    0.51   0.0694   0.0854  -0.0282   0.0781   0.0200   0.0116   8.1787
1788   281.20   734.17   273.40  -0.0640    4.40    0.4018      8.82    0.15    4.38   62.70   14.00    0.51  -0.4500   0.0880  -0.0283   0.0804   0.0203   0.0117   8.1786
1789   281.30   734.52   273.42  -0.0783    4.81    0.4105      7.75    0.15    4.39   63.10   14.10    0.51  -0.2051   0.0899  -0.0285   0.0821   0.0205   0.0118   8.1785
1790   281.41   734.93   273.45  -0.0640    5.22    0.4121      9.39    0.15    4.40   63.60   14.20    0.51   0.0002   0.0922  -0.0287   0.0843   0.0208   0.0119   8.1783
1791   281.55   735.60   273.47  -0.0412    5.63    0.4125      9.50    0.15    4.42   63.90   14.20    0.53   0.1038   0.0948  -0.0292   0.0869   0.0212   0.0119   8.1782
1792   281.70   736.23   273.49  -0.0259    6.05    0.4112      9.57    0.15    4.42   64.20   14.30    0.53   0.0750   0.0980  -0.0293   0.0898   0.0215   0.0120   8.1780
1793   281.85   736.90   273.52  -0.0149    6.46    0.4100     10.14    0.16    4.43   64.50   14.30    0.53   0.0823   0.1013  -0.0295   0.0927   0.0219   0.0121   8.1778
1794   282.00   737.62   273.54  -0.0080    6.86    0.4089     10.27    0.16    4.44   64.80   14.40    0.54   0.0615   0.1045  -0.0296   0.0956   0.0223   0.0122   8.1776
1795   282.15   738.30   273.57  -0.0025    7.27    0.4074     10.35    0.16    4.45   65.00   14.40    0.54   0.0667   0.1077  -0.0297   0.0984   0.0227   0.0123   8.1774
1796   282.29   738.92   273.59   0.0007    7.68    0.4091     10.37    0.16    4.46   65.40   14.50    0.54   0.0487   0.1107  -0.0298   0.1011   0.0231   0.0123   8.1772
1797   282.43   739.60   273.62   0.0034    8.10    0.4146     11.11    0.17    4.47   65.70   14.50    0.56   0.0513   0.1133  -0.0303   0.1037   0.0235   0.0124   8.1771
1798   282.57   740.31   273.64   0.0050    8.51    0.4178     10.92    0.17    4.48   66.00   14.60    0.56   0.0413   0.1163  -0.0305   0.1062   0.0239   0.0125   8.1769
1799   282.70   740.91   273.67   0.0065    8.93    0.4195     10.89    0.17    4.49   66.40   14.60    0.56   0.0430   0.1190  -0.0306   0.1087   0.0243   0.0126   8.1767
1800   282.83   741.62   273.69   0.0077    9.36    0.4243     11.98    0.17    4.51   66.90   14.80    0.58   0.0404   0.1214  -0.0312   0.1111   0.0247   0.0127   8.1766
1801   282.95   742.50   273.72   0.0096    9.79    0.4299     12.28    0.18    4.52   67.30   14.80    0.58   0.0492   0.1242  -0.0314   0.1135   0.0252   0.0128   8.1764
1802   283.08   743.42   273.75   0.0133   10.23    0.4394     12.80    0.18    4.54   67.90   14.90    0.61   0.0693   0.1263  -0.0324   0.1159   0.0257   0.0129   8.1763
1803   283.21   744.40   273.77   0.0151   10.67    0.4478     13.16    0.19    4.55   68.50   15.10    0.60   0.0516   0.1296  -0.0322   0.1184   0.0263   0.0130   8.1761
1804   283.34   745.32   273.80   0.0152   11.13    0.4604     13.01    0.19    4.56   69.10   15.20    0.61   0.0405   0.1325  -0.0325   0.1208   0.0268   0.0131   8.1759
1805   283.47   746.21   273.83   0.0160   11.61    0.4746     13.56    0.19    4.58   69.70   15.30    0.61   0.0483   0.1353  -0.0327   0.1233   0.0274   0.0132   8.1758
1806   283.61   747.12   273.86   0.0170   12.10    0.4928     13.70    0.20    4.60   70.30   15.40    0.63   0.0479   0.1379  -0.0333   0.1258   0.0279   0.0133   8.1756
1807   283.75   748.02   273.89   0.0161   12.62    0.5145     14.02    0.20    4.61   70.90   15.50    0.63   0.0289   0.1409  -0.0336   0.1284   0.0284   0.0134   8.1754
1808   283.89   749.03   273.92   0.0149   13.17    0.5493     14.90    0.20    4.63   71.50   15.70    0.64   0.0251   0.1441  -0.0338   0.1311   0.0290   0.0135   8.1753
1809   283.76   750.18   273.95  -0.3714   13.75    0.5867     15.41    0.21    4.64   72.10   15.80    0.64  -4.0617   0.1423  -0.0340   0.1288   0.0297   0.0136   8.1754
1810   283.39   751.26   273.98  -0.5630   14.37    0.6166     15.25    0.21    4.66   72.80   15.90    0.64  -2.2793   0.1357  -0.0343   0.1217   0.0303   0.0137   8.1759
1811   283.17   752.02   274.01  -0.5001   15.02    0.6465     14.17    0.21    4.67   73.20   16.00    0.66  -0.5054   0.1316  -0.0348   0.1176   0.0307   0.0138   8.1762
1812   283.13   752.76   274.05  -0.4276   15.66    0.6465     15.59    0.22    4.69   73.60   16.00    0.66  -0.4497   0.1313  -0.0350   0.1169   0.0312   0.0139   8.1762
1813   283.19   753.70   274.08  -0.3800   16.28    0.6198     15.86    0.22    4.70   74.00   16.10    0.67  -0.4001   0.1329  -0.0352   0.1179   0.0317   0.0140   8.1761
1814   283.31   754.66   274.11  -0.3177   16.88    0.5976     16.22    0.22    4.71   74.50   16.20    0.67  -0.0734   0.1356  -0.0354   0.1202   0.0323   0.0141   8.1760
1815   283.21   755.87   274.14  -0.6443   17.49    0.6071     17.92    0.23    4.72   74.90   16.30    0.69  -4.0659   0.1341  -0.0359   0.1184   0.0330   0.0142   8.1761
1816   282.79   757.10   274.18  -0.9552   18.13    0.6458     17.07    0.23    4.74   75.40   16.40    0.70  -4.0207   0.1263  -0.0365   0.1104   0.0337   0.0144   8.1766
1817   282.46   757.81   274.21  -0.8874   18.82    0.6851     15.72    0.23    4.75   75.80   16.40    0.72  -0.9288   0.1202  -0.0371   0.1042   0.0341   0.0145   8.1770
1818   282.44   758.47   274.24  -0.7078   19.48    0.6616     17.16    0.23    4.77   76.20   16.50    0.72  -0.0649   0.1201  -0.0372   0.1038   0.0345   0.0146   8.1771
1819   282.59   759.40   274.28  -0.5692   20.05    0.5748     17.74    0.24    4.78   76.70   16.60    0.73  -0.0046   0.1234  -0.0374   0.1066   0.0350   0.0147   8.1769
1820   282.80   760.35   274.31  -0.4710   20.55    0.4910     17.78    0.24    4.79   77.10   16.70    0.73   0.0109   0.1279  -0.0376   0.1106   0.0356   0.0148   8.1766
1821   283.02   761.30   274.35  -0.3981   20.96    0.4178     18.35    0.25    4.81   77.70   16.80    0.73   0.0166   0.1326  -0.0379   0.1148   0.0361   0.0149   8.1763
1822   283.23   762.23   274.38  -0.3537   21.32    0.3580     18.29    0.25    4.82   78.30   16.90    0.75  -0.1044   0.1366  -0.0385   0.1188   0.0366   0.0151   8.1761
1823   283.35   763.15   274.42  -0.4192   21.66    0.3390     18.80    0.26    4.84   78.90   17.00    0.77  -1.1532   0.1388  -0.0391   0.1210   0.0372   0.0152   8.1759
1824   283.40   764.13   274.46  -0.4121   21.98    0.3209     19.21    0.26    4.86   79.50   17.10    0.78  -0.3957   0.1403  -0.0393   0.1220   0.0377   0.0153   8.1759
1825   283.49   765.09   274.50  -0.3511   22.25    0.2721     19.29    0.27    4.88   80.00   17.20    0.79   0.0092   0.1422  -0.0399   0.1237   0.0383   0.0154   8.1758
1826   283.62   766.02   274.53  -0.2934   22.48    0.2263     19.63    0.27    4.89   80.60   17.40    0.80   0.0729   0.1449  -0.0402   0.1260   0.0388   0.0156   8.1756
1827   283.75   766.98   274.57  -0.2477   22.67    0.1874     19.99    0.28    4.91   81.30   17.50    0.82   0.0944   0.1474  -0.0408   0.1285   0.0394   0.0157   8.1754
1828   283.87   767.91   274.62  -0.2114   22.82    0.1502     20.07    0.29    4.93   81.90   17.60    0.82   0.1003   0.1503  -0.0410   0.1308   0.0399   0.0159   8.1753
1829   283.99   768.88   274.66  -0.1817   22.93    0.1160     20.77    0.29    4.94   82.50   17.70    0.82   0.1049   0.1529  -0.0413   0.1330   0.0405   0.0160   8.1751
1830   284.05   769.80   274.70  -0.2281   23.04    0.1064     20.36    0.30    4.97   83.20   17.90    0.92  -0.6469   0.1521  -0.0439   0.1341   0.0410   0.0161   8.1751
1831   283.98   770.70   274.74  -0.3445   23.14    0.1046     21.19    0.30    4.98   83.60   18.00    0.90  -1.3973   0.1517  -0.0437   0.1328   0.0415   0.0163   8.1752
1832   283.87   771.70   274.79  -0.3483   23.23    0.0863     21.53    0.31    5.00   84.10   18.00    0.91  -0.4158   0.1502  -0.0439   0.1307   0.0421   0.0164   8.1753
1833   283.84   772.69   274.83  -0.2911   23.29    0.0563     21.74    0.32    5.02   84.70   18.10    0.93   0.0177   0.1497  -0.0445   0.1301   0.0427   0.0166   8.1753
1834   283.87   773.58   274.88  -0.2378   23.32    0.0340     21.59    0.32    5.03   85.20   18.20    0.93   0.0887   0.1507  -0.0447   0.1307   0.0432   0.0168   8.1753
1835   283.82   774.43   274.93  -0.3496   23.34    0.0215     22.00    0.33    5.05   85.70   18.30    0.95  -1.5111   0.1499  -0.0453   0.1297   0.0436   0.0169   8.1754
1836   283.68   775.41   274.97  -0.3914   23.36    0.0148     22.88    0.33    5.07   86.30   18.50    1.01  -0.7747   0.1463  -0.0470   0.1272   0.0442   0.0171   8.1755
1837   283.62   776.48   275.02  -0.3356   23.36    0.0046     23.16    0.34    5.09   86.90   18.60    1.01  -0.0333   0.1457  -0.0473   0.1260   0.0448   0.0172   8.1756
1838   283.65   777.48   275.07  -0.2636   23.36    0.0011     23.11    0.35    5.11   87.50   18.70    1.03   0.1793   0.1463  -0.0479   0.1265   0.0454   0.0174   8.1756
1839   283.73   778.38   275.12  -0.2093   23.37    0.0030     23.19    0.36    5.13   88.10   18.80    1.05   0.1760   0.1480  -0.0485   0.1281   0.0459   0.0176   8.1755
1840   283.84   779.39   275.18  -0.1707   23.38    0.0126     24.29    0.37    5.15   88.70   18.90    1.08   0.1609   0.1499  -0.0496   0.1302   0.0465   0.0178   8.1753
1841   283.96   780.58   275.23  -0.1425   23.41    0.0287     24.80    0.38    5.17   89.30   19.10    1.10   0.1425   0.1525  -0.0502   0.1326   0.0472   0.0180   8.1752
1842   284.09   781.79   275.28  -0.1227   23.46    0.0519     25.20    0.39    5.19   89.90   19.20    1.14   0.1108   0.1548  -0.0512   0.1350   0.0478   0.0181   8.1750
1843   284.22   783.08   275.34  -0.1075   23.54    0.0772     25.96    0.39    5.21   90.50   19.30    1.16   0.1005   0.1575  -0.0518   0.1373   0.0486   0.0183   8.1749
1844   284.35   784.28   275.40  -0.0941   23.64    0.1070     25.50    0.40    5.23   91.20   19.40    1.19   0.1028   0.1598  -0.0528   0.1398   0.0493   0.0185   8.1747
1845   284.48   785.50   275.46  -0.0810   23.78    0.1384     26.79    0.41    5.25   91.80   19.60    1.25   0.1174   0.1614  -0.0546   0.1423   0.0499   0.0187   8.1745
1846   284.61   786.66   275.52  -0.0718   23.94    0.1615     25.93    0.42    5.27   92.30   19.70    1.26   0.0926   0.1646  -0.0548   0.1448   0.0506   0.0189   8.1744
1847   284.73   787.93   275.58  -0.0796   24.13    0.1870     28.08    0.43    5.29   92.90   19.80    1.30  -0.0746   0.1664  -0.0562   0.1470   0.0513   0.0191   8.1742
1848   284.85   789.12   275.64  -0.0670   24.34    0.2095     26.29    0.44    5.31   93.40   19.90    1.32   0.1370   0.1690  -0.0568   0.1493   0.0520   0.0194   8.1741
1849   284.99   790.48   275.70  -0.0494   24.57    0.2290     29.78    0.45    5.33   94.00   20.00    1.37   0.1692   0.1712  -0.0582   0.1518   0.0528   0.0196   8.1739
1850   285.14   791.45   275.77  -0.0340   24.82    0.2484     24.82    0.45    5.42   97.30   20.60    1.46   0.1827   0.1717  -0.0612   0.1545   0.0533   0.0198   8.1737
1851   285.28   792.18   275.84  -0.0229   25.08    0.2595     28.94    0.46    5.44   97.70   20.60    1.46   0.1650   0.1760  -0.0613   0.1573   0.0537   0.0200   8.1736
1852   285.43   793.82   275.90  -0.0144   25.34    0.2612     30.57    0.47    5.50   99.70   21.00    1.52   0.1589   0.1789  -0.0633   0.1600   0.0547   0.0203   8.1734
1853   285.57   795.13   275.97  -0.0077   25.62    0.2831     27.98    0.48    5.52  100.20   21.10    1.55   0.1516   0.1836  -0.0643   0.1627   0.0554   0.0205   8.1732
1854   285.70   796.90   276.04  -0.0217   25.93    0.3073     34.07    0.49    5.56  100.90   21.20    1.71  -0.0599   0.1841  -0.0684   0.1651   0.0564   0.0207   8.1731
1855   285.82   797.98   276.12  -0.0202   26.25    0.3266     25.13    0.50    5.58  101.40   21.30    1.74   0.0943   0.1873  -0.0694   0.1674   0.0570   0.0210   8.1729
1856   285.95   799.08   276.19  -0.0148   26.60    0.3470     34.81    0.51    5.62  102.20   21.50    1.82   0.0974   0.1894  -0.0716   0.1698   0.0576   0.0212   8.1727
1857   286.08   800.83   276.26  -0.0165   26.96    0.3636     29.63    0.52    5.64  103.00   21.60    1.84   0.0344   0.1934  -0.0723   0.1722   0.0586   0.0215   8.1726
1858   286.22   802.17   276.34  -0.0072   27.34    0.3742     33.42    0.53    5.66  103.80   21.70    1.86   0.1532   0.1972  -0.0730   0.1747   0.0594   0.0217   8.1724
1859   286.36   803.79   276.42   0.0047   27.73    0.3868     32.10    0.54    5.70  104.60   21.90    1.94   0.1769   0.2009  -0.0753   0.1774   0.0603   0.0220   8.1722
1860   286.51   805.19   276.50   0.0156   28.13    0.4022     33.15    0.55    5.74  105.50   22.10    2.06   0.1934   0.2024  -0.0787   0.1802   0.0610   0.0223   8.1721
1861   286.67   806.78   276.58   0.0261   28.54    0.4143     34.08    0.56    5.78  106.50   22.30    2.13   0.2086   0.2056  -0.0806   0.1832   0.0619   0.0225   8.1719
1862   286.83   808.17   276.66   0.0348   28.95    0.4112     32.98    0.58    5.77  105.70   22.20    2.14   0.2076   0.2106  -0.0806   0.1861   0.0627   0.0228   8.1717
1863   286.98   809.83   276.74   0.0409   29.38    0.4277     36.56    0.59    5.81  106.50   22.40    2.25   0.1948   0.2128  -0.0836   0.1890   0.0636   0.0231   8.1715
1864   287.14   811.09   276.83   0.0449   29.82    0.4399     31.68    0.60    5.85  107.30   22.50    2.39   0.1829   0.2149  -0.0874   0.1918   0.0643   0.0234   8.1713
1865   287.29   812.97   276.92   0.0480   30.27    0.4481     40.96    0.61    5.89  108.10   22.70    2.50   0.1781   0.2171  -0.0904   0.1946   0.0654   0.0237   8.1711
1866   287.44   814.93   277.01   0.0508   30.73    0.4629     33.29    0.62    5.92  108.80   22.90    2.55   0.1759   0.2209  -0.0918   0.1974   0.0665   0.0240   8.1709
1867   287.59   816.09   277.10   0.0535   31.23    0.4967     37.51    0.63    5.96  109.60   23.10    2.68   0.1763   0.2223  -0.0951   0.2002   0.0671   0.0243   8.1708
1868   287.75   817.89   277.19   0.0574   31.75    0.5263     37.75    0.64    5.99  110.30   23.20    2.74   0.1899   0.2259  -0.0969   0.2032   0.0681   0.0246   8.1706
1869   287.92   819.06   277.28   0.0627   32.31    0.5579     34.96    0.65    6.03  111.10   23.40    2.87   0.2076   0.2276  -0.1003   0.2063   0.0688   0.0249   8.1704
1870   288.09   820.99   277.37   0.0690   32.90    0.5872     42.89    0.67    6.06  111.80   23.50    2.95   0.2232   0.2322  -0.1025   0.2096   0.0699   0.0253   8.1701
1871   288.29   822.92   277.47   0.0773   33.54    0.6430     36.12    0.68    6.12  113.20   23.90    3.11   0.2548   0.2338  -0.1069   0.2132   0.0709   0.0256   8.1699
1872   288.51   824.10   277.57   0.0843   34.32    0.7745     39.73    0.69    6.24  116.40   24.50    3.39   0.2512   0.2322  -0.1147   0.2174   0.0716   0.0259   8.1696
1873   288.77   825.89   277.67   0.0904   35.16    0.8455     40.39    0.71    6.30  117.60   24.80    3.55   0.2561   0.2351  -0.1189   0.2222   0.0726   0.0263   8.1693
1874   289.05   827.06   277.77   0.0949   36.06    0.9004     37.23    0.72    6.29  118.20   24.80    3.40   0.2457   0.2457  -0.1154   0.2272   0.0732   0.0266   8.1690
1875   289.33   829.00   277.87   0.0972   37.05    0.9852     45.54    0.73    6.36  119.40   25.10    3.63   0.2307   0.2487  -0.1212   0.2325   0.0743   0.0270   8.1686
1876   289.64   830.92   277.98   0.0978   38.11    1.0622     38.30    0.74    6.39  120.30   25.30    3.68   0.2142   0.2552  -0.1227   0.2381   0.0753   0.0273   8.1683
1877   289.95   832.14   278.09   0.0977   39.25    1.1402     42.61    0.76    6.42  121.30   25.50    3.73   0.2045   0.2615  -0.1242   0.2439   0.0760   0.0277   8.1679
1878   290.28   833.89   278.19   0.0980   40.46    1.2103     42.10    0.77    6.45  122.20   25.70    3.77   0.2048   0.2688  -0.1253   0.2499   0.0770   0.0281   8.1675
1879   290.62   835.13   278.30   0.0987   41.75    1.2910     40.72    0.78    6.52  123.30   26.00    3.99   0.2064   0.2714  -0.1311   0.2562   0.0777   0.0284   8.1671
1880   290.98   836.95   278.42   0.0990   43.13    1.3815     46.36    0.79    6.62  124.70   26.30    4.40   0.1990   0.2700  -0.1415   0.2628   0.0787   0.0288   8.1667
1881   291.37   839.05   278.53   0.1016   44.64    1.5061     43.45    0.80    6.68  126.50   26.70    4.52   0.2233   0.2773  -0.1449   0.2699   0.0798   0.0292   8.1662
1882   291.74   841.02   278.64   0.1045   46.06    1.4195     46.91    0.81    6.71  126.20   26.80    4.72   0.2240   0.2820  -0.1496   0.2768   0.0809   0.0296   8.1657
1883   292.05   843.39   278.76   0.0374   47.52    1.4644     47.03    0.82    6.78  127.40   27.10    4.98  -0.5123   0.2837  -0.1562   0.2823   0.0822   0.0300   8.1654
1884   292.18   845.30   278.87  -0.1529   49.02    1.4935     45.71    0.83    6.81  128.30   27.20    5.03  -1.8648   0.2872  -0.1576   0.2848   0.0832   0.0304   8.1652
1885   292.26   846.62   278.99  -0.1843   50.55    1.5312     44.78    0.83    6.84  129.10   27.40    5.08  -0.4586   0.2894  -0.1591   0.2863   0.0839   0.0308   8.1651
1886   292.45   848.06   279.10  -0.1275   52.05    1.5059     47.12    0.84    6.87  130.00   27.60    5.15   0.1162   0.2932  -0.1610   0.2898   0.0847   0.0311   8.1649
1887   292.71   850.02   279.22  -0.0711   53.49    1.4315     48.75    0.85    6.93  131.00   27.90    5.36   0.2312   0.2962  -0.1663   0.2945   0.0858   0.0315   8.1646
1888   293.00   852.03   279.34  -0.0315   54.86    1.3767     48.63    0.86    7.05  132.30   28.30    5.87   0.2322   0.2912  -0.1789   0.2997   0.0869   0.0319   8.1642
1889   293.27   854.03   279.46  -0.0026   56.16    1.3015     50.03    0.87    7.07  133.00   28.40    5.88   0.2416   0.2986  -0.1791   0.3048   0.0880   0.0323   8.1639
1890   293.50   855.81   279.58  -0.0394   57.46    1.2972     49.13    0.88    6.90  120.50   24.80    6.44  -0.3801   0.2949  -0.1894   0.3089   0.0889   0.0327   8.1636
1891   293.69   858.08   279.70  -0.0551   58.75    1.2911     54.53    0.89    6.98  122.40   25.30    6.73  -0.1453   0.2937  -0.1967   0.3124   0.0902   0.0331   8.1634
1892   293.89   860.92   279.82  -0.0321   60.02    1.2704     53.71    0.91    7.05  124.20   25.80    7.02   0.1571   0.2941  -0.2040   0.3160   0.0917   0.0336   8.1632
1893   294.12   863.07   279.94   0.0013   61.24    1.2185     52.27    0.92    7.12  126.10   26.30    7.31   0.2805   0.2935  -0.2112   0.3201   0.0929   0.0340   8.1629
1894   294.35   864.94   280.07   0.0309   62.46    1.2171     53.34    0.94    7.19  128.00   26.80    7.60   0.3180   0.2930  -0.2185   0.3244   0.0939   0.0344   8.1626
1895   294.60   867.08   280.20   0.0541   63.68    1.2200     54.93    0.95    7.26  129.80   27.30    7.89   0.3230   0.2930  -0.2257   0.3289   0.0950   0.0348   8.1623
1896   294.86   869.97   280.33   0.0713   64.90    1.2217     58.91    0.97    7.33  131.70   27.70    8.18   0.3135   0.2935  -0.2328   0.3335   0.0966   0.0353   8.1620
1897   295.11   871.99   280.46   0.0823   66.15    1.2492     51.64    0.98    7.41  133.60   28.20    8.47   0.2826   0.2936  -0.2400   0.3381   0.0977   0.0357   8.1617
1898   295.38   874.08   280.60   0.0898   67.44    1.2943     60.52    1.00    7.48  135.40   28.70    8.77   0.2698   0.2948  -0.2471   0.3429   0.0988   0.0362   8.1614
1899   295.65   876.89   280.73   0.0961   68.81    1.3690     57.02    1.01    7.55  137.30   29.20    9.06   0.2668   0.2958  -0.2541   0.3479   0.1003   0.0367   8.1611
1900   295.94   879.12   280.87   0.1005   70.24    1.4266     58.84    1.02    7.62  139.20   29.70    9.35   0.2527   0.2967  -0.2612   0.3531   0.1015   0.0371   8.1607
1901   296.27   882.92   281.01   0.1033   71.83    1.5913     67.45    1.04    7.72  140.80   30.10    9.80   0.2406   0.2956  -0.2717   0.3590   0.1035   0.0376   8.1604
1902   296.60   887.02   281.15   0.0739   73.49    1.6640     62.95    1.05    7.83  142.40   30.50   10.25  -0.1001   0.2949  -0.2822   0.3650   0.1057   0.0381   8.1600
1903   296.84   891.04   281.29  -0.0824   75.31    1.8146     69.54    1.07    7.93  144.00   30.90   10.70  -1.4676   0.2934  -0.2926   0.3692   0.1079   0.0385   8.1597
1904   297.03   895.34   281.44  -0.1158   77.22    1.9079     67.13    1.09    8.04  145.60   31.30   11.14  -0.3435   0.2905  -0.3029   0.3728   0.1101   0.0390   8.1594
1905   297.34   900.05   281.59  -0.0725   79.21    1.9936     74.56    1.11    8.14  147.20   31.70   11.60   0.1439   0.2899  -0.3132   0.3783   0.1126   0.0395   8.1591
1906   297.74   904.86   281.74  -0.0262   81.26    2.0540     70.60    1.12    8.25  148.80   32.20   12.04   0.2590   0.2910  -0.3234   0.3855   0.1152   0.0400   8.1586
1907   298.19   909.07   281.89  -0.0057   83.37    2.1097     74.02    1.14    8.35  150.40   32.60   12.49   0.1236   0.2926  -0.3336   0.3934   0.1174   0.0406   8.1581
1908   298.63   913.84   282.04   0.0156   85.44    2.0690     76.49    1.15    8.45  152.10   33.00   12.94   0.2265   0.2945  -0.3437   0.4014   0.1199   0.0411   8.1576
1909   299.08   919.08   282.20   0.0359   87.54    2.0985     79.63    1.17    8.56  153.70   33.40   13.39   0.2468   0.2978  -0.3537   0.4093   0.1226   0.0416   8.1570
1910   299.53   923.81   282.35   0.0522   89.67    2.1303     76.81    1.18    8.66  155.30   33.80   13.84   0.2540   0.3000  -0.3637   0.4174   0.1251   0.0421   8.1565
1911   299.96   928.12   282.51   0.0652   91.71    2.0407     80.02    1.20    8.75  156.90   34.30   14.07   0.2543   0.3063  -0.3690   0.4250   0.1274   0.0427   8.1560
1912   300.33   932.82   282.68   0.0512   93.72    2.0040     81.68    1.23    8.83  158.60   34.80   14.30  -0.0053   0.3117  -0.3743   0.4317   0.1298   0.0432   8.1556
1913   300.67   938.15   282.84   0.0421   95.71    1.9973     86.48    1.25    8.92  160.20   35.20   14.53   0.0488   0.3168  -0.3795   0.4376   0.1326   0.0438   8.1552
1914   300.98   943.81   283.01   0.0588   97.59    1.8717     86.73    1.26    9.00  161.90   35.70   14.76   0.2747   0.3227  -0.3848   0.4431   0.1355   0.0443   8.1548
1915   301.27   949.14   283.18   0.0804   99.42    1.8294     88.00    1.28    9.09  163.50   36.20   14.99   0.3262   0.3272  -0.3900   0.4484   0.1382   0.0449   8.1545
1916   301.59   954.77   283.35   0.1030  101.31    1.8901     91.59    1.30    9.17  165.10   36.60   15.22   0.3921   0.3321  -0.3952   0.4540   0.1411   0.0455   8.1541
1917   301.93   960.09   283.53   0.1213  103.23    1.9291     89.55    1.33    9.26  166.80   37.10   15.46   0.3875   0.3375  -0.4005   0.4601   0.1438   0.0461   8.1537
1918   302.28   965.84   283.71   0.1388  105.13    1.8984     97.23    1.35    9.35  168.40   37.60   15.69   0.4251   0.3431  -0.4056   0.4662   0.1468   0.0467   8.1533
1919   302.60   972.09   283.89   0.1503  106.93    1.7941     95.84    1.37    9.43  170.10   38.00   15.92   0.3875   0.3485  -0.4108   0.4719   0.1500   0.0473   8.1529
1920   302.92   977.87   284.07   0.1577  108.87    1.9470     98.27    1.39    9.52  171.70   38.50   16.15   0.3708   0.3548  -0.4160   0.4775   0.1529   0.0479   8.1526
1921   303.26   983.08   284.26   0.1612  110.81    1.9323     95.85    1.40    9.63  173.90   39.20   16.41   0.3393   0.3593  -0.4218   0.4836   0.1555   0.0485   8.1522
1922   303.59   988.92   284.44   0.1508  112.79    1.9874    105.06    1.41    9.74  176.00   39.80   16.66   0.1970   0.3640  -0.4276   0.4893   0.1585   0.0492   8.1518
1923   303.95   995.02   284.63   0.1528  114.96    2.1707    100.78    1.43    9.85  178.10   40.40   16.92   0.3155   0.3695  -0.4334   0.4957   0.1615   0.0498   8.1514
1924   304.35  1000.99   284.82   0.1585  117.17    2.2091    107.85    1.44    9.96  180.30   41.10   17.18   0.3286   0.3756  -0.4392   0.5027   0.1645   0.0504   8.1509
1925   304.76  1007.02   285.01   0.1648  119.41    2.2402    104.63    1.45   10.07  182.40   41.70   17.44   0.3448   0.3828  -0.4450   0.5098   0.1675   0.0511   8.1504
1926   305.17  1013.05   285.20   0.1722  121.68    2.2619    111.43    1.45   10.19  184.50   42.30   17.69   0.3680   0.3890  -0.4507   0.5170   0.1705   0.0517   8.1500
1927   305.62  1018.97   285.39   0.1832  124.11    2.4385    107.49    1.46   10.30  186.60   43.00   17.95   0.4179   0.3959  -0.4565   0.5248   0.1735   0.0523   8.1494
1928   306.08  1025.09   285.57   0.1828  126.56    2.4505    116.08    1.47   10.41  188.80   43.60   18.21   0.3092   0.4032  -0.4622   0.5330   0.1765   0.0530   8.1489
1929   306.53  1030.93   285.76   0.1606  129.10    2.5325    109.40    1.47   10.52  190.90   44.30   18.47   0.0931   0.4101  -0.4679   0.5408   0.1794   0.0536   8.1484
1930   306.95  1036.19   285.95   0.1368  131.53    2.4375    116.12    1.48   10.63  193.00   44.90   18.73   0.2932   0.4162  -0.4736   0.5481   0.1820   0.0542   8.1479
1931   307.33  1041.93   286.13   0.1222  133.87    2.3314    115.23    1.47   10.73  195.00   45.50   18.92   0.2699   0.4239  -0.4780   0.5546   0.1848   0.0548   8.1475
1932   307.65  1047.17   286.32   0.2251  136.04    2.1695    116.53    1.46   10.83  197.00   46.20   19.12   0.3604   0.4294  -0.4824   0.5601   0.1874   0.0554   8.1471
1933   307.93  1052.93   286.49   0.2036  138.16    2.1196    121.25    1.46   10.92  199.00   46.80   19.32   0.3977   0.4347  -0.4868   0.5651   0.1902   0.0560   8.1468
1934   308.22  1058.18   286.67   0.1867  140.25    2.0914    116.86    1.44   11.02  200.90   47.40   19.51   0.4257   0.4397  -0.4912   0.5700   0.1927   0.0566   8.1465
1935   308.50  1063.00   286.84   0.1962  142.32    2.0777    121.79    1.43   11.12  202.90   48.10   19.71   0.4544   0.4444  -0.4956   0.5750   0.1951   0.0572   8.1461
1936   308.80  1068.18   287.00   0.1993  144.43    2.1061    121.70    1.41   11.22  204.90   48.70   19.91   0.5096   0.4506  -0.5000   0.5801   0.1976   0.0577   8.1458
1937   309.10  1073.02   287.16   0.2377  146.45    2.0177    122.80    1.38   11.31  206.90   49.30   20.11   0.5015   0.4555  -0.5044   0.5852   0.1999   0.0583   8.1455
1938   309.33  1078.18   287.32   0.1882  148.26    1.8117    126.28    1.35   11.41  208.80   50.00   20.30   0.5196   0.4596  -0.5087   0.5893   0.2024   0.0588   8.1452
1939   309.52  1082.93   287.46   0.1867  150.00    1.7418    123.35    1.34   11.51  210.80   50.60   20.50   0.5265   0.4625  -0.5131   0.5926   0.2047   0.0593   8.1450
1940   309.70  1088.12   287.60   0.3919  151.75    1.7469    131.58    1.32   11.60  212.80   51.20   20.70   0.5177   0.4657  -0.5174   0.5957   0.2072   0.0597   8.1448
1941   309.88  1093.90   287.75   0.4366  153.43    1.6829    129.84    1.41   11.84  215.10   52.20   21.20   0.4819   0.4629  -0.5279   0.5987   0.2099   0.0602   8.1446
1942   310.02  1099.21   287.91   0.3300  155.02    1.5879    132.50    1.47   12.07  217.50   53.10   21.71   0.4513   0.4603  -0.5383   0.6011   0.2125   0.0608   8.1444
1943   310.14  1103.93   288.08   0.2151  156.58    1.5571    129.82    1.51   12.31  219.80   54.10   22.22   0.4302   0.4562  -0.5486   0.6031   0.2147   0.0614   8.1443
1944   310.24  1109.23   288.26   0.2801  158.07    1.4967    138.78    1.54   12.54  222.10   55.10   22.73   0.4492   0.4522  -0.5589   0.6049   0.2172   0.0619   8.1442
1945   310.29  1114.77   288.44   0.2502  159.35    1.2736    134.64    1.57   12.77  224.50   56.00   23.23   0.4835   0.4475  -0.5692   0.6058   0.2199   0.0625   8.1441
1946   310.32  1120.10   288.63   0.3123  160.67    1.3227    141.00    1.62   13.01  226.80   57.00   23.74   0.4745   0.4425  -0.5794   0.6064   0.2224   0.0632   8.1441
1947   310.42  1126.71   288.83   0.3143  162.17    1.5023    145.40    1.68   13.24  229.20   57.90   24.25   0.5023   0.4403  -0.5895   0.6080   0.2255   0.0638   8.1440
1948   310.59  1133.11   289.03   0.2932  163.79    1.6186    143.81    1.73   13.47  231.50   58.90   24.75   0.5763   0.4383  -0.5996   0.6110   0.2285   0.0645   8.1438
1949   310.79  1139.75   289.25   0.3319  165.42    1.6294    150.78    1.77   13.71  233.80   59.80   25.26   0.5332   0.4372  -0.6097   0.6145   0.2316   0.0652   8.1435
1950   311.06  1147.12   289.47   0.1934  167.33    1.9098    152.14    1.80   13.94  236.20   60.80   25.77   0.5234   0.4374  -0.6197   0.6190   0.2351   0.0660   8.1432
1951   311.39  1154.79   289.69   0.2840  169.39    2.0590    157.03    1.82   14.38  241.50   63.20   26.94   0.4462   0.4322  -0.6426   0.6247   0.2386   0.0667   8.1429
1952   311.76  1163.14   289.91   0.3414  171.57    2.1802    160.77    1.84   14.82  246.80   65.60   28.11   0.4482   0.4282  -0.6653   0.6311   0.2425   0.0675   8.1424
1953   312.17  1172.79   290.14   0.3603  173.92    2.3471    169.70    1.86   15.25  252.20   68.00   29.28   0.3977   0.4247  -0.6877   0.6380   0.2470   0.0682   8.1420
1954   312.62  1182.06   290.37   0.2960  176.43    2.5100    164.35    1.91   15.69  257.50   70.30   30.45   0.4031   0.4231  -0.7099   0.6457   0.2512   0.0690   8.1415
1955   313.15  1191.86   290.61   0.2259  179.24    2.8179    178.38    1.95   16.13  262.90   72.70   31.63   0.4814   0.4234  -0.7319   0.6547   0.2557   0.0698   8.1409
1956   313.77  1202.09   290.86   0.1722  182.30    3.0526    172.78    1.98   16.56  268.20   75.10   32.80   0.4888   0.4258  -0.7536   0.6654   0.2604   0.0706   8.1402
1957   314.46  1212.99   291.10   0.2993  185.52    3.2238    188.32    1.97   17.00  273.60   77.50   33.97   0.5499   0.4299  -0.7752   0.6770   0.2653   0.0714   8.1394
1958   315.19  1224.07   291.34   0.3694  188.91    3.3929    180.31    1.96   17.44  278.90   79.90   35.14   0.5963   0.4343  -0.7966   0.6894   0.2703   0.0722   8.1386
1959   315.95  1235.01   291.58   0.3719  192.40    3.4852    194.10    1.96   17.88  284.20   82.30   36.31   0.5815   0.4405  -0.8177   0.7023   0.2753   0.0730   8.1377
1960   316.90  1247.02   291.82   0.3015  195.95    3.5548    193.03    1.98   18.31  289.60   84.60   37.49   0.6108   0.4508  -0.8386   0.7184   0.2806   0.0738   8.1369
1961   317.67  1259.03   292.06   0.3389  199.56    3.6076    201.33    2.04   18.92  293.90   88.00   38.97   0.5897   0.4537  -0.8643   0.7313   0.2860   0.0746   8.1360
1962   318.38  1272.00   292.32   0.3029  203.24    3.6762    206.10    2.15   19.52  298.30   91.40   40.45   0.5259   0.4569  -0.8897   0.7432   0.2917   0.0754   8.1352
1963   319.07  1284.77   292.60   0.2307  206.95    3.7124    208.22    2.28   20.12  302.60   94.80   41.93  -0.4238   0.4592  -0.9147   0.7547   0.2974   0.0764   8.1345
1964   319.73  1297.62   292.90   0.1802  210.83    3.8782    214.44    2.42   20.73  307.00   98.10   43.42  -0.2539   0.4631  -0.9396   0.7658   0.3030   0.0774   8.1338
1965   320.33  1311.99   293.24   0.2304  215.09    4.2584    224.94    2.57   21.33  311.30  101.50   44.90   0.3045   0.4675  -0.9641   0.7758   0.3093   0.0785   8.1330
1966   321.38  1325.98   293.60   0.2986  219.62    4.5367    220.95    2.73   21.93  315.70  104.90   46.38   0.4750   0.4800  -0.9884   0.7932   0.3153   0.0797   8.1321
1967   322.21  1340.09   293.99   0.2196  224.39    4.7664    234.21    2.85   22.54  320.00  108.30   47.86   0.5048   0.4898  -1.0125   0.8070   0.3214   0.0810   8.1310
1968   323.22  1354.97   294.40   0.2239  229.47    5.0796    234.01    2.96   23.14  324.40  111.60   49.34   0.3330   0.5030  -1.0363   0.8238   0.3278   0.0823   8.1298
1969   324.47  1370.11   294.83   0.2899  234.61    5.1439    244.72    3.07   23.74  328.70  115.00   50.83   0.2609   0.5219  -1.0599   0.8443   0.3343   0.0837   8.1286
1970   325.54  1385.90   295.28   0.2877  239.77    5.1621    246.94    3.20   24.35  333.10  118.40   52.31   0.5072   0.5392  -1.0833   0.8619   0.3410   0.0852   8.1275
1971   326.44  1401.05   295.75   0.1547  245.14    5.3667    250.60    3.33   25.02  337.70  121.70   53.39   0.6253   0.5603  -1.1005   0.8767   0.3474   0.0868   8.1263
1972   327.74  1416.92   296.24   0.3123  250.87    5.7300    260.50    3.46   25.69  342.30  125.00   54.47   0.6300   0.5890  -1.1177   0.8979   0.3540   0.0884   8.1250
1973   329.20  1433.02   296.76   0.3479  256.67    5.7960    261.73    3.62   26.36  346.90  128.30   55.55   0.6532   0.6202  -1.1347   0.9217   0.3607   0.0901   8.1236
1974   330.11  1448.88   297.31   0.1886  262.23    5.5612    269.01    3.78   27.03  351.60  131.60   56.63   0.6270   0.6440  -1.1517   0.9363   0.3673   0.0919   8.1223
1975   331.25  1464.94   297.90   0.2333  267.73    5.5047    272.64    4.04   27.70  356.20  134.90   57.71   0.3913   0.6723  -1.1685   0.9548   0.3739   0.0938   8.1212
1976   332.36  1480.86   298.53   0.2543  273.95    6.2158    278.09    4.28   28.38  360.80  138.20   58.79   0.6168   0.7008  -1.1852   0.9726   0.3804   0.0959   8.1199
1977   333.95  1496.96   299.21   0.4342  280.59    6.6406    283.45    4.52   29.05  365.40  141.50   59.87   0.7846   0.7376  -1.2018   0.9981   0.3870   0.0981   8.1184
1978   335.38  1513.91   299.93   0.4477  287.41    6.8255    292.85    4.71   29.72  370.00  144.80   60.95   0.8547   0.7717  -1.2184   1.0208   0.3939   0.1005   8.1168
1979   336.93  1529.97   300.65   0.4397  294.57    7.1505    288.71    4.66   30.39  374.60  148.20   62.03   0.9464   0.8084  -1.2348   1.0455   0.4003   0.1028   8.1152
1980   338.56  1547.03   301.37   0.4947  301.57    7.0043    308.39    4.72   31.06  379.30  151.50   63.11   0.9932   0.8392  -1.2511   1.0713   0.4072   0.1052   8.1135
1981   340.01  1566.97   302.10   0.4856  308.52    6.9519    315.27    4.86   31.50  383.60  154.40   63.82   1.0211   0.8691  -1.2621   1.0941   0.4151   0.1076   8.1119
1982   341.47  1586.34   302.84   0.4896  315.76    7.2380    316.07    4.84   31.94  388.00  157.40   64.53   0.2771   0.9021  -1.2732   1.1169   0.4228   0.1100   8.1104
1983   343.13  1606.07   303.58   0.5634  323.16    7.4006    328.12    4.91   32.38  392.30  160.30   65.24   0.1840   0.9360  -1.2841   1.1429   0.4305   0.1124   8.1089
1984   344.34  1624.63   304.32   0.3922  330.76    7.5957    320.14    4.90   32.82  396.70  163.30   65.95   0.7755   0.9635  -1.2950   1.1616   0.4378   0.1148   8.1074
1985   345.73  1637.93   305.05   0.4299  338.36    7.6076    308.06    4.96   33.26  401.10  166.30   66.67   0.9621   0.9931  -1.3059   1.1830   0.4430   0.1172   8.1059
1986   347.33  1650.25   305.79   0.4821  346.25    7.8885    321.94    4.93   33.70  405.40  169.20   67.38   1.0120   1.0260  -1.3167   1.2078   0.4477   0.1195   8.1043
1987   349.25  1662.90   306.53   0.6561  354.83    8.5731    316.92    5.15   34.14  409.80  172.20   68.09   1.0697   1.0647  -1.3275   1.2372   0.4526   0.1220   8.1025
1988   351.15  1673.58   307.35   0.5363  363.53    8.7090    317.70    5.74   34.58  414.20  175.10   68.80   1.1625   1.1025  -1.3383   1.2661   0.4567   0.1246   8.1005
1989   352.64  1683.99   308.22   0.4624  371.52    7.9902    321.42    5.63   35.02  418.50  178.10   69.51   1.2817   1.1337  -1.3490   1.2887   0.4607   0.1274   8.0987
1990   354.21  1693.42   309.00   0.6275  378.83    7.3077    318.00    5.05   35.46  422.90  181.00   70.22   1.3045   1.1655  -1.3597   1.3125   0.4643   0.1299   8.0973
1991   355.42  1703.06   309.70   0.6280  386.09    7.2571    328.19    4.84   35.77  426.70  181.60   70.72   0.4281   1.1921  -1.3674   1.3307   0.4680   0.1322   8.0961
1992   356.54  1710.93   310.38   0.6047  393.14    7.0519    313.60    4.91   36.08  430.60  182.10   71.22  -0.0592   1.2138  -1.3751   1.3475   0.4710   0.1343   8.0951
1993   357.51  1715.24   311.05   0.5913  400.86    7.7228    312.57    4.90   36.38  434.50  182.60   71.73   0.8807   1.2317  -1.3828   1.3619   0.4726   0.1365   8.0940
1994   359.02  1721.36   311.74   0.6393  409.64    8.7790    327.06    5.10   36.69  438.30  183.20   72.23   1.2284   1.2544  -1.3904   1.3844   0.4749   0.1387   8.0925
1995   360.83  1727.97   312.47   0.6526  418.51    8.8641    319.33    5.40   37.00  442.20  183.70   72.73   1.2690   1.2820  -1.3981   1.4113   0.4774   0.1411   8.0907
1996   362.48  1730.33   313.26   0.5792  427.15    8.6383    306.85    5.62   37.30  446.00  184.20   73.23   1.2814   1.3054  -1.4057   1.4357   0.4783   0.1436   8.0890
1997   364.30  1733.85   314.08   0.7225  436.26    9.1177    328.07    5.92   37.61  449.90  184.70   73.73   1.3342   1.3302  -1.4133   1.4624   0.4796   0.1462   8.0872
1998   366.55  1743.16   314.98   0.7960  445.52    9.2610    342.75    6.31   37.92  453.70  185.30   74.24   1.4251   1.3641  -1.4209   1.4953   0.4831   0.1491   8.0854
1999   367.96  1750.48   315.95   0.6377  454.41    8.8812    322.25    6.83   38.23  457.60  185.80   74.74   1.4808   1.3848  -1.4285   1.5158   0.4859   0.1522   8.0836
2000   369.56  1752.11   317.04   0.6971  462.93    8.5266    314.64    7.47   38.53  461.50  186.30   75.24   1.5401   1.4061  -1.4361   1.5389   0.4865   0.1557   8.0820
