8.30
8.37
8.45
8.52
8.60
8.67
8.75
8.82
8.90
8.96
9.03
9.28
9.54
9.79
10.04
10.29
10.53
10.78
11.03
11.28
11.53
11.74
11.90
12.01
12.07
12.08
12.00
11.88
11.75
11.66
11.61
11.59
11.62
11.70
11.81
11.87
11.89
11.91
11.91
11.90
11.87
11.83
11.74
11.65
11.55
11.42
11.27
11.11
10.92
10.72
10.48
10.27
10.04
9.78
9.48
9.14
8.77
8.37
7.93
7.46
6.96
6.40
5.83
5.25
4.67
4.10
3.56
3.03
2.52
2.05
1.59
1.19
0.80
0.44
0.10
-0.23
-0.54
-0.83
-1.11
-1.39
-1.65
-1.90
-2.13
-2.36
-2.58
-2.79
-2.99
-3.19
-3.38
-3.58
-3.76
-3.94
-4.12
-4.29
-4.45
-4.62
-4.78
-4.93
-5.01
-5.03
-5.04
-5.04
-5.04
-5.04
-4.93
-4.71
-4.38
-3.93
-3.37
-2.70
-1.92
-1.03
-0.04
0.83
1.59
2.25
2.79
3.22
3.53
3.74
3.83
3.82
3.69
3.45
3.10
2.64
2.06
1.52
1.09
0.77
0.57
0.47
0.49
0.62
0.83
0.94
0.93
0.81
0.80
0.86
0.83
0.83
0.82
0.82
0.81
0.80
0.79
0.78
0.77
0.77
0.76
0.75
0.74
0.73
0.72
0.72
0.71
0.70
0.69
0.68
0.68
0.67
0.66
0.65
0.65
0.64
0.63
0.62
0.62
0.61
0.60
0.60
0.59
0.59
0.58
0.57
0.57
0.56
0.56
0.55
0.54
0.54
0.53
0.53
0.52
0.52
0.51
0.51
0.50
0.49
0.51
0.47
0.32
0.21
0.22
0.34
0.57
0.74
0.80
0.75
0.59
0.31
-0.07
-0.35
-0.51
-0.56
-0.51
-0.56
-0.72
-1.00
-1.38
-1.88
-2.27
-2.75
-3.13
-3.40
-3.55
-3.59
-3.52
-3.34
-3.05
-2.65
-2.36
-2.17
-2.11
-2.15
-2.08
-1.90
-1.61
-1.43
-1.36
-1.18
-0.88
-0.70
-0.63
-0.68
-0.83
-0.87
-0.80
-0.62
-0.55
-0.60
-0.75
-0.79
-0.95
-0.99
-0.92
-0.96
-0.89
-0.94
-1.09
-1.13
-1.29
-1.33
-1.48
-1.75
-2.12
-2.39
-2.54
-2.59
-2.74
-2.87
-2.89
-2.80
-2.59
-2.28
-2.08
-1.76
-1.56
-1.46
-1.26
-1.17
-1.02
-0.99
-0.94
-1.00
-0.95
-1.01
-1.18
-1.26
-1.23
-1.09
-0.84
-0.48
0.00
0.36
0.61
0.97
1.22
1.59
1.84
2.20
2.45
2.81
3.07
3.43
3.68
3.84
3.92
3.92
4.02
4.01
4.12
4.11
4.22
4.21
4.09
3.86
3.74
3.51
3.40
3.17
2.82
2.37
2.03
1.60
1.28
0.85
0.53
0.09
-0.23
-0.66
-0.98
-1.19
-1.28
-1.27
-1.14
-1.13
-1.00
-0.99
-0.86
-0.85
-0.72
-0.49
-0.36
-0.29
-0.32
-0.47
-0.51
-0.43
-0.25
-0.17
0.01
0.12
0.34
0.44
0.66
0.77
0.98
1.09
1.09
0.97
0.96
0.85
0.84
0.73
0.72
0.60
0.60
0.48
0.48
0.36
0.36
0.40
0.56
0.60
0.76
0.80
0.95
1.00
0.93
0.75
0.68
0.51
0.44
0.26
0.19
0.24
0.39
0.44
0.59
0.63
0.57
0.39
0.32
0.37
0.30
0.34
0.27
0.32
0.25
0.29
0.23
0.27
0.20
0.25
0.18
0.22
0.16
0.20
0.13
0.18
0.11
0.15
0.09
0.13
0.19
0.36
0.42
0.60
0.66
0.83
0.89
1.06
1.12
1.07
0.91
0.86
0.69
0.57
0.34
0.22
-0.02
-0.14
-0.37
-0.49
-0.73
-0.85
-1.08
-1.21
-1.22
-1.12
-1.13
-1.03
-1.04
-0.94
-0.95
-0.85
-0.63
-0.46
-0.40
-0.23
-0.17
0.01
0.07
0.24
0.30
0.47
0.53
0.71
0.77
0.94
1.00
0.95
0.79
0.74
0.58
0.30
0.14
0.09
0.15
0.10
0.16
0.10
0.16
0.11
0.17
0.11
0.17
0.12
0.18
0.12
0.18
0.13
0.19
0.13
0.19
0.14
0.20
0.14
0.20
0.37
0.43
0.38
0.44
0.38
0.44
0.39
0.45
0.39
0.23
-0.05
-0.21
-0.49
-0.65
-0.93
-1.09
-1.37
-1.53
-1.81
-1.98
