-0.07
-0.14
-0.14
-0.13
-0.13
-0.12
-0.10
-0.09
-0.08
-0.07
-0.05
-0.04
-0.03
-0.01
0.01
0.03
0.05
0.07
0.09
0.10
0.12
0.14
0.16
0.18
0.20
0.22
0.24
0.25
0.27
0.28
0.30
0.31
0.33
0.35
0.36
0.37
0.38
0.39
0.40
0.41
0.41
0.41
0.41
0.41
0.41
0.41
0.41
0.41
0.42
0.42
0.42
0.43
0.44
0.45
0.46
0.47
0.49
0.51
0.55
0.59
0.62
0.65
0.65
0.62
0.60
0.61
0.65
0.69
0.66
0.57
0.49
0.42
0.36
0.34
0.32
0.27
0.23
0.19
0.15
0.12
0.11
0.10
0.09
0.06
0.03
0.02
0.01
0.00
0.00
0.00
0.01
0.03
0.05
0.08
0.11
0.14
0.16
0.19
0.21
0.23
0.25
0.26
0.26
0.28
0.31
0.33
0.35
0.36
0.37
0.39
0.40
0.41
0.41
0.43
0.44
0.45
0.46
0.50
0.53
0.56
0.59
0.64
0.77
0.85
0.90
0.99
1.06
1.14
1.21
1.29
1.38
1.51
1.42
1.46
1.49
1.53
1.51
1.43
1.38
1.30
1.30
1.29
1.27
1.22
1.22
1.22
1.22
1.25
1.29
1.37
1.43
1.59
1.66
1.81
1.91
1.99
2.05
2.11
2.07
2.10
2.13
2.04
2.00
2.00
1.87
1.83
1.89
1.93
1.90
1.79
1.95
1.93
1.99
2.17
2.21
2.24
2.26
2.44
2.45
2.53
2.44
2.33
2.17
2.12
2.09
2.08
2.11
2.02
1.81
1.74
1.75
1.68
1.59
1.56
1.50
1.27
1.32
1.50
1.62
1.63
1.91
2.06
2.18
2.35
2.51
2.82
3.05
3.22
3.39
3.49
3.55
3.61
3.68
3.71
3.88
4.26
4.54
4.77
5.08
5.14
5.16
5.37
5.73
5.80
5.56
5.50
6.22
6.64
6.83
7.15
7.00
6.95
7.24
7.40
7.60
7.61
7.89
8.57
8.71
7.99
7.31
7.26
7.05
7.72
8.78
8.86
8.64
9.12
9.26
8.88
8.53
