0.76
0.79
0.82
0.85
0.88
0.91
0.94
0.97
1.00
1.03
1.07
1.10
1.13
1.17
1.20
1.23
1.27
1.30
1.34
1.37
1.41
1.44
1.48
1.51
1.54
1.57
1.61
1.64
1.67
1.70
1.73
1.75
1.78
1.81
1.84
1.86
1.89
1.92
1.95
1.97
2.00
2.02
2.05
2.07
2.10
2.12
2.14
2.16
2.18
2.21
2.23
2.25
2.26
2.28
2.30
2.32
2.33
2.35
2.36
2.37
2.39
2.40
2.41
2.42
2.42
2.43
2.44
2.44
2.44
2.44
2.44
2.44
2.44
2.44
2.44
2.43
2.43
2.42
2.42
2.41
2.40
2.39
2.38
2.37
2.36
2.35
2.34
2.33
2.31
2.30
2.29
2.28
2.26
2.25
2.23
2.22
2.20
2.19
2.18
2.16
2.14
2.13
2.11
2.10
2.08
2.07
2.05
2.04
2.02
2.01
2.00
1.99
1.98
1.97
1.97
1.96
1.96
1.96
1.96
1.96
1.97
1.97
1.97
1.98
1.98
1.99
1.99
1.99
2.00
2.00
2.00
2.00
2.00
2.00
2.00
2.00
2.00
2.00
2.00
2.00
2.00
2.00
2.00
2.00
2.00
2.00
2.00
2.00
2.00
2.00
2.00
2.00
2.00
2.00
2.00
2.00
2.00
2.00
2.00
2.00
2.00
2.00
2.00
2.00
2.00
2.00
2.00
2.00
2.00
2.00
2.00
2.00
2.00
2.00
2.00
2.00
2.00
2.00
2.00
2.00
2.00
2.00
2.00
2.00
2.00
2.00
2.00
2.00
2.00
2.00
2.00
2.00
2.00
2.00
2.00
2.00
2.00
2.00
2.00
2.00
2.00
2.00
2.00
2.00
2.00
2.00
2.00
1.99
1.99
1.99
1.99
1.99
1.98
1.98
1.97
1.97
1.96
1.96
1.95
1.94
1.93
1.93
1.92
1.91
1.91
1.90
1.90
1.89
1.89
1.88
1.88
1.87
1.87
1.87
1.86
1.86
1.86
1.86
1.86
1.85
1.85
1.85
1.85
1.85
1.85
1.85
1.84
1.84
1.84
1.84
1.84
1.83
1.83
1.83
1.83
1.83
1.82
1.82
1.82
1.81
1.81
1.80
1.80
1.79
1.79
1.78
1.78
1.77
1.77
1.76
1.76
1.76
1.76
1.75
1.75
1.75
1.75
1.75
1.74
1.74
1.74
1.74
1.74
1.74
1.73
1.73
1.73
1.74
1.74
1.74
1.74
1.75
1.75
1.75
1.76
1.77
1.77
1.78
1.79
1.79
1.80
1.81
1.82
1.83
1.84
1.85
1.85
1.86
1.87
1.88
1.89
1.90
1.90
1.91
1.92
1.92
1.93
1.93
1.93
1.94
1.94
1.94
1.94
1.94
1.94
1.93
1.93
1.93
1.93
1.93
1.92
1.92
1.92
1.92
1.91
1.91
1.91
1.91
1.91
1.91
1.90
1.90
1.90
1.90
1.90
1.90
1.90
1.90
1.90
1.90
1.90
1.90
1.91
1.91
1.91
1.91
1.91
1.91
1.91
1.92
1.92
1.92
1.92
1.92
1.92
1.92
1.92
1.92
1.92
1.92
1.93
1.93
1.93
1.93
1.93
1.93
1.93
1.93
1.93
1.93
1.93
1.93
1.94
1.94
1.94
1.94
1.94
1.94
1.94
1.94
1.94
1.94
1.94
1.94
1.94
1.94
1.94
1.94
1.94
1.94
1.94
1.94
1.94
1.94
1.94
1.94
1.94
1.94
1.94
1.94
1.94
1.94
1.94
1.94
1.95
1.95
1.95
1.95
1.95
1.95
1.95
1.95
1.96
1.96
1.96
1.96
1.95
1.95
1.95
1.95
1.95
1.95
1.94
1.94
1.94
1.94
1.93
1.93
1.93
1.93
1.93
1.92
1.92
1.92
1.92
1.92
1.92
1.92
1.92
1.92
1.92
1.92
1.92
1.93
1.93
1.93
1.93
1.93
1.93
1.93
1.93
1.93
1.93
1.94
1.94
1.94
1.94
1.94
1.94
1.94
1.94
1.94
1.94
1.94
1.94
1.94
1.94
1.94
1.94
1.94
1.94
1.94
1.94
1.94
1.94
1.94
1.94
1.94
1.94
1.94
1.94
1.95
1.95
1.95
1.94
1.94
1.94
1.94
1.94
1.94
1.93
