YEAR ENG NEG CONCO2 OCNCO2UP LNDCO2UP ANTCH4 ANTN2O CONCH4 CONN2O RADTTL T2MP
2000    7.220000    1.080000  369.693598    1.663265    3.123857  281.600   7.0700  1752.1   317.0   1.46155   0.76094
2001    7.310000    1.060000  371.322706    1.681564    3.157871  285.200   7.1700  1741.8   318.1   1.50344   0.78944
2002    7.400000    1.050000  372.993170    1.703065    3.189621  288.700   7.2700  1734.5   319.2   1.54719   0.81913
2003    7.490000    1.030000  374.674046    1.724365    3.221086  292.200   7.3700  1729.9   320.3   1.59313   0.84936
2004    7.580000    1.020000  376.365472    1.745459    3.252533  295.800   7.4600  1727.7   321.4   1.63840   0.87973
2005    7.670000    1.000000  378.067521    1.766352    3.284038  299.200   7.5600  1727.7   322.5   1.68713   0.91052
2006    7.760000    0.990000  379.780256    1.787052    3.315591  302.800   7.6600  1729.9   323.6   1.73542   0.94161
2007    7.850000    0.970000  381.503750    1.807568    3.347146  306.200   7.7600  1733.9   324.8   1.78447   0.97301
2008    7.940000    0.960000  383.238101    1.827752    3.378599  309.800   7.8600  1739.7   325.9   1.83466   1.00481
2009    8.020000    0.940000  384.981264    1.847434    3.409756  313.300   7.9500  1747.0   327.1   1.88557   1.03702
2010    8.110000    0.920000  386.731323    1.869710    3.441390  316.800   8.0500  1755.7   328.2   1.93723   1.06966
2011    8.370000    0.910000  388.529722    1.898156    3.476166  323.200   8.1900  1766.2   329.4   1.98993   1.10275
2012    8.630000    0.910000  390.415801    1.930685    3.516476  329.500   8.3200  1778.9   330.6   2.04193   1.13616
2013    8.890000    0.900000  392.385934    1.964515    3.562434  335.900   8.4500  1793.6   331.8   2.09548   1.17003
2014    9.150000    0.890000  394.434838    1.999462    3.613062  342.300   8.5900  1810.1   333.1   2.15118   1.20452
2015    9.410000    0.880000  396.559985    2.035367    3.667460  348.600   8.7200  1828.1   334.3   2.20732   1.23958
2016    9.660000    0.870000  398.757089    2.072088    3.724855  355.000   8.8700  1847.8   335.6   2.26463   1.27523
2017    9.920000    0.860000  401.024483    2.109800    3.784706  361.300   9.0000  1868.9   336.9   2.32163   1.31138
2018   10.180000    0.850000  403.362942    2.148432    3.846679  367.700   9.1400  1891.2   338.1   2.38315   1.34840
2019   10.440000    0.840000  405.771180    2.187769    3.910471  374.100   9.2700  1914.9   339.5   2.44448   1.38616
2020   10.700000    0.830000  408.248103    2.226121    3.975279  380.400   9.4000  1939.7   340.8   2.50614   1.42455
2021   10.970000    0.810000  410.768920    2.262191    4.039590  383.526   9.4347  1964.9   342.1   2.56410   1.46312
2022   11.240000    0.790000  413.319411    2.298625    4.102771  387.609   9.3896  1990.2   343.4   2.62354   1.50198
2023   11.520000    0.770000  415.922862    2.337168    4.165846  393.999   9.2214  2015.9   344.7   2.68004   1.54084
2024   11.790000    0.750000  418.589578    2.376617    4.229799  400.325   9.0005  2042.7   346.0   2.74130   1.58021
2025   12.070000    0.730000  421.318157    2.416143    4.294708  406.507   8.8802  2070.3   347.2   2.80117   1.61993
2026   12.340000    0.700000  424.105064    2.455509    4.360267  412.831   8.8465  2098.6   348.3   2.86144   1.65996
2027   12.610000    0.680000  426.946957    2.495021    4.426268  418.890   8.9125  2127.7   349.5   2.92188   1.70031
2028   12.890000    0.660000  429.847086    2.534777    4.492694  424.990   9.0385  2157.5   350.6   2.98347   1.74105
2029   13.160000    0.640000  432.804175    2.574484    4.559484  431.018   9.1062  2188.0   351.8   3.04728   1.78237
2030   13.440000    0.620000  435.816958    2.613948    4.626442  436.869   9.1721  2218.9   353.0   3.11035   1.82412
2031   13.710000    0.590000  438.881987    2.652824    4.693256  442.938   9.2459  2250.3   354.2   3.17269   1.86609
2032   13.980000    0.560000  441.993763    2.691133    4.759604  448.734   9.3087  2282.1   355.3   3.23615   1.90843
2033   14.250000    0.530000  445.151257    2.729052    4.825333  454.633   9.3708  2314.2   356.5   3.29969   1.95110
2034   14.520000    0.500000  448.353358    2.766541    4.890394  460.243   9.4397  2346.7   357.7   3.36640   1.99441
2035   14.790000    0.470000  451.598860    2.803557    4.954743  465.852   9.4903  2379.4   358.9   3.43079   2.03802
2036   15.060000    0.440000  454.886452    2.840058    5.018330  471.362   9.5563  2412.3   360.1   3.49890   2.08227
2037   15.330000    0.410000  458.214708    2.876000    5.081100  476.768   9.6208  2445.4   361.3   3.56398   2.12677
2038   15.600000    0.380000  461.582073    2.911338    5.142991  482.062   9.6674  2478.6   362.5   3.62987   2.17155
2039   15.870000    0.350000  464.986854    2.946026    5.203932  487.237   9.7291  2512.0   363.7   3.69534   2.21656
2040   16.140000    0.320000  468.427227    2.979895    5.263805  492.196   9.7893  2545.5   364.9   3.76420   2.26214
2041   16.410000    0.280000  471.899000    3.012518    5.322329  497.221   9.7916  2578.9   366.1   3.82389   2.30729
2042   16.670000    0.230000  475.393619    3.043772    5.379118  502.211   9.8011  2612.2   367.2   3.88789   2.35249
2043   16.940000    0.180000  478.906878    3.074024    5.433984  506.972   9.8018  2645.3   368.4   3.94803   2.39745
2044   17.200000    0.140000  482.438851    3.103357    5.486954  511.592   9.8096  2678.1   369.6   4.00906   2.44228
2045   17.470000    0.090000  485.987012    3.131508    5.538004  516.067   9.8244  2710.7   370.7   4.06803   2.48686
2046   17.730000    0.040000  489.546359    3.158527    5.587049  520.395   9.8226  2743.0   371.9   4.12602   2.53114
2047   18.000000    0.000000  493.116083    3.184480    5.634069  524.664   9.8277  2775.0   373.0   4.18658   2.57548
2048   18.260000   -0.050000  496.692775    3.209210    5.679022  528.688   9.8321  2806.8   374.1   4.24610   2.61979
2049   18.530000   -0.090000  500.272660    3.232653    5.721803  532.646   9.8357  2838.3   375.2   4.30525   2.66404
2050   18.790000   -0.140000  503.851644    3.255711    5.762623  536.353   9.8383  2869.5   376.3   4.36210   2.70801
2051   19.180000   -0.200000  507.444259    3.279608    5.802366  539.626   9.8325  2900.0   377.4   4.41633   2.75153
2052   19.570000   -0.260000  511.067624    3.303564    5.841830  542.913   9.8184  2929.9   378.5   4.46984   2.79458
2053   19.960000   -0.320000  514.713894    3.326417    5.880897  545.944   9.8037  2959.0   379.6   4.52356   2.83731
2054   20.350000   -0.380000  518.374872    3.347873    5.918934  548.806   9.7958  2987.4   380.7   4.57936   2.88002
2055   20.740000   -0.450000  522.039721    3.367733    5.955284  551.499   9.7872  3015.0   381.7   4.63212   2.92242
2056   21.130000   -0.510000  525.699435    3.386012    5.989404  554.022   9.7705  3041.9   382.7   4.68417   2.96446
2057   21.520000   -0.570000  529.346664    3.402540    6.020855  556.459   9.7604  3067.9   383.8   4.73624   3.00625
2058   21.910000   -0.630000  532.971083    3.417028    6.049179  558.636   9.7497  3093.1   384.8   4.78691   3.04768
2059   22.300000   -0.690000  536.561633    3.429270    6.073892  560.639   9.7238  3117.6   385.8   4.83671   1.50000
2060   22.690000   -0.750000  540.106442    3.438042    6.094159  562.470   9.7119  3141.3   386.7   4.88508   1.50000
2061   22.940000   -0.800000  543.571056    3.441997    6.108492  561.940   9.6920  3163.9   387.7   4.93014   1.50000
2062   23.190000   -0.850000  546.921829    3.441691    6.115560  561.188   9.6644  3184.9   388.7   4.97334   1.50000
2063   23.440000   -0.900000  550.147523    3.437825    6.114897  560.380   9.6433  3204.2   389.6   5.01466   1.50000
2064   23.690000   -0.950000  553.235690    3.430221    6.106419  559.353   9.6077  3222.0   390.6   5.05370   1.50000
2065   23.940000   -1.000000  556.172581    3.418775    6.090023  558.272   9.5856  3238.3   391.5   5.08815   1.50000
2066   24.190000   -1.040000  558.945352    3.403275    6.065558  556.978   9.5560  3253.2   392.4   5.12337   1.50000
2067   24.440000   -1.090000  561.537484    3.383281    6.032708  555.632   9.5327  3266.7   393.3   5.15557   1.50000
2068   24.690000   -1.140000  563.928799    3.358488    5.990998  554.158   9.5020  3278.9   394.1   5.18535   1.50000
2069   24.940000   -1.190000  566.099964    3.328661    5.939912  552.476   9.4709  3289.9   395.0   5.21259   1.50000
2070   25.190000   -1.240000  568.030151    3.293231    5.878816  550.749   9.4393  3299.6   395.8   5.23751   1.50000
2071   25.340000   -1.260000  569.691889    3.251583    5.806859  548.895   9.3938  3308.0   396.7   5.25871   1.50000
2072   25.500000   -1.290000  571.056967    3.203667    5.723227  546.913   9.3546  3315.1   397.5   5.27980   1.50000
2073   25.660000   -1.310000  572.105203    3.149554    5.627392  544.805   9.3084  3320.6   398.3   5.29199   1.50000
2074   25.820000   -1.330000  572.817109    3.088840    5.518915  542.571   9.2685  3324.8   399.1   5.30339   1.50000
2075   25.970000   -1.360000  573.168655    3.021303    5.397314  540.214   9.2153  3327.7   399.8   5.31083   1.50000
2076   26.130000   -1.380000  573.142050    2.947310    5.262358  537.661   9.1747  3329.3   400.6   5.31196   1.50000
2077   26.290000   -1.400000  572.728686    2.867351    5.114248  535.062   9.1274  3329.7   401.3   5.31105   1.50000
2078   26.440000   -1.420000  571.926119    2.782181    4.953638  532.345   9.0861  3329.0   402.0   5.30642   1.50000
2079   26.600000   -1.450000  570.744257    2.693229    4.781831  529.508   9.0381  3327.2   402.7   5.29557   1.50000
2080   26.760000   -1.470000  569.210881    2.602179    4.600906  526.553   8.9961  3324.2   403.4   5.28571   1.50000
2081   26.810000   -1.480000  567.365271    2.510408    4.413449  522.995   8.9413  3320.1   404.1   5.26778   1.50000
2082   26.850000   -1.490000  565.250880    2.418933    4.222125  519.263   8.8986  3314.7   404.7   5.24614   1.50000
2083   26.900000   -1.510000  562.910965    2.328487    4.029376  515.427   8.8494  3308.0   405.3   5.22521   1.50000
2084   26.950000   -1.520000  560.385714    2.239541    3.837253  511.419   8.8000  3299.9   406.0   5.19904   1.50000
2085   26.990000   -1.530000  557.710293    2.152222    3.647286  507.377   8.7563  3290.6   406.6   5.17398   1.50000
2086   27.040000   -1.540000  554.911275    2.066490    3.460449  503.297   8.7003  3280.1   407.2   5.14652   1.50000
2087   27.090000   -1.550000  552.009976    1.982324    3.277271  499.050   8.6559  3268.6   407.7   5.11451   1.50000
2088   27.130000   -1.560000  549.023104    1.899573    3.097942  494.702   8.6053  3256.0   408.3   5.08475   1.50000
2089   27.180000   -1.580000  545.961783    1.818167    2.922417  490.247   8.5544  3242.4   408.8   5.05064   1.50000
2090   27.230000   -1.590000  542.836815    1.738228    2.750604  485.630   8.5033  3227.7   409.4   5.01786   1.50000
2091   27.290000   -1.600000  539.659013    1.659704    2.582407  480.611   8.4518  3212.1   409.9   4.98239   1.50000
2092   27.360000   -1.610000  536.435125    1.582440    2.417645  475.445   8.4001  3195.6   410.4   4.94798   1.50000
2093   27.420000   -1.620000  533.170722    1.506369    2.256088  470.136   8.3425  3178.2   410.8   4.91003   1.50000
2094   27.490000   -1.630000  529.870376    1.431312    2.097467  464.802   8.2903  3160.0   411.3   4.87370   1.50000
2095   27.550000   -1.650000  526.535690    1.357183    1.941494  459.383   8.2433  3141.1   411.8   4.83417   1.50000
2096   27.610000   -1.660000  523.170048    1.284095    1.787974  453.878   8.1850  3121.4   412.2   4.79645   1.50000
2097   27.680000   -1.670000  519.778198    1.211996    1.636800  448.229   8.1320  3100.8   412.6   4.75497   1.50000
2098   27.740000   -1.680000  516.362363    1.140734    1.487838  442.551   8.0733  3079.6   413.0   4.71595   1.50000
2099   27.810000   -1.690000  512.924364    1.071559    1.341383  436.788   8.0198  3057.6   413.4   4.67230   1.50000
2100   27.870000   -1.700000  509.491861    1.007537    1.199140  430.888   7.9660  3035.0   413.8   4.63377   1.50000
2101   27.870000   -1.700000  506.120989    0.949616    1.063715  423.454   7.8961  3011.6   414.1   4.59034   1.50000
2102   27.870000   -1.700000  502.838107    0.895633    0.936508  415.991   7.8263  2987.2   414.5   4.54715   1.50000
2103   27.870000   -1.700000  499.638054    0.844165    0.817184  408.496   7.7564  2961.8   414.8   4.50418   1.50000
2104   27.870000   -1.700000  496.516190    0.795039    0.704838  400.968   7.6865  2935.6   415.1   4.46139   1.50000
2105   27.870000   -1.700000  493.468365    0.748103    0.598644  393.408   7.6168  2908.5   415.4   4.41877   1.50000
2106   27.870000   -1.700000  490.490866    0.703214    0.497888  385.821   7.5469  2880.6   415.6   4.37633   1.50000
2107   27.870000   -1.700000  487.580350    0.660243    0.401973  378.210   7.4850  2852.0   415.9   4.33403   1.50000
2108   27.870000   -1.700000  484.733787    0.619071    0.310406  370.572   7.4850  2822.7   416.1   4.29191   1.50000
2109   27.870000   -1.700000  481.948412    0.579584    0.222784  362.902   7.4850  2792.7   416.4   4.24997   1.50000
2110   27.870000   -1.700000  479.221683    0.541679    0.138772  355.198   7.4850  2762.2   416.6   4.20819   1.50000
2111   27.870000   -1.700000  476.551246    0.505260    0.058095  347.464   7.4850  2731.1   416.9   4.16657   1.50000
2112   27.870000   -1.700000  473.934910    0.470234   -0.019478  339.707   7.4850  2699.4   417.1   4.12511   1.50000
2113   27.870000   -1.700000  471.370627    0.436518   -0.094147  331.923   7.4850  2667.3   417.3   4.08378   1.50000
2114   27.870000   -1.700000  468.856472    0.404033   -0.166083  324.103   7.4850  2634.7   417.6   4.04259   1.50000
2115   27.870000   -1.700000  466.390633    0.372706   -0.235436  316.251   7.4850  2601.7   417.8   4.00153   1.50000
2116   27.870000   -1.700000  463.971397    0.342466   -0.302342  308.381   7.4850  2568.2   418.0   3.96059   1.50000
2117   27.870000   -1.700000  461.597142    0.313251   -0.366923  300.487   7.4850  2534.4   418.2   3.91976   1.50000
2118   27.870000   -1.700000  459.266332    0.285001   -0.429289  292.549   7.4850  2500.3   418.5   3.87904   1.50000
2119   27.870000   -1.700000  456.977508    0.257659   -0.489545  284.579   7.4850  2465.8   418.7   3.83841   1.50000
2120   27.870000   -1.700000  454.729282    0.231174   -0.547785  276.604   7.4850  2430.9   418.9   3.79788   1.50000
2121   27.870000   -1.700000  452.520334    0.205497   -0.604099  268.579   7.4850  2395.9   419.1   3.75743   1.50000
2122   27.870000   -1.700000  450.349405    0.180582   -0.658569  260.522   7.4850  2360.5   419.3   3.71705   1.50000
2123   27.870000   -1.700000  448.215298    0.156388   -0.711276  252.462   7.4850  2324.9   419.5   3.67675   1.50000
2124   27.870000   -1.700000  446.116868    0.132874   -0.762291  244.740   7.4850  2289.1   419.8   3.63653   1.50000
2125   27.870000   -1.700000  444.053025    0.110004   -0.811687  244.740   7.4850  2254.7   420.0   3.59702   1.50000
2126   27.870000   -1.700000  442.022724    0.087743   -0.859528  244.740   7.4850  2222.7   420.2   3.55878   1.50000
2127   27.870000   -1.700000  440.024970    0.066060   -0.905878  244.740   7.4850  2193.2   420.4   3.52174   1.50000
2128   27.870000   -1.700000  438.058808    0.044923   -0.950795  244.740   7.4850  2165.8   420.6   3.48585   1.50000
2129   27.870000   -1.700000  436.123327    0.024306   -0.994337  244.740   7.4850  2140.5   420.8   3.45104   1.50000
2130   27.870000   -1.700000  434.217653    0.004181   -1.036557  244.740   7.4850  2117.0   421.0   3.41725   1.50000
2131   27.870000   -1.700000  432.340948   -0.015475   -1.077506  244.740   7.4850  2095.3   421.2   3.38442   1.50000
2132   27.870000   -1.700000  430.492409   -0.034687   -1.117231  244.740   7.4850  2075.3   421.4   3.35251   1.50000
2133   27.870000   -1.700000  428.671267   -0.053474   -1.155780  244.740   7.4850  2056.8   421.6   3.32148   1.50000
2134   27.870000   -1.700000  426.876783   -0.071858   -1.193195  244.740   7.4850  2039.6   421.8   3.29126   1.50000
2135   27.870000   -1.700000  425.108246   -0.089856   -1.229518  244.740   7.4850  2023.8   421.9   3.26183   1.50000
2136   27.870000   -1.700000  423.364975   -0.107488   -1.264790  244.740   7.4850  2009.2   422.1   3.23314   1.50000
2137   27.870000   -1.700000  421.646313   -0.124769   -1.299046  244.740   7.4850  1995.7   422.3   3.20516   1.50000
2138   27.870000   -1.700000  419.951629   -0.141714   -1.332325  244.740   7.4850  1983.2   422.5   3.17784   1.50000
2139   27.870000   -1.700000  418.280316   -0.158339   -1.364659  244.740   7.4850  1971.6   422.7   3.15115   1.50000
2140   27.870000   -1.700000  416.631788   -0.174656   -1.396081  244.740   7.4850  1961.0   422.9   3.12506   1.50000
2141   27.870000   -1.700000  415.005483   -0.190679   -1.426624  244.740   7.4850  1951.1   423.1   3.09954   1.50000
2142   27.870000   -1.700000  413.400855   -0.206420   -1.456315  244.740   7.4850  1942.1   423.2   3.07456   1.50000
2143   27.870000   -1.700000  411.817381   -0.221890   -1.485184  244.740   7.4850  1933.7   423.4   3.05008   1.50000
2144   27.870000   -1.700000  410.254554   -0.237099   -1.513259  244.740   7.4850  1925.9   423.6   3.02610   1.50000
2145   27.870000   -1.700000  408.711886   -0.252058   -1.540564  244.740   7.4850  1918.8   423.8   3.00257   1.50000
2146   27.870000   -1.700000  407.188905   -0.266776   -1.567125  244.740   7.4850  1912.2   423.9   2.97949   1.50000
2147   27.870000   -1.700000  405.685153   -0.281262   -1.592965  244.740   7.4850  1906.1   424.1   2.95682   1.50000
2148   27.870000   -1.700000  404.200189   -0.295524   -1.618108  244.740   7.4850  1900.4   424.3   2.93454   1.50000
2149   27.870000   -1.700000  402.733587   -0.309570   -1.642575  244.740   7.4850  1895.3   424.4   2.91264   1.50000
2150   27.870000   -1.700000  401.284932   -0.323408   -1.666386  244.740   7.4850  1890.5   424.6   2.89110   1.50000
2151   27.870000   -1.700000  399.853824   -0.337045   -1.689563  244.740   7.4850  1886.1   424.8   2.86991   1.50000
2152   27.870000   -1.700000  398.439876   -0.350488   -1.712123  244.740   7.4850  1882.0   424.9   2.84903   1.50000
2153   27.870000   -1.700000  397.042710   -0.363742   -1.734087  244.740   7.4850  1878.2   425.1   2.82847   1.50000
2154   27.870000   -1.700000  395.661963   -0.376815   -1.755470  244.740   7.4850  1874.7   425.2   2.80820   1.50000
2155   27.870000   -1.700000  394.297281   -0.389710   -1.776290  244.740   7.4850  1871.5   425.4   2.78822   1.50000
2156   27.870000   -1.700000  392.948321   -0.402435   -1.796564  244.740   7.4850  1868.6   425.6   2.76851   1.50000
2157   27.870000   -1.700000  391.614749   -0.414994   -1.816308  244.740   7.4850  1865.9   425.7   2.74906   1.50000
2158   27.870000   -1.700000  390.296242   -0.427393   -1.835535  244.740   7.4850  1863.3   425.9   2.72985   1.50000
2159   27.870000   -1.700000  388.992486   -0.439634   -1.854261  244.740   7.4850  1861.0   426.0   2.71088   1.50000
2160   27.870000   -1.700000  387.703174   -0.451725   -1.872500  244.740   7.4850  1858.9   426.2   2.69214   1.50000
2161   27.870000   -1.700000  386.428011   -0.463667   -1.890266  244.740   7.4850  1856.9   426.3   2.67363   1.50000
2162   27.870000   -1.700000  385.166707   -0.475466   -1.907570  244.740   7.4850  1855.1   426.5   2.65532   1.50000
2163   27.870000   -1.700000  383.918981   -0.487126   -1.924426  244.740   7.4850  1853.4   426.6   2.63721   1.50000
2164   27.870000   -1.700000  382.684561   -0.498650   -1.940846  244.740   7.4850  1851.9   426.8   2.61930   1.50000
2165   27.870000   -1.700000  381.463179   -0.510041   -1.956841  244.740   7.4850  1850.4   426.9   2.60157   1.50000
2166   27.870000   -1.700000  380.254578   -0.521304   -1.972423  244.740   7.4850  1849.1   427.0   2.58403   1.50000
2167   27.870000   -1.700000  379.058504   -0.532441   -1.987602  244.740   7.4850  1847.9   427.2   2.56666   1.50000
2168   27.870000   -1.700000  377.874712   -0.543456   -2.002389  244.740   7.4850  1846.8   427.3   2.54946   1.50000
2169   27.870000   -1.700000  376.702964   -0.554351   -2.016794  244.740   7.4850  1845.7   427.5   2.53243   1.50000
2170   27.870000   -1.700000  375.543024   -0.565129   -2.030827  244.740   7.4850  1844.8   427.6   2.51555   1.50000
2171   27.870000   -1.700000  374.394667   -0.575794   -2.044497  244.740   7.4850  1843.9   427.7   2.49882   1.50000
2172   27.870000   -1.700000  373.257669   -0.586348   -2.057814  244.740   7.4850  1843.1   427.9   2.48224   1.50000
2173   27.870000   -1.700000  372.131816   -0.596793   -2.070786  244.740   7.4850  1842.3   428.0   2.46580   1.50000
2174   27.870000   -1.700000  371.016896   -0.607133   -2.083422  244.740   7.4850  1841.6   428.1   2.44951   1.50000
2175   27.870000   -1.700000  369.912703   -0.617369   -2.095730  244.740   7.4850  1841.0   428.3   2.43334   1.50000
2176   27.870000   -1.700000  368.819036   -0.627503   -2.107718  244.740   7.4850  1840.4   428.4   2.41731   1.50000
2177   27.870000   -1.700000  367.735700   -0.637539   -2.119395  244.740   7.4850  1839.9   428.5   2.40140   1.50000
2178   27.870000   -1.700000  366.662502   -0.647478   -2.130767  244.740   7.4850  1839.4   428.7   2.38562   1.50000
2179   27.870000   -1.700000  365.599258   -0.657323   -2.141842  244.740   7.4850  1838.9   428.8   2.36996   1.50000
2180   27.870000   -1.700000  364.545783   -0.667075   -2.152627  244.740   7.4850  1838.5   428.9   2.35442   1.50000
2181   27.870000   -1.700000  363.501900   -0.676737   -2.163130  244.740   7.4850  1838.1   429.0   2.33898   1.50000
2182   27.870000   -1.700000  362.467434   -0.686309   -2.173356  244.740   7.4850  1837.7   429.2   2.32366   1.50000
2183   27.870000   -1.700000  361.442217   -0.695796   -2.183312  244.740   7.4850  1837.4   429.3   2.30845   1.50000
2184   27.870000   -1.700000  360.426081   -0.705197   -2.193005  244.740   7.4850  1837.1   429.4   2.29335   1.50000
2185   27.870000   -1.700000  359.418865   -0.714515   -2.202440  244.740   7.4850  1836.8   429.5   2.27834   1.50000
2186   27.870000   -1.700000  358.420410   -0.723752   -2.211625  244.740   7.4850  1836.6   429.6   2.26344   1.50000
2187   27.870000   -1.700000  357.430560   -0.732909   -2.220564  244.740   7.4850  1836.3   429.8   2.24863   1.50000
2188   27.870000   -1.700000  356.449165   -0.741987   -2.229263  244.740   7.4850  1836.1   429.9   2.23393   1.50000
2189   27.870000   -1.700000  355.476076   -0.750990   -2.237728  244.740   7.4850  1835.9   430.0   2.21931   1.50000
2190   27.870000   -1.700000  354.511148   -0.759917   -2.245964  244.740   7.4850  1835.7   430.1   2.20479   1.50000
2191   27.870000   -1.700000  353.554240   -0.768771   -2.253977  244.740   7.4850  1835.5   430.2   2.19035   1.50000
2192   27.870000   -1.700000  352.605213   -0.777553   -2.261770  244.740   7.4850  1835.4   430.3   2.17600   1.50000
2193   27.870000   -1.700000  351.663932   -0.786264   -2.269350  244.740   7.4850  1835.2   430.4   2.16174   1.50000
2194   27.870000   -1.700000  350.730263   -0.794906   -2.276722  244.740   7.4850  1835.1   430.6   2.14757   1.50000
2195   27.870000   -1.700000  349.804079   -0.798520   -2.282374  244.740   7.4850  1835.0   430.7   2.13347   1.50000
2196   27.870000   -1.700000  348.944833   -0.786296   -2.280399  252.898   7.6347  1836.3   430.8   2.12112   1.50000
2197   27.870000   -1.700000  348.268010   -0.750727   -2.260980  269.214   7.9341  1841.8   431.0   2.11372   1.50000
2198   27.870000   -1.700000  347.882419   -0.688705   -2.213976  293.688   8.3832  1854.0   431.2   2.11430   1.50000
2199   27.870000   -1.700000  347.891053   -0.600960   -2.131733  325.899   8.9820  1875.1   431.6   2.12558   1.50000
2200   27.870000   -1.700000  348.351032   -0.499116   -2.013013  349.953   9.4311  1904.5   432.0   2.14797   1.50000
2201   27.870000   -1.700000  349.198610   -0.400240   -1.866236  365.848   9.7305  1938.7   432.5   2.17858   1.50000
2202   27.870000   -1.700000  350.297345   -0.313920   -1.706043  373.586   9.8802  1974.3   433.1   2.21360   1.50000
2203   27.870000   -1.700000  351.520119   -0.243819   -1.547134  373.165   9.8802  2008.5   433.7   2.24955   1.50000
2204   27.870000   -1.700000  352.747806   -0.193158   -1.401911  364.586   9.7305  2038.5   434.3   2.28330   1.50000
2205   27.870000   -1.700000  353.868013   -0.164841   -1.280618  347.850   9.4311  2061.8   434.8   2.31198   1.50000
2206   27.870000   -1.700000  354.774011   -0.161564   -1.191671  322.955   8.9820  2076.1   435.2   2.33293   1.50000
2207   27.870000   -1.700000  355.363882   -0.185905   -1.142034  291.164   8.4255  2079.3   435.5   2.34376   1.50000
2208   27.870000   -1.700000  355.539896   -0.239355   -1.137259  267.532   7.9658  2072.6   435.7   2.34355   1.50000
2209   27.870000   -1.700000  355.221182   -0.313529   -1.178531  252.057   7.6558  2059.6   435.9   2.33280   1.50000
2210   27.870000   -1.700000  354.449010   -0.390599   -1.257985  244.740   7.4956  2043.5   435.9   2.31375   1.50000
2211   27.870000   -1.700000  353.365977   -0.459263   -1.360472  245.581   7.4850  2027.5   436.0   2.29001   1.50000
2212   27.870000   -1.700000  352.104219   -0.515408   -1.470170  244.740   7.6241  2012.8   436.1   2.26416   1.50000
2213   27.870000   -1.700000  350.787670   -0.555050   -1.573503  252.057   7.9130  2000.3   436.2   2.23859   1.50000
2214   27.870000   -1.700000  349.533069   -0.584404   -1.661994  251.216   8.3515  1989.8   436.4   2.21509   1.50000
2215   27.870000   -1.700000  348.331359   -0.611757   -1.734749  258.532   8.8289  1981.3   436.7   2.19348   1.50000
2216   27.870000   -1.700000  347.174875   -0.631409   -1.792670  257.691   9.1567  1974.6   437.0   2.17355   1.50000
2217   27.870000   -1.700000  346.127896   -0.646583   -1.836165  248.692   9.3347  1966.7   437.4   2.15478   1.50000
2218   27.870000   -1.700000  345.132663   -0.663116   -1.868608  247.851   9.6227  1957.7   437.9   2.13632   1.50000
2219   27.870000   -1.700000  344.184279   -0.677850   -1.893483  253.580  10.0263  1950.2   438.4   2.11943   1.50000
2220   27.870000   -1.700000  343.278811   -0.701055   -1.915538  251.152  10.2801  1943.8   439.0   2.10386   1.50000
2221   27.870000   -1.700000  342.294147   -0.734624   -1.941871  256.882  10.6837  1938.5   439.7   2.08770   1.50000
2222   27.870000   -1.700000  341.234827   -0.759941   -1.972400  254.453  10.9376  1934.2   440.4   2.07096   1.50000
2223   27.870000   -1.700000  340.223862   -0.764808   -1.997430  260.183  11.3411  1930.9   441.2   2.05552   1.50000
2224   27.870000   -1.700000  339.376526   -0.755895   -2.008106  257.755  11.8944  1928.3   442.0   2.04324   1.50000
2225   27.870000   -1.700000  338.682394   -0.752290   -2.006027  247.168  12.5974  1923.7   443.0   2.03265   1.50000
2226   27.870000   -1.700000  338.013496   -0.756182   -1.999178  244.740  13.1600  1917.1   444.1   2.02183   1.50000
2227   27.870000   -1.700000  337.369000   -0.759241   -1.991666  250.470  13.5880  1911.7   445.3   2.01212   1.50000
2228   27.870000   -1.700000  336.748327   -0.771857   -1.986957  264.357  13.8877  1910.0   446.6   2.00479   1.50000
2229   27.870000   -1.700000  336.032334   -0.795845   -1.991058  286.403  14.3370  1914.8   447.9   1.99922   1.50000
2230   27.870000   -1.700000  335.227819   -0.812099   -2.002880  312.352  14.6706  1927.7   449.3   1.99626   1.50000
2231   27.870000   -1.700000  334.459345   -0.818603   -2.014933  346.459  14.8951  1950.0   450.8   1.99848   1.50000
2232   27.870000   -1.700000  333.724748   -0.834424   -2.026773  388.724  14.9700  1984.1   452.3   2.00667   1.50000
2233   27.870000   -1.700000  332.903401   -0.864427   -2.045411  422.831  14.8951  2028.9   453.7   2.01822   1.50000
2234   27.870000   -1.700000  331.967504   -0.892810   -2.072696  465.096  14.9700  2083.7   455.2   2.03209   1.50000
2235   27.870000   -1.700000  331.009188   -0.905015   -2.100637  515.519  14.9700  2150.6   456.6   2.05051   1.50000
2236   27.870000   -1.700000  330.147602   -0.905361   -2.120202  557.784  14.8203  2228.7   458.0   2.07466   1.50000
2237   27.870000   -1.700000  329.375896   -0.909973   -2.131139  608.207  14.7454  2317.3   459.4   2.10381   1.50000
2238   27.870000   -1.700000  328.607597   -0.916932   -2.137890  650.473  14.8203  2415.7   460.7   2.13607   1.50000
2239   27.870000   -1.700000  327.880396   -0.919780   -2.141370  684.580  14.8203  2520.4   462.1   2.17041   1.50000
2240   27.870000   -1.700000  327.191806   -0.927460   -2.142987  726.845  14.9700  2630.9   463.4   2.20656   1.50000
2241   27.870000   -1.700000  326.472735   -0.936437   -2.145364  760.952  14.9700  2747.0   464.8   2.24316   1.50000
2242   27.870000   -1.700000  325.776830   -0.940875   -2.147548  786.901  14.9700  2865.4   466.1   2.27978   1.50000
2243   27.870000   -1.700000  325.102975   -0.955414   -2.151379  804.692  14.9700  2983.3   467.5   2.31536   1.50000
2244   27.870000   -1.700000  324.331989   -0.981947   -2.163107  814.325  14.9700  3097.9   468.8   2.34706   1.50000
2245   27.870000   -1.700000  323.470432   -1.000554   -2.181787  815.800  14.9700  3206.6   470.1   2.37421   1.50000
2246   27.870000   -1.700000  322.642199   -1.009144   -2.199907  809.117  14.9700  3307.1   471.4   2.39822   1.50000
2247   27.870000   -1.700000  321.844799   -1.016681   -2.213967  794.276  14.9700  3397.0   472.7   2.41850   1.50000
2248   27.870000   -1.700000  321.075899   -1.023280   -2.224295  771.277  14.9700  3474.2   473.9   2.43452   1.50000
2249   27.870000   -1.700000  320.333431   -1.029029   -2.231380  745.816  14.9700  3537.8   475.2   2.44610   1.50000
2250   27.870000   -1.700000  319.615606   -1.034000   -2.235728  712.196  14.9700  3586.7   476.4   2.45309   1.50000
2251   27.870000   -1.700000  318.920897   -1.046739   -2.240317  670.418  14.9700  3619.2   477.7   2.45497   1.50000
2252   27.870000   -1.700000  318.157335   -1.066179   -2.249555  636.798  14.9700  3636.2   478.9   2.45066   1.50000
2253   27.870000   -1.700000  317.356865   -1.073662   -2.260684  595.021  14.9700  3638.9   480.1   2.44104   1.50000
2254   27.870000   -1.700000  316.639753   -1.069296   -2.266009  561.401  14.9700  3628.1   481.3   2.42847   1.50000
2255   27.870000   -1.700000  316.000463   -1.073536   -2.266053  535.939  14.9700  3607.6   482.5   2.41407   1.50000
2256   27.870000   -1.700000  315.316291   -1.088480   -2.268121  502.320  14.9700  3578.0   483.7   2.39594   1.50000
2257   27.870000   -1.700000  314.590567   -1.093667   -2.272159  476.858  14.9700  3540.0   484.9   2.37428   1.50000
2258   27.870000   -1.700000  313.943995   -1.087081   -2.271304  443.238  14.9700  3494.1   486.0   2.35126   1.50000
2259   27.870000   -1.700000  313.371532   -1.089359   -2.266022  417.777  14.9700  3440.9   487.2   2.32690   1.50000
2260   27.870000   -1.700000  312.751030   -1.102587   -2.263552  400.473  14.9700  3383.7   488.3   2.30019   1.50000
2261   27.870000   -1.700000  312.086238   -1.117396   -2.267056  391.327  14.9700  3325.6   489.4   2.27223   1.50000
2262   27.870000   -1.700000  311.380530   -1.134826   -2.276180  390.340  14.9700  3269.6   490.6   2.24406   1.50000
2263   27.870000   -1.700000  310.624505   -1.144781   -2.287791  397.510  14.9700  3218.6   491.7   2.21649   1.50000
2264   27.870000   -1.700000  309.926648   -1.133061   -2.292321  412.838  14.9700  3174.9   492.8   2.19233   1.50000
2265   27.870000   -1.700000  309.400318   -1.106296   -2.280630  436.325  14.9700  3141.0   493.8   2.17442   1.50000
2266   27.870000   -1.700000  309.034052   -1.085786   -2.254655  467.969  14.9700  3119.1   494.9   2.16343   1.50000
2267   27.870000   -1.700000  308.700370   -1.085303   -2.226621  507.771  14.9700  3111.3   496.0   2.15793   1.50000
2268   27.870000   -1.700000  308.280945   -1.097367   -2.207466  555.732  14.9700  3119.4   497.0   2.15657   1.50000
2269   27.870000   -1.700000  307.782930   -1.100782   -2.196416  595.534  14.9700  3142.5   498.1   2.15904   1.50000
2270   27.870000   -1.700000  307.330032   -1.093383   -2.185556  628.166  14.9700  3176.7   499.1   2.16610   1.50000
2271   27.870000   -1.700000  306.919902   -1.084711   -2.171085  668.956  14.9700  3221.4   500.1   2.17740   1.50000
2272   27.870000   -1.700000  306.550285   -1.074895   -2.153189  701.588  14.9700  3276.1   501.2   2.19259   1.50000
2273   27.870000   -1.700000  306.219129   -1.064037   -2.132230  726.062  14.9700  3337.2   502.2   2.21031   1.50000
2274   27.870000   -1.700000  305.924614   -1.052220   -2.108605  758.694  14.9700  3404.2   503.2   2.23036   1.50000
2275   27.870000   -1.700000  305.665144   -1.051076   -2.086095  783.168  14.9700  3476.8   504.2   2.25253   1.50000
2276   27.870000   -1.700000  305.322055   -1.062542   -2.071452  799.484  14.9700  3551.7   505.1   2.27363   1.50000
2277   27.870000   -1.700000  304.901940   -1.076819   -2.067145  807.642  14.9700  3626.0   506.1   2.29279   1.50000
2278   27.870000   -1.700000  304.410602   -1.093652   -2.071732  807.642  14.9700  3696.9   507.1   2.30923   1.50000
2279   27.870000   -1.700000  303.853033   -1.112834   -2.083791  815.800  14.9700  3764.5   508.0   2.32317   1.50000
2280   27.870000   -1.700000  303.233499   -1.134192   -2.102070  815.800  14.9700  3829.2   509.0   2.33480   1.50000
2281   27.870000   -1.700000  302.555650   -1.157574   -2.125532  815.800  14.9700  3889.7   509.9   2.34386   1.50000
2282   27.870000   -1.700000  301.822630   -1.182845   -2.153345  815.800  14.9700  3946.3   510.8   2.35052   1.50000
2283   27.870000   -1.700000  301.037178   -1.198103   -2.181402  815.800  14.9700  3999.2   511.7   2.35495   1.50000
2284   27.870000   -1.700000  300.318718   -1.201281   -2.202664  815.800  14.9700  4048.7   512.7   2.35938   1.50000
2285   27.870000   -1.700000  299.661406   -1.202277   -2.214479  815.800  14.9700  4095.1   513.6   2.36381   1.50000
2286   27.870000   -1.700000  299.060123   -1.201314   -2.218203  815.800  14.9700  4138.5   514.4   2.36823   1.50000
2287   27.870000   -1.700000  298.510513   -1.198569   -2.215200  815.800  14.9700  4179.2   515.3   2.37264   1.50000
2288   27.870000   -1.700000  298.008911   -1.194190   -2.206685  815.800  14.9700  4217.2   516.2   2.37707   1.50000
2289   27.870000   -1.700000  297.552244   -1.200226   -2.197159  815.800  14.9700  4252.9   517.1   2.38151   1.50000
2290   27.870000   -1.700000  297.021076   -1.218724   -2.194015  815.800  14.9700  4286.3   517.9   2.38387   1.50000
2291   27.870000   -1.700000  296.421236   -1.239626   -2.200141  815.800  14.9700  4317.6   518.8   2.38432   1.50000
2292   27.870000   -1.700000  295.757901   -1.262709   -2.214322  815.800  14.9700  4346.9   519.6   2.38298   1.50000
2293   27.870000   -1.700000  295.035543   -1.275749   -2.231781  815.800  14.9700  4374.4   520.5   2.37997   1.50000
2294   27.870000   -1.700000  294.374687   -1.264555   -2.241214  815.800  14.9700  4400.1   521.3   2.37750   1.50000
2295   27.870000   -1.700000  293.887142   -1.237303   -2.232740  815.800  14.9700  4424.2   522.1   2.37765   1.50000
2296   27.870000   -1.700000  293.560450   -1.216629   -2.208565  815.800  14.9700  4446.9   522.9   2.38024   1.50000
2297   27.870000   -1.700000  293.267097   -1.204992   -2.178129  815.800  14.9700  4468.1   523.7   2.38300   1.50000
2298   27.870000   -1.700000  293.005839   -1.192463   -2.146343  815.800  14.9700  4487.9   524.5   2.38593   1.50000
2299   27.870000   -1.700000  292.775806   -1.188603   -2.116535  815.800  14.9700  4506.6   525.3   2.38904   1.50000
2300   27.870000   -1.700000  292.484596   -1.204520   -2.096937  815.800  14.9700  4524.1   526.1   2.39067   1.50000
2301   27.870000   -1.700000  292.046260   -1.233634   -2.094619  815.800  14.9700  4540.4   526.9   2.38927   1.50000
2302   27.870000   -1.700000  291.472170   -1.255392   -2.106414  815.800  14.9700  4555.8   527.6   2.38506   1.50000
2303   27.870000   -1.700000  290.888697   -1.267407   -2.122890  815.800  14.9700  4570.2   528.4   2.38037   1.50000
2304   27.870000   -1.700000  290.296072   -1.279736   -2.139258  815.800  14.9700  4583.7   529.2   2.37521   1.50000
2305   27.870000   -1.700000  289.694258   -1.292406   -2.155141  815.800  14.9700  4596.4   529.9   2.36959   1.50000
2306   27.870000   -1.700000  289.083155   -1.305420   -2.170493  815.800  14.9700  4608.3   530.7   2.36354   1.50000
2307   27.870000   -1.700000  288.462688   -1.306425   -2.181828  815.800  14.9700  4619.4   531.4   2.35707   1.50000
2308   27.870000   -1.700000  287.949197   -1.281061   -2.178945  815.800  14.9700  4629.9   532.1   2.35233   1.50000
2309   27.870000   -1.700000  287.650825   -1.237924   -2.152936  815.800  14.9700  4639.7   532.8   2.35137   1.50000
2310   27.870000   -1.700000  287.552246   -1.200357   -2.107033  815.800  14.9700  4648.9   533.5   2.35393   1.50000
2311   27.870000   -1.700000  287.523907   -1.170949   -2.051628  815.800  14.9700  4657.6   534.3   2.35761   1.50000
2312   27.870000   -1.700000  287.562723   -1.139605   -1.992310  815.800  14.9700  4665.7   535.0   2.36237   1.50000
2313   27.870000   -1.700000  287.666262   -1.118786   -1.933664  815.800  14.9700  4673.3   535.6   2.36817   1.50000
2314   27.870000   -1.700000  287.716139   -1.122868   -1.886571  815.800  14.9700  4680.4   536.3   2.37282   1.50000
2315   27.870000   -1.700000  287.602361   -1.155637   -1.863924  815.800  14.9700  4687.1   537.0   2.37429   1.50000
2316   27.870000   -1.700000  287.222264   -1.208259   -1.873110  815.800  14.9700  4693.3   537.7   2.37069   1.50000
2317   27.870000   -1.700000  286.595864   -1.257289   -1.909404  815.800  14.9700  4699.2   538.4   2.36236   1.50000
2318   27.870000   -1.700000  285.856691   -1.287566   -1.957512  815.800  14.9700  4704.8   539.0   2.35178   1.50000
2319   27.870000   -1.700000  285.127420   -1.294555   -2.000357  815.800  14.9700  4709.9   539.7   2.34124   1.50000
2320   27.870000   -1.700000  284.521208   -1.277174   -2.024211  815.800  14.9700  4714.8   540.3   2.33287   1.50000
2321   27.870000   -1.700000  284.114942   -1.235249   -2.019414  815.800  14.9700  4719.4   541.0   2.32813   1.50000
2322   27.870000   -1.700000  283.980688   -1.175932   -1.981778  815.800  14.9700  4723.6   541.6   2.32840   1.50000
2323   27.870000   -1.700000  284.098574   -1.120626   -1.917296  815.800  14.9700  4727.7   542.2   2.33332   1.50000
2324   27.870000   -1.700000  284.335573   -1.084602   -1.841544  815.800  14.9700  4731.4   542.9   2.34039   1.50000
2325   27.870000   -1.700000  284.569516   -1.072122   -1.771699  815.800  14.9700  4735.0   543.5   2.34732   1.50000
2326   27.870000   -1.700000  284.687589   -1.076160   -1.719128  815.800  14.9700  4738.3   544.1   2.35200   1.50000
2327   27.870000   -1.700000  284.685762   -1.087714   -1.686771  815.800  14.9700  4741.4   544.7   2.35435   1.50000
2328   27.870000   -1.700000  284.559547   -1.105218   -1.672964  815.800  14.9700  4744.3   545.3   2.35430   1.50000
2329   27.870000   -1.700000  284.319198   -1.126899   -1.674995  815.800  14.9700  4747.1   545.9   2.35205   1.50000
2330   27.870000   -1.700000  283.973331   -1.164979   -1.693624  815.800  14.9700  4749.6   546.5   2.34774   1.50000
2331   27.870000   -1.700000  283.413065   -1.221202   -1.733312  815.800  14.9700  4752.1   547.1   2.33933   1.50000
2332   27.870000   -1.700000  282.652865   -1.271997   -1.790839  815.800  14.9700  4754.3   547.7   2.32707   1.50000
2333   27.870000   -1.700000  281.821341   -1.302115   -1.852404  815.800  14.9700  4756.5   548.2   2.31337   1.50000
2334   27.870000   -1.700000  281.036943   -1.319789   -1.905922  815.800  14.9700  4758.4   548.8   2.30046   1.50000
2335   27.870000   -1.700000  280.293277   -1.335736   -1.948480  815.800  14.9700  4760.3   549.4   2.28824   1.50000
2336   27.870000   -1.700000  279.584777   -1.337409   -1.978026  815.800  14.9700  4762.1   549.9   2.27661   1.50000
2337   27.870000   -1.700000  279.022658   -1.322945   -1.989352  815.800  14.9700  4763.7   550.5   2.26770   1.50000
2338   27.870000   -1.700000  278.594687   -1.303433   -1.981687  815.800  14.9700  4765.3   551.0   2.26130   1.50000
2339   27.870000   -1.700000  278.290435   -1.279369   -1.958197  815.800  14.9700  4766.7   551.6   2.25722   1.50000
2340   27.870000   -1.700000  278.101121   -1.263997   -1.925411  815.800  14.9700  4768.1   552.1   2.25530   1.50000
2341   27.870000   -1.700000  277.903583   -1.272498   -1.896347  815.800  14.9700  4769.4   552.6   2.25318   1.50000
2342   27.870000   -1.700000  277.584249   -1.296130   -1.882177  815.800  14.9700  4770.6   553.2   2.24868   1.50000
2343   27.870000   -1.700000  277.153625   -1.310883   -1.881125  815.800  14.9700  4771.7   553.7   2.24200   1.50000
2344   27.870000   -1.700000  276.736575   -1.301427   -1.879980  815.800  14.9700  4772.8   554.2   2.23554   1.50000
2345   27.870000   -1.700000  276.448072   -1.263587   -1.863246  815.800  14.9700  4773.7   554.7   2.23152   1.50000
2346   27.870000   -1.700000  276.394435   -1.206614   -1.821350  815.800  14.9700  4774.7   555.2   2.23199   1.50000
2347   27.870000   -1.700000  276.558956   -1.142162   -1.753924  815.800  14.9700  4775.6   555.7   2.23666   1.50000
2348   27.870000   -1.700000  276.927227   -1.071057   -1.664909  815.800  14.9700  4776.4   556.2   2.24522   1.50000
2349   27.870000   -1.700000  277.487028   -1.006818   -1.561669  815.800  14.9700  4777.1   556.7   2.25743   1.50000
2350   27.870000   -1.700000  278.112268   -0.964689   -1.457965  815.800  14.9700  4777.9   557.2   2.27085   1.50000
2351   27.870000   -1.700000  278.686699   -0.948630   -1.369209  815.800  14.9700  4778.5   557.7   2.28325   1.50000
2352   27.870000   -1.700000  279.102490   -0.949460   -1.304624  815.800  14.9700  4779.2   558.2   2.29256   1.50000
2353   27.870000   -1.700000  279.374810   -0.949752   -1.262503  815.800  14.9700  4779.8   558.7   2.29911   1.50000
2354   27.870000   -1.700000  279.571832   -0.941967   -1.233674  815.800  14.9700  4780.3   559.1   2.30419   1.50000
2355   27.870000   -1.700000  279.755643   -0.929990   -1.210018  815.800  14.9700  4780.9   559.6   2.30899   1.50000
2356   27.870000   -1.700000  279.927754   -0.918855   -1.188215  815.800  14.9700  4781.4   560.1   2.31354   1.50000
2357   27.870000   -1.700000  280.089195   -0.908529   -1.167511  815.800  14.9700  4781.8   560.5   2.31788   1.50000
2358   27.870000   -1.700000  280.240736   -0.911673   -1.151211  815.800  14.9700  4782.3   561.0   2.32200   1.50000
2359   27.870000   -1.700000  280.267083   -0.930178   -1.146048  815.800  14.9700  4782.7   561.4   2.32372   1.50000
2360   27.870000   -1.700000  280.177136   -0.953037   -1.154252  815.800  14.9700  4783.0   561.9   2.32320   1.50000
2361   27.870000   -1.700000  279.978704   -0.992615   -1.177615  815.800  14.9700  4783.4   562.3   2.32060   1.50000
2362   27.870000   -1.700000  279.562657   -1.050623   -1.221290  815.800  14.9700  4783.7   562.8   2.31383   1.50000
2363   27.870000   -1.700000  278.943276   -1.103096   -1.282412  815.800  14.9700  4784.1   563.2   2.30314   1.50000
2364   27.870000   -1.700000  278.248883   -1.134589   -1.347264  815.800  14.9700  4784.4   563.6   2.29097   1.50000
2365   27.870000   -1.700000  277.597641   -1.140627   -1.400087  815.800  14.9700  4784.6   564.0   2.27958   1.50000
2366   27.870000   -1.700000  277.098796   -1.117173   -1.427377  815.800  14.9700  4784.9   564.5   2.27108   1.50000
2367   27.870000   -1.700000  276.853974   -1.060658   -1.417848  815.800  14.9700  4785.1   564.9   2.26745   1.50000
2368   27.870000   -1.700000  276.958417   -0.980887   -1.365928  815.800  14.9700  4785.4   565.3   2.27054   1.50000
2369   27.870000   -1.700000  277.386368   -0.902843   -1.278427  815.800  14.9700  4785.6   565.7   2.27985   1.50000
2370   27.870000   -1.700000  278.000292   -0.842424   -1.172754  815.800  14.9700  4785.8   566.1   2.29270   1.50000
2371   27.870000   -1.700000  278.674461   -0.804062   -1.067664  815.800  14.9700  4786.0   566.5   2.30666   1.50000
2372   27.870000   -1.700000  279.293203   -0.791643   -0.978865  815.800  14.9700  4786.2   566.9   2.31952   1.50000
2373   27.870000   -1.700000  279.749255   -0.808705   -0.919194  815.800  14.9700  4786.3   567.3   2.32924   1.50000
2374   27.870000   -1.700000  279.942387   -0.845864   -0.895399  815.800  14.9700  4786.5   567.7   2.33392   1.50000
2375   27.870000   -1.700000  279.894227   -0.878906   -0.901755  815.800  14.9700  4786.6   568.1   2.33399   1.50000
2376   27.870000   -1.700000  279.739063   -0.905140   -0.925546  815.800  14.9700  4786.8   568.5   2.33201   1.50000
2377   27.870000   -1.700000  279.484000   -0.947676   -0.963085  815.800  14.9700  4786.9   568.9   2.32810   1.50000
2378   27.870000   -1.700000  279.018889   -1.008347   -1.019016  815.800  14.9700  4787.0   569.2   2.32016   1.50000
2379   27.870000   -1.700000  278.356941   -1.063206   -1.090469  815.800  14.9700  4787.1   569.6   2.30843   1.50000
2380   27.870000   -1.700000  277.625474   -1.096811   -1.163925  815.800  14.9700  4787.3   570.0   2.29531   1.50000
2381   27.870000   -1.700000  276.941768   -1.117608   -1.227600  815.800  14.9700  4787.4   570.3   2.28307   1.50000
2382   27.870000   -1.700000  276.298620   -1.149480   -1.282677  815.800  14.9700  4787.4   570.7   2.27157   1.50000
2383   27.870000   -1.700000  275.574195   -1.194753   -1.338151  815.800  14.9700  4787.5   571.1   2.25846   1.50000
2384   27.870000   -1.700000  274.771964   -1.229512   -1.394668  815.800  14.9700  4787.6   571.4   2.24379   1.50000
2385   27.870000   -1.700000  274.010899   -1.251461   -1.445105  815.800  14.9700  4787.7   571.8   2.22987   1.50000
2386   27.870000   -1.700000  273.285593   -1.271563   -1.486766  815.800  14.9700  4787.8   572.1   2.21659   1.50000
2387   27.870000   -1.700000  272.591438   -1.276889   -1.517357  815.800  14.9700  4787.8   572.5   2.20388   1.50000
2388   27.870000   -1.700000  272.040050   -1.252381   -1.527418  815.800  14.9700  4787.9   572.8   2.19393   1.50000
2389   27.870000   -1.700000  271.735079   -1.207450   -1.508695  815.800  14.9700  4788.0   573.2   2.18879   1.50000
2390   27.870000   -1.700000  271.657857   -1.167155   -1.465511  815.800  14.9700  4788.0   573.5   2.18811   1.50000
2391   27.870000   -1.700000  271.676990   -1.134346   -1.409517  815.800  14.9700  4788.1   573.8   2.18931   1.50000
2392   27.870000   -1.700000  271.787478   -1.098348   -1.347123  815.800  14.9700  4788.1   574.2   2.19230   1.50000
2393   27.870000   -1.700000  271.985280   -1.072515   -1.283537  815.800  14.9700  4788.2   574.5   2.19700   1.50000
2394   27.870000   -1.700000  272.151524   -1.072152   -1.230458  815.800  14.9700  4788.2   574.8   2.20106   1.50000
2395   27.870000   -1.700000  272.176251   -1.088070   -1.197804  815.800  14.9700  4788.3   575.1   2.20235   1.50000
2396   27.870000   -1.700000  272.072654   -1.095629   -1.182523  815.800  14.9700  4788.3   575.4   2.20110   1.50000
2397   27.870000   -1.700000  271.967409   -1.079213   -1.170217  815.800  14.9700  4788.3   575.8   2.19982   1.50000
2398   27.870000   -1.700000  271.976791   -1.034661   -1.144460  815.800  14.9700  4788.4   576.1   2.20077   1.50000
2399   27.870000   -1.700000  272.208065   -0.971454   -1.095074  815.800  14.9700  4788.4   576.4   2.20608   1.50000
2400   27.870000   -1.700000  272.645476   -0.914523   -1.025131  815.800  14.9700  4788.4   576.7   2.21540   1.50000
2401   27.870000   -1.700000  273.159942   -0.879579   -0.949166  815.800  14.9700  4788.5   577.0   2.22622   1.50000
2402   27.870000   -1.700000  273.632849   -0.870766   -0.883734  815.800  14.9700  4788.5   577.3   2.23620   1.50000
2403   27.870000   -1.700000  273.954629   -0.891802   -0.842879  815.800  14.9700  4788.5   577.6   2.24321   1.50000
2404   27.870000   -1.700000  274.023412   -0.933134   -0.834494  815.800  14.9700  4788.5   577.9   2.24527   1.50000
2405   27.870000   -1.700000  273.859441   -0.969991   -0.853654  815.800  14.9700  4788.6   578.2   2.24280   1.50000
2406   27.870000   -1.700000  273.595597   -0.986573   -0.884406  815.800  14.9700  4788.6   578.5   2.23837   1.50000
2407   27.870000   -1.700000  273.353560   -0.978385   -0.909040  815.800  14.9700  4788.6   578.8   2.23436   1.50000
2408   27.870000   -1.700000  273.245275   -0.941401   -0.912527  815.800  14.9700  4788.6   579.0   2.23294   1.50000
2409   27.870000   -1.700000  273.374463   -0.885131   -0.886205  815.800  14.9700  4788.6   579.3   2.23616   1.50000
2410   27.870000   -1.700000  273.722491   -0.828084   -0.832657  815.800  14.9700  4788.7   579.6   2.24364   1.50000
2411   27.870000   -1.700000  274.214585   -0.778690   -0.762253  815.800  14.9700  4788.7   579.9   2.25391   1.50000
2412   27.870000   -1.700000  274.782831   -0.732799   -0.684151  815.800  14.9700  4788.7   580.2   2.26564   1.50000
2413   27.870000   -1.700000  275.424181   -0.684998   -0.602219  815.800  14.9700  4788.7   580.4   2.27876   1.50000
2414   27.870000   -1.700000  276.136270   -0.648304   -0.521189  815.800  14.9700  4788.7   580.7   2.29320   1.50000
2415   27.870000   -1.700000  276.801414   -0.637576   -0.452271  815.800  14.9700  4788.7   581.0   2.30670   1.50000
2416   27.870000   -1.700000  277.310446   -0.656449   -0.408658  815.800  14.9700  4788.7   581.2   2.31716   1.50000
2417   27.870000   -1.700000  277.561547   -0.695465   -0.397751  815.800  14.9700  4788.7   581.5   2.32264   1.50000
2418   27.870000   -1.700000  277.574989   -0.743051   -0.418153  815.800  14.9700  4788.7   581.7   2.32354   1.50000
2419   27.870000   -1.700000  277.368096   -0.798525   -0.464637  815.800  14.9700  4788.8   582.0   2.32020   1.50000
2420   27.870000   -1.700000  276.955569   -0.848418   -0.528935  815.800  14.9700  4788.8   582.3   2.31288   1.50000
2421   27.870000   -1.700000  276.465614   -0.877258   -0.596601  815.800  14.9700  4788.8   582.5   2.30405   1.50000
2422   27.870000   -1.700000  276.016099   -0.893587   -0.655316  815.800  14.9700  4788.8   582.8   2.29598   1.50000
2423   27.870000   -1.700000  275.600296   -0.908397   -0.702270  815.800  14.9700  4788.8   583.0   2.28855   1.50000
2424   27.870000   -1.700000  275.212414   -0.908932   -0.735587  815.800  14.9700  4788.8   583.2   2.28164   1.50000
2425   27.870000   -1.700000  274.963303   -0.893345   -0.750197  815.800  14.9700  4788.8   583.5   2.27740   1.50000
2426   27.870000   -1.700000  274.840651   -0.872953   -0.745510  815.800  14.9700  4788.8   583.7   2.27562   1.50000
2427   27.870000   -1.700000  274.834049   -0.835265   -0.721165  815.800  14.9700  4788.8   584.0   2.27608   1.50000
2428   27.870000   -1.700000  275.050439   -0.778767   -0.673152  815.800  14.9700  4788.8   584.2   2.28087   1.50000
2429   27.870000   -1.700000  275.474207   -0.728047   -0.605396  815.800  14.9700  4788.8   584.4   2.28967   1.50000
2430   27.870000   -1.700000  275.976428   -0.698643   -0.532552  815.800  14.9700  4788.8   584.7   2.29996   1.50000
2431   27.870000   -1.700000  276.438578   -0.694687   -0.470989  815.800  14.9700  4788.8   584.9   2.30947   1.50000
2432   27.870000   -1.700000  276.751061   -0.707018   -0.430772  815.800  14.9700  4788.8   585.1   2.31606   1.50000
2433   27.870000   -1.700000  276.927577   -0.724263   -0.412592  815.800  14.9700  4788.8   585.3   2.32003   1.50000
2434   27.870000   -1.700000  276.979836   -0.758828   -0.416522  815.800  14.9700  4788.8   585.6   2.32159   1.50000
2435   27.870000   -1.700000  276.801926   -0.812338   -0.446168  815.800  14.9700  4788.8   585.8   2.31871   1.50000
2436   27.870000   -1.700000  276.410490   -0.860504   -0.497299  815.800  14.9700  4788.9   586.0   2.31170   1.50000
2437   27.870000   -1.700000  275.935477   -0.887757   -0.555039  815.800  14.9700  4788.9   586.2   2.30306   1.50000
2438   27.870000   -1.700000  275.496199   -0.889650   -0.602745  815.800  14.9700  4788.9   586.4   2.29509   1.50000
2439   27.870000   -1.700000  275.202723   -0.875161   -0.630018  815.800  14.9700  4788.9   586.7   2.28993   1.50000
2440   27.870000   -1.700000  275.041650   -0.855691   -0.635881  815.800  14.9700  4788.9   586.9   2.28734   1.50000
2441   27.870000   -1.700000  275.001496   -0.831787   -0.623786  815.800  14.9700  4788.9   587.1   2.28708   1.50000
2442   27.870000   -1.700000  275.072636   -0.816865   -0.600727  815.800  14.9700  4788.9   587.3   2.28898   1.50000
2443   27.870000   -1.700000  275.131453   -0.826219   -0.580236  815.800  14.9700  4788.9   587.5   2.29063   1.50000
2444   27.870000   -1.700000  275.064125   -0.850916   -0.573906  815.800  14.9700  4788.9   587.7   2.28984   1.50000
2445   27.870000   -1.700000  274.880913   -0.866678   -0.580183  815.800  14.9700  4788.9   587.9   2.28678   1.50000
2446   27.870000   -1.700000  274.706392   -0.871099   -0.589688  815.800  14.9700  4788.9   588.1   2.28390   1.50000
2447   27.870000   -1.700000  274.539713   -0.875046   -0.597743  815.800  14.9700  4788.9   588.3   2.28115   1.50000
2448   27.870000   -1.700000  274.379913   -0.865586   -0.600458  815.800  14.9700  4788.9   588.5   2.27854   1.50000
2449   27.870000   -1.700000  274.341651   -0.840795   -0.590921  815.800  14.9700  4788.9   588.7   2.27828   1.50000
2450   27.870000   -1.700000  274.415640   -0.811973   -0.567027  815.800  14.9700  4788.9   588.9   2.28020   1.50000
2451   27.870000   -1.700000  274.593831   -0.779548   -0.530950  815.800  14.9700  4788.9   589.1   2.28415   1.50000
2452   27.870000   -1.700000  274.869390   -0.756847   -0.488489  815.800  14.9700  4788.9   589.2   2.28998   1.50000
2453   27.870000   -1.700000  275.120927   -0.759061   -0.452148  815.800  14.9700  4788.9   589.4   2.29533   1.50000
2454   27.870000   -1.700000  275.236343   -0.777146   -0.432676  815.800  14.9700  4788.9   589.6   2.29804   1.50000
2455   27.870000   -1.700000  275.227228   -0.795580   -0.430384  815.800  14.9700  4788.9   589.8   2.29833   1.50000
2456   27.870000   -1.700000  275.140853   -0.809101   -0.438946  815.800  14.9700  4788.9   590.0   2.29711   1.50000
2457   27.870000   -1.700000  275.020217   -0.807331   -0.448914  815.800  14.9700  4788.9   590.2   2.29523   1.50000
2458   27.870000   -1.700000  274.982937   -0.791700   -0.450819  815.800  14.9700  4788.9   590.3   2.29495   1.50000
2459   27.870000   -1.700000  275.022101   -0.778782   -0.443202  815.800  14.9700  4788.9   590.5   2.29616   1.50000
2460   27.870000   -1.700000  275.083325   -0.775125   -0.432065  815.800  14.9700  4788.9   590.7   2.29780   1.50000
2461   27.870000   -1.700000  275.116650   -0.777099   -0.422887  815.800  14.9700  4788.9   590.9   2.29888   1.50000
2462   27.870000   -1.700000  275.124313   -0.780058   -0.417260  815.800  14.9700  4788.9   591.0   2.29947   1.50000
2463   27.870000   -1.700000  275.108355   -0.783890   -0.414816  815.800  14.9700  4788.9   591.2   2.29959   1.50000
2464   27.870000   -1.700000  275.070557   -0.782152   -0.413267  815.800  14.9700  4788.9   591.4   2.29929   1.50000
2465   27.870000   -1.700000  275.069052   -0.780431   -0.410643  815.800  14.9700  4788.9   591.5   2.29969   1.50000
2466   27.870000   -1.700000  275.041977   -0.785160   -0.408993  815.800  14.9700  4788.9   591.7   2.29959   1.50000
2467   27.870000   -1.700000  274.991141   -0.790746   -0.410119  815.800  14.9700  4788.9   591.9   2.29902   1.50000
2468   27.870000   -1.700000  274.918158   -0.797102   -0.413677  815.800  14.9700  4788.9   592.0   2.29802   1.50000
2469   27.870000   -1.700000  274.824433   -0.798189   -0.417590  815.800  14.9700  4788.9   592.2   2.29661   1.50000
2470   27.870000   -1.700000  274.764289   -0.787067   -0.416594  815.800  14.9700  4788.9   592.3   2.29585   1.50000
2471   27.870000   -1.700000  274.787983   -0.767933   -0.406127  815.800  14.9700  4788.9   592.5   2.29672   1.50000
2472   27.870000   -1.700000  274.889136   -0.759061   -0.389520  815.800  14.9700  4788.9   592.7   2.29909   1.50000
2473   27.870000   -1.700000  274.946638   -0.762680   -0.375330  815.800  14.9700  4788.9   592.8   2.30060   1.50000
2474   27.870000   -1.700000  274.964281   -0.754806   -0.363568  815.800  14.9700  4788.9   593.0   2.30134   1.50000
2475   27.870000   -1.700000  275.061099   -0.733300   -0.346515  815.800  14.9700  4788.9   593.1   2.30361   1.50000
2476   27.870000   -1.700000  275.231593   -0.709256   -0.321020  815.800  14.9700  4788.9   593.3   2.30731   1.50000
2477   27.870000   -1.700000  275.470911   -0.682946   -0.288220  815.800  14.9700  4788.9   593.4   2.31234   1.50000
2478   27.870000   -1.700000  275.774881   -0.667519   -0.252987  815.800  14.9700  4788.9   593.6   2.31861   1.50000
2479   27.870000   -1.700000  276.024268   -0.678007   -0.227044  815.800  14.9700  4788.9   593.7   2.32381   1.50000
2480   27.870000   -1.700000  276.108748   -0.705323   -0.220513  815.800  14.9700  4788.9   593.8   2.32582   1.50000
2481   27.870000   -1.700000  276.041439   -0.725170   -0.230735  815.800  14.9700  4788.9   594.0   2.32490   1.50000
2482   27.870000   -1.700000  275.949349   -0.725359   -0.244731  815.800  14.9700  4788.9   594.1   2.32349   1.50000
2483   27.870000   -1.700000  275.920417   -0.705429   -0.249189  815.800  14.9700  4788.9   594.3   2.32329   1.50000
2484   27.870000   -1.700000  276.035842   -0.672289   -0.236524  815.800  14.9700  4788.9   594.4   2.32589   1.50000
2485   27.870000   -1.700000  276.284376   -0.647500   -0.209937  815.800  14.9700  4788.9   594.5   2.33106   1.50000
2486   27.870000   -1.700000  276.540642   -0.633473   -0.179175  815.800  14.9700  4788.9   594.7   2.33637   1.50000
2487   27.870000   -1.700000  276.804852   -0.619408   -0.149125  815.800  14.9700  4788.9   594.8   2.34182   1.50000
2488   27.870000   -1.700000  277.077430   -0.618120   -0.123778  815.800  14.9700  4788.9   595.0   2.34743   1.50000
2489   27.870000   -1.700000  277.243059   -0.631522   -0.110054  815.800  14.9700  4788.9   595.1   2.35097   1.50000
2490   27.870000   -1.700000  277.310488   -0.635625   -0.106380  815.800  14.9700  4788.9   595.2   2.35262   1.50000
2491   27.870000   -1.700000  277.403050   -0.628126   -0.103691  815.800  14.9700  4788.9   595.4   2.35474   1.50000
2492   27.870000   -1.700000  277.518776   -0.632694   -0.101391  815.800  14.9700  4788.9   595.5   2.35731   1.50000
2493   27.870000   -1.700000  277.540004   -0.651394   -0.106619  815.800  14.9700  4788.9   595.6   2.35806   1.50000
2494   27.870000   -1.700000  277.473444   -0.673221   -0.122084  815.800  14.9700  4788.9   595.7   2.35712   1.50000
2495   27.870000   -1.700000  277.324982   -0.710768   -0.150041  815.800  14.9700  4788.9   595.9   2.35460   1.50000
2496   27.870000   -1.700000  276.983959   -0.765827   -0.196082  815.800  14.9700  4788.9   596.0   2.34836   1.50000
2497   27.870000   -1.700000  276.463218   -0.827184   -0.261359  815.800  14.9700  4788.9   596.1   2.33864   1.50000
2498   27.870000   -1.700000  275.773986   -0.907369   -0.346777  815.800  14.9700  4788.9   596.2   2.32565   1.50000
2499   27.870000   -1.700000  274.810403   -1.021203   -0.460607  815.800  14.9700  4788.9   596.3   2.30729   1.50000
2500   27.870000   -1.700000  273.474091    0.000000    0.000000  815.800  14.9700  4788.9   596.5   2.28159   1.50000
