YEAR RADTTL RADANT RADAER RADCO2 RADCH4 RADN2O RADSO2 RADO3TRP RADO3STR RADrOH RADNOx RADEESC RADSF6 RADCO RADVOC RADCRBAER RADAERIND RADH20STR
2000   1.4615   1.3275  -1.4701   1.5408   0.4865   0.1556  -0.4523   0.3780  -0.1174   0.1000   0.1000   0.1000   0.0024   0.1000   0.1000  -0.1131  -0.9047   0.0194
2001   1.5034   1.3728  -1.4502   1.5643   0.4826   0.1591  -0.4433   0.3738  -0.1149   0.1000   0.1000   0.1000   0.0024   0.1000   0.1000  -0.1142  -0.8927   0.0192
2002   1.5472   1.4199  -1.4302   1.5883   0.4799   0.1625  -0.4343   0.3700  -0.1126   0.1000   0.1000   0.1000   0.0024   0.1000   0.1000  -0.1154  -0.8805   0.0191
2003   1.5931   1.4692  -1.4100   1.6123   0.4781   0.1660  -0.4253   0.3674  -0.1106   0.1000   0.1000   0.1000   0.0025   0.1000   0.1000  -0.1165  -0.8682   0.0191
2004   1.6384   1.5179  -1.3897   1.6363   0.4773   0.1695  -0.4163   0.3641  -0.1096   0.1000   0.1000   0.1000   0.0025   0.1000   0.1000  -0.1177  -0.8557   0.0190
2005   1.6871   1.5699  -1.3675   1.6604   0.4773   0.1730  -0.4065   0.3612  -0.1082   0.1000   0.1000   0.1000   0.0026   0.1000   0.1000  -0.1189  -0.8421   0.0190
2006   1.7354   1.6216  -1.3467   1.6845   0.4781   0.1765  -0.3975   0.3585  -0.1069   0.1000   0.1000   0.1000   0.0026   0.1000   0.1000  -0.1200  -0.8293   0.0191
2007   1.7845   1.6740  -1.3260   1.7087   0.4797   0.1801  -0.3885   0.3559  -0.1056   0.1000   0.1000   0.1000   0.0026   0.1000   0.1000  -0.1212  -0.8163   0.0191
2008   1.8347   1.7276  -1.3050   1.7329   0.4818   0.1837  -0.3795   0.3537  -0.1045   0.1000   0.1000   0.1000   0.0026   0.1000   0.1000  -0.1224  -0.8032   0.0192
2009   1.8856   1.7818  -1.2839   1.7571   0.4846   0.1873  -0.3704   0.3515  -0.1033   0.1000   0.1000   0.1000   0.0026   0.1000   0.1000  -0.1235  -0.7899   0.0193
2010   1.9372   1.8369  -1.2626   1.7813   0.4878   0.1910  -0.3614   0.3495  -0.1022   0.1000   0.1000   0.1000   0.0027   0.1000   0.1000  -0.1247  -0.7765   0.0195
2011   1.9899   1.8929  -1.2441   1.8061   0.4917   0.1946  -0.3532   0.3505  -0.1012   0.1000   0.1000   0.1000   0.0027   0.1000   0.1000  -0.1270  -0.7640   0.0196
2012   2.0419   1.9483  -1.2275   1.8320   0.4965   0.1984  -0.3456   0.3514  -0.1001   0.1000   0.1000   0.1000   0.0027   0.1000   0.1000  -0.1294  -0.7525   0.0198
2013   2.0955   2.0052  -1.2105   1.8588   0.5019   0.2021  -0.3381   0.3523  -0.0990   0.1000   0.1000   0.1000   0.0027   0.1000   0.1000  -0.1315  -0.7409   0.0200
2014   2.1512   2.0642  -1.1937   1.8866   0.5080   0.2059  -0.3306   0.3545  -0.0978   0.1000   0.1000   0.1000   0.0027   0.1000   0.1000  -0.1340  -0.7291   0.0203
2015   2.2073   2.1238  -1.1765   1.9153   0.5147   0.2098  -0.3231   0.3558  -0.0966   0.1000   0.1000   0.1000   0.0027   0.1000   0.1000  -0.1363  -0.7172   0.0205
2016   2.2646   2.1844  -1.1594   1.9448   0.5219   0.2137  -0.3156   0.3573  -0.0954   0.1000   0.1000   0.1000   0.0027   0.1000   0.1000  -0.1387  -0.7052   0.0208
2017   2.3216   2.2448  -1.1439   1.9751   0.5295   0.2177  -0.3088   0.3593  -0.0940   0.1000   0.1000   0.1000   0.0027   0.1000   0.1000  -0.1408  -0.6942   0.0211
2018   2.3832   2.3097  -1.1244   2.0061   0.5376   0.2217  -0.3006   0.3611  -0.0926   0.1000   0.1000   0.1000   0.0027   0.1000   0.1000  -0.1432  -0.6806   0.0215
2019   2.4445   2.3744  -1.1067   2.0379   0.5461   0.2257  -0.2930   0.3636  -0.0911   0.1000   0.1000   0.1000   0.0027   0.1000   0.1000  -0.1455  -0.6682   0.0218
2020   2.5061   2.4394  -1.0889   2.0704   0.5549   0.2298  -0.2855   0.3655  -0.0896   0.1000   0.1000   0.1000   0.0027   0.1000   0.1000  -0.1478  -0.6555   0.0222
2021   2.5641   2.5007  -1.0745   2.1032   0.5639   0.2339  -0.2795   0.3670  -0.0880   0.1000   0.1000   0.1000   0.0028   0.1000   0.1000  -0.1497  -0.6453   0.0225
2022   2.6235   2.5635  -1.0579   2.1363   0.5728   0.2379  -0.2728   0.3679  -0.0863   0.1000   0.1000   0.1000   0.0028   0.1000   0.1000  -0.1515  -0.6337   0.0229
2023   2.6800   2.6234  -1.0454   2.1698   0.5818   0.2418  -0.2675   0.3696  -0.0845   0.1000   0.1000   0.1000   0.0028   0.1000   0.1000  -0.1533  -0.6245   0.0232
2024   2.7413   2.6880  -1.0287   2.2039   0.5911   0.2456  -0.2607   0.3713  -0.0828   0.1000   0.1000   0.1000   0.0028   0.1000   0.1000  -0.1553  -0.6127   0.0236
2025   2.8012   2.7512  -1.0138   2.2386   0.6006   0.2492  -0.2547   0.3730  -0.0811   0.1000   0.1000   0.1000   0.0028   0.1000   0.1000  -0.1571  -0.6020   0.0240
2026   2.8614   2.8149  -0.9989   2.2738   0.6103   0.2527  -0.2487   0.3747  -0.0794   0.1000   0.1000   0.1000   0.0028   0.1000   0.1000  -0.1590  -0.5912   0.0244
2027   2.9219   2.8787  -0.9838   2.3094   0.6202   0.2562  -0.2427   0.3759  -0.0777   0.1000   0.1000   0.1000   0.0028   0.1000   0.1000  -0.1608  -0.5803   0.0248
2028   2.9835   2.9436  -0.9686   2.3456   0.6303   0.2597  -0.2367   0.3778  -0.0761   0.1000   0.1000   0.1000   0.0028   0.1000   0.1000  -0.1626  -0.5693   0.0252
2029   3.0473   3.0108  -0.9512   2.3822   0.6405   0.2633  -0.2299   0.3791  -0.0746   0.1000   0.1000   0.1000   0.0029   0.1000   0.1000  -0.1645  -0.5568   0.0256
2030   3.1103   3.0772  -0.9357   2.4192   0.6508   0.2668  -0.2239   0.3814  -0.0731   0.1000   0.1000   0.1000   0.0029   0.1000   0.1000  -0.1663  -0.5455   0.0260
2031   3.1727   3.1395  -0.9250   2.4566   0.6611   0.2703  -0.2194   0.3838  -0.0716   0.1000   0.1000   0.1000   0.0029   0.1000   0.1000  -0.1686  -0.5370   0.0264
2032   3.2361   3.2030  -0.9141   2.4943   0.6716   0.2739  -0.2149   0.3868  -0.0702   0.1000   0.1000   0.1000   0.0029   0.1000   0.1000  -0.1709  -0.5284   0.0269
2033   3.2997   3.2665  -0.9031   2.5323   0.6820   0.2774  -0.2104   0.3891  -0.0688   0.1000   0.1000   0.1000   0.0029   0.1000   0.1000  -0.1731  -0.5197   0.0273
2034   3.3664   3.3333  -0.8899   2.5706   0.6925   0.2810  -0.2051   0.3921  -0.0674   0.1000   0.1000   0.1000   0.0029   0.1000   0.1000  -0.1754  -0.5095   0.0277
2035   3.4308   3.3977  -0.8789   2.6091   0.7030   0.2846  -0.2006   0.3945  -0.0661   0.1000   0.1000   0.1000   0.0029   0.1000   0.1000  -0.1777  -0.5006   0.0281
2036   3.4989   3.4658  -0.8654   2.6478   0.7135   0.2881  -0.1954   0.3978  -0.0648   0.1000   0.1000   0.1000   0.0029   0.1000   0.1000  -0.1798  -0.4902   0.0285
2037   3.5640   3.5308  -0.8542   2.6867   0.7240   0.2917  -0.1909   0.4002  -0.0636   0.1000   0.1000   0.1000   0.0030   0.1000   0.1000  -0.1821  -0.4812   0.0290
2038   3.6299   3.5967  -0.8428   2.7258   0.7345   0.2952  -0.1863   0.4030  -0.0624   0.1000   0.1000   0.1000   0.0030   0.1000   0.1000  -0.1844  -0.4721   0.0294
2039   3.6953   3.6622  -0.8314   2.7650   0.7449   0.2987  -0.1818   0.4052  -0.0612   0.1000   0.1000   0.1000   0.0030   0.1000   0.1000  -0.1867  -0.4629   0.0298
2040   3.7642   3.7311  -0.8176   2.8044   0.7553   0.3023  -0.1766   0.4081  -0.0601   0.1000   0.1000   0.1000   0.0030   0.1000   0.1000  -0.1889  -0.4521   0.0302
2041   3.8239   3.7907  -0.8122   2.8438   0.7656   0.3058  -0.1743   0.4104  -0.0591   0.1000   0.1000   0.1000   0.0030   0.1000   0.1000  -0.1905  -0.4474   0.0307
2042   3.8879   3.8548  -0.8024   2.8832   0.7758   0.3093  -0.1706   0.4128  -0.0580   0.1000   0.1000   0.1000   0.0030   0.1000   0.1000  -0.1922  -0.4396   0.0311
2043   3.9480   3.9149  -0.7970   2.9225   0.7858   0.3128  -0.1683   0.4161  -0.0570   0.1000   0.1000   0.1000   0.0030   0.1000   0.1000  -0.1938  -0.4349   0.0315
2044   4.0091   3.9759  -0.7894   2.9617   0.7957   0.3162  -0.1653   0.4183  -0.0561   0.1000   0.1000   0.1000   0.0031   0.1000   0.1000  -0.1955  -0.4285   0.0319
2045   4.0680   4.0349  -0.7839   3.0008   0.8055   0.3196  -0.1631   0.4209  -0.0551   0.1000   0.1000   0.1000   0.0031   0.1000   0.1000  -0.1972  -0.4237   0.0323
2046   4.1260   4.0929  -0.7786   3.0398   0.8151   0.3229  -0.1608   0.4231  -0.0541   0.1000   0.1000   0.1000   0.0031   0.1000   0.1000  -0.1989  -0.4189   0.0327
2047   4.1866   4.1534  -0.7708   3.0786   0.8246   0.3262  -0.1578   0.4256  -0.0531   0.1000   0.1000   0.1000   0.0031   0.1000   0.1000  -0.2005  -0.4125   0.0330
2048   4.2461   4.2130  -0.7630   3.1171   0.8340   0.3295  -0.1548   0.4277  -0.0522   0.1000   0.1000   0.1000   0.0031   0.1000   0.1000  -0.2022  -0.4060   0.0334
2049   4.3053   4.2721  -0.7551   3.1555   0.8432   0.3328  -0.1518   0.4296  -0.0512   0.1000   0.1000   0.1000   0.0031   0.1000   0.1000  -0.2038  -0.3995   0.0338
2050   4.3621   4.3290  -0.7496   3.1935   0.8523   0.3360  -0.1495   0.4322  -0.0503   0.1000   0.1000   0.1000   0.0032   0.1000   0.1000  -0.2055  -0.3946   0.0342
2051   4.4163   4.3832  -0.7455   3.2314   0.8611   0.3392  -0.1480   0.4339  -0.0494   0.1000   0.1000   0.1000   0.0032   0.1000   0.1000  -0.2062  -0.3913   0.0345
2052   4.4698   4.4367  -0.7415   3.2694   0.8697   0.3424  -0.1465   0.4352  -0.0486   0.1000   0.1000   0.1000   0.0032   0.1000   0.1000  -0.2070  -0.3880   0.0349
2053   4.5236   4.4904  -0.7375   3.3074   0.8781   0.3455  -0.1450   0.4369  -0.0477   0.1000   0.1000   0.1000   0.0032   0.1000   0.1000  -0.2078  -0.3847   0.0352
2054   4.5794   4.5462  -0.7309   3.3452   0.8862   0.3485  -0.1428   0.4386  -0.0468   0.1000   0.1000   0.1000   0.0033   0.1000   0.1000  -0.2085  -0.3797   0.0355
2055   4.6321   4.5990  -0.7270   3.3828   0.8940   0.3516  -0.1413   0.4402  -0.0460   0.1000   0.1000   0.1000   0.0033   0.1000   0.1000  -0.2094  -0.3763   0.0358
2056   4.6842   4.6510  -0.7230   3.4201   0.9016   0.3546  -0.1398   0.4416  -0.0451   0.1000   0.1000   0.1000   0.0033   0.1000   0.1000  -0.2102  -0.3730   0.0362
2057   4.7362   4.7031  -0.7188   3.4570   0.9089   0.3575  -0.1383   0.4435  -0.0442   0.1000   0.1000   0.1000   0.0033   0.1000   0.1000  -0.2109  -0.3696   0.0365
2058   4.7869   4.7538  -0.7147   3.4934   0.9160   0.3604  -0.1368   0.4449  -0.0434   0.1000   0.1000   0.1000   0.0034   0.1000   0.1000  -0.2117  -0.3662   0.0367
2059   4.8367   4.8036  -0.7106   3.5293   0.9228   0.3633  -0.1353   0.4462  -0.0426   0.1000   0.1000   0.1000   0.0034   0.1000   0.1000  -0.2125  -0.3629   0.0370
2060   4.8851   4.8519  -0.7064   3.5644   0.9294   0.3661  -0.1337   0.4469  -0.0418   0.1000   0.1000   0.1000   0.0034   0.1000   0.1000  -0.2132  -0.3595   0.0373
2061   4.9301   4.8970  -0.7045   3.5986   0.9356   0.3689  -0.1330   0.4479  -0.0410   0.1000   0.1000   0.1000   0.0034   0.1000   0.1000  -0.2138  -0.3578   0.0375
2062   4.9733   4.9402  -0.7025   3.6314   0.9414   0.3717  -0.1322   0.4489  -0.0402   0.1000   0.1000   0.1000   0.0035   0.1000   0.1000  -0.2142  -0.3561   0.0378
2063   5.0147   4.9815  -0.7007   3.6628   0.9467   0.3744  -0.1315   0.4499  -0.0395   0.1000   0.1000   0.1000   0.0035   0.1000   0.1000  -0.2148  -0.3543   0.0380
2064   5.0537   5.0206  -0.6986   3.6926   0.9516   0.3770  -0.1307   0.4506  -0.0388   0.1000   0.1000   0.1000   0.0035   0.1000   0.1000  -0.2153  -0.3526   0.0382
2065   5.0881   5.0550  -0.6991   3.7209   0.9561   0.3796  -0.1307   0.4512  -0.0380   0.1000   0.1000   0.1000   0.0036   0.1000   0.1000  -0.2157  -0.3526   0.0384
2066   5.1234   5.0902  -0.6971   3.7474   0.9601   0.3822  -0.1300   0.4522  -0.0373   0.1000   0.1000   0.1000   0.0036   0.1000   0.1000  -0.2162  -0.3509   0.0385
2067   5.1556   5.1224  -0.6951   3.7721   0.9638   0.3848  -0.1292   0.4525  -0.0365   0.1000   0.1000   0.1000   0.0036   0.1000   0.1000  -0.2166  -0.3492   0.0387
2068   5.1854   5.1522  -0.6932   3.7948   0.9671   0.3872  -0.1285   0.4528  -0.0358   0.1000   0.1000   0.1000   0.0036   0.1000   0.1000  -0.2172  -0.3475   0.0388
2069   5.2126   5.1795  -0.6912   3.8153   0.9701   0.3897  -0.1277   0.4530  -0.0351   0.1000   0.1000   0.1000   0.0037   0.1000   0.1000  -0.2177  -0.3458   0.0389
2070   5.2375   5.2044  -0.6893   3.8335   0.9727   0.3921  -0.1270   0.4538  -0.0344   0.1000   0.1000   0.1000   0.0037   0.1000   0.1000  -0.2183  -0.3440   0.0390
2071   5.2587   5.2256  -0.6862   3.8491   0.9750   0.3944  -0.1262   0.4526  -0.0337   0.1000   0.1000   0.1000   0.0037   0.1000   0.1000  -0.2177  -0.3423   0.0391
2072   5.2798   5.2467  -0.6806   3.8619   0.9769   0.3968  -0.1247   0.4520  -0.0330   0.1000   0.1000   0.1000   0.0038   0.1000   0.1000  -0.2170  -0.3388   0.0392
2073   5.2920   5.2588  -0.6801   3.8717   0.9784   0.3990  -0.1247   0.4511  -0.0323   0.1000   0.1000   0.1000   0.0038   0.1000   0.1000  -0.2165  -0.3388   0.0393
2074   5.3034   5.2702  -0.6770   3.8783   0.9795   0.4012  -0.1240   0.4503  -0.0317   0.1000   0.1000   0.1000   0.0038   0.1000   0.1000  -0.2160  -0.3371   0.0393
2075   5.3108   5.2777  -0.6740   3.8816   0.9803   0.4034  -0.1232   0.4493  -0.0309   0.1000   0.1000   0.1000   0.0038   0.1000   0.1000  -0.2154  -0.3354   0.0393
2076   5.3120   5.2788  -0.6734   3.8813   0.9807   0.4055  -0.1232   0.4484  -0.0302   0.1000   0.1000   0.1000   0.0039   0.1000   0.1000  -0.2148  -0.3354   0.0394
2077   5.3111   5.2779  -0.6703   3.8775   0.9808   0.4075  -0.1225   0.4468  -0.0294   0.1000   0.1000   0.1000   0.0039   0.1000   0.1000  -0.2142  -0.3336   0.0394
2078   5.3064   5.2733  -0.6674   3.8700   0.9806   0.4096  -0.1217   0.4457  -0.0287   0.1000   0.1000   0.1000   0.0039   0.1000   0.1000  -0.2138  -0.3319   0.0394
2079   5.2956   5.2624  -0.6667   3.8589   0.9801   0.4115  -0.1217   0.4445  -0.0280   0.1000   0.1000   0.1000   0.0040   0.1000   0.1000  -0.2131  -0.3319   0.0393
2080   5.2857   5.2526  -0.6612   3.8446   0.9793   0.4135  -0.1202   0.4432  -0.0272   0.1000   0.1000   0.1000   0.0040   0.1000   0.1000  -0.2126  -0.3284   0.0393
2081   5.2678   5.2346  -0.6604   3.8272   0.9782   0.4153  -0.1202   0.4418  -0.0265   0.1000   0.1000   0.1000   0.0040   0.1000   0.1000  -0.2118  -0.3284   0.0393
2082   5.2461   5.2130  -0.6596   3.8073   0.9768   0.4172  -0.1202   0.4396  -0.0258   0.1000   0.1000   0.1000   0.0041   0.1000   0.1000  -0.2110  -0.3284   0.0392
2083   5.2252   5.1921  -0.6563   3.7852   0.9750   0.4189  -0.1195   0.4383  -0.0251   0.1000   0.1000   0.1000   0.0041   0.1000   0.1000  -0.2102  -0.3266   0.0391
2084   5.1990   5.1659  -0.6555   3.7612   0.9728   0.4207  -0.1195   0.4366  -0.0244   0.1000   0.1000   0.1000   0.0041   0.1000   0.1000  -0.2094  -0.3266   0.0390
2085   5.1740   5.1408  -0.6523   3.7356   0.9703   0.4224  -0.1187   0.4354  -0.0237   0.1000   0.1000   0.1000   0.0042   0.1000   0.1000  -0.2087  -0.3249   0.0389
2086   5.1465   5.1134  -0.6489   3.7088   0.9674   0.4240  -0.1180   0.4333  -0.0229   0.1000   0.1000   0.1000   0.0042   0.1000   0.1000  -0.2078  -0.3231   0.0388
2087   5.1145   5.0814  -0.6482   3.6808   0.9643   0.4256  -0.1180   0.4308  -0.0222   0.1000   0.1000   0.1000   0.0042   0.1000   0.1000  -0.2071  -0.3231   0.0387
2088   5.0847   5.0516  -0.6449   3.6518   0.9609   0.4272  -0.1172   0.4293  -0.0215   0.1000   0.1000   0.1000   0.0043   0.1000   0.1000  -0.2063  -0.3213   0.0386
2089   5.0506   5.0175  -0.6441   3.6220   0.9572   0.4287  -0.1172   0.4271  -0.0207   0.1000   0.1000   0.1000   0.0043   0.1000   0.1000  -0.2055  -0.3213   0.0384
2090   5.0179   4.9847  -0.6407   3.5913   0.9532   0.4302  -0.1165   0.4249  -0.0200   0.1000   0.1000   0.1000   0.0044   0.1000   0.1000  -0.2047  -0.3196   0.0382
2091   4.9824   4.9492  -0.6406   3.5600   0.9489   0.4316  -0.1165   0.4242  -0.0193   0.1000   0.1000   0.1000   0.0044   0.1000   0.1000  -0.2046  -0.3196   0.0381
2092   4.9480   4.9148  -0.6379   3.5280   0.9444   0.4330  -0.1157   0.4229  -0.0185   0.1000   0.1000   0.1000   0.0044   0.1000   0.1000  -0.2044  -0.3178   0.0379
2093   4.9100   4.8769  -0.6378   3.4954   0.9396   0.4343  -0.1157   0.4216  -0.0178   0.1000   0.1000   0.1000   0.0045   0.1000   0.1000  -0.2043  -0.3178   0.0377
2094   4.8737   4.8406  -0.6351   3.4623   0.9346   0.4356  -0.1150   0.4202  -0.0171   0.1000   0.1000   0.1000   0.0045   0.1000   0.1000  -0.2041  -0.3160   0.0375
2095   4.8342   4.8010  -0.6349   3.4286   0.9293   0.4368  -0.1150   0.4188  -0.0164   0.1000   0.1000   0.1000   0.0046   0.1000   0.1000  -0.2039  -0.3160   0.0373
2096   4.7965   4.7633  -0.6323   3.3944   0.9239   0.4381  -0.1142   0.4177  -0.0157   0.1000   0.1000   0.1000   0.0046   0.1000   0.1000  -0.2038  -0.3142   0.0371
2097   4.7550   4.7218  -0.6321   3.3596   0.9181   0.4392  -0.1142   0.4161  -0.0151   0.1000   0.1000   0.1000   0.0046   0.1000   0.1000  -0.2037  -0.3142   0.0368
2098   4.7159   4.6828  -0.6294   3.3244   0.9122   0.4403  -0.1135   0.4151  -0.0144   0.1000   0.1000   0.1000   0.0047   0.1000   0.1000  -0.2035  -0.3125   0.0366
2099   4.6723   4.6392  -0.6291   3.2888   0.9060   0.4414  -0.1135   0.4127  -0.0138   0.1000   0.1000   0.1000   0.0047   0.1000   0.1000  -0.2032  -0.3125   0.0363
2100   4.6338   4.6006  -0.6241   3.2529   0.8997   0.4425  -0.1120   0.4110  -0.0131   0.1000   0.1000   0.1000   0.0048   0.1000   0.1000  -0.2032  -0.3089   0.0361
2101   4.5903   4.5572  -0.6241   3.2175   0.8931   0.4434  -0.1120   0.4094  -0.0125   0.1000   0.1000   0.1000   0.0048   0.1000   0.1000  -0.2032  -0.3089   0.0358
2102   4.5472   4.5140  -0.6241   3.1828   0.8861   0.4444  -0.1120   0.4077  -0.0118   0.1000   0.1000   0.1000   0.0049   0.1000   0.1000  -0.2032  -0.3089   0.0355
2103   4.5042   4.4710  -0.6241   3.1487   0.8789   0.4453  -0.1120   0.4059  -0.0112   0.1000   0.1000   0.1000   0.0049   0.1000   0.1000  -0.2032  -0.3089   0.0352
2104   4.4614   4.4282  -0.6241   3.1152   0.8714   0.4461  -0.1120   0.4040  -0.0106   0.1000   0.1000   0.1000   0.0050   0.1000   0.1000  -0.2032  -0.3089   0.0349
2105   4.4188   4.3856  -0.6241   3.0824   0.8636   0.4469  -0.1120   0.4021  -0.0099   0.1000   0.1000   0.1000   0.0050   0.1000   0.1000  -0.2032  -0.3089   0.0346
2106   4.3763   4.3432  -0.6241   3.0501   0.8555   0.4477  -0.1120   0.4001  -0.0093   0.1000   0.1000   0.1000   0.0051   0.1000   0.1000  -0.2032  -0.3089   0.0343
2107   4.3340   4.3009  -0.6241   3.0183   0.8472   0.4484  -0.1120   0.3980  -0.0087   0.1000   0.1000   0.1000   0.0051   0.1000   0.1000  -0.2032  -0.3089   0.0340
2108   4.2919   4.2588  -0.6241   2.9870   0.8386   0.4490  -0.1120   0.3958  -0.0081   0.1000   0.1000   0.1000   0.0051   0.1000   0.1000  -0.2032  -0.3089   0.0336
2109   4.2500   4.2168  -0.6241   2.9563   0.8298   0.4497  -0.1120   0.3936  -0.0075   0.1000   0.1000   0.1000   0.0052   0.1000   0.1000  -0.2032  -0.3089   0.0332
2110   4.2082   4.1751  -0.6241   2.9260   0.8208   0.4504  -0.1120   0.3912  -0.0069   0.1000   0.1000   0.1000   0.0052   0.1000   0.1000  -0.2032  -0.3089   0.0329
2111   4.1666   4.1334  -0.6241   2.8962   0.8116   0.4510  -0.1120   0.3889  -0.0063   0.1000   0.1000   0.1000   0.0053   0.1000   0.1000  -0.2032  -0.3089   0.0325
2112   4.1251   4.0920  -0.6241   2.8668   0.8021   0.4517  -0.1120   0.3864  -0.0057   0.1000   0.1000   0.1000   0.0053   0.1000   0.1000  -0.2032  -0.3089   0.0321
2113   4.0838   4.0506  -0.6241   2.8378   0.7925   0.4523  -0.1120   0.3839  -0.0051   0.1000   0.1000   0.1000   0.0054   0.1000   0.1000  -0.2032  -0.3089   0.0317
2114   4.0426   4.0095  -0.6241   2.8093   0.7826   0.4530  -0.1120   0.3813  -0.0045   0.1000   0.1000   0.1000   0.0054   0.1000   0.1000  -0.2032  -0.3089   0.0313
2115   4.0015   3.9684  -0.6241   2.7811   0.7725   0.4536  -0.1120   0.3787  -0.0039   0.1000   0.1000   0.1000   0.0055   0.1000   0.1000  -0.2032  -0.3089   0.0309
2116   3.9606   3.9274  -0.6241   2.7534   0.7623   0.4542  -0.1120   0.3760  -0.0033   0.1000   0.1000   0.1000   0.0055   0.1000   0.1000  -0.2032  -0.3089   0.0305
2117   3.9198   3.8866  -0.6241   2.7260   0.7518   0.4548  -0.1120   0.3732  -0.0026   0.1000   0.1000   0.1000   0.0055   0.1000   0.1000  -0.2032  -0.3089   0.0301
2118   3.8790   3.8459  -0.6241   2.6989   0.7412   0.4555  -0.1120   0.3703  -0.0020   0.1000   0.1000   0.1000   0.0056   0.1000   0.1000  -0.2032  -0.3089   0.0297
2119   3.8384   3.8053  -0.6241   2.6723   0.7304   0.4561  -0.1120   0.3674  -0.0014   0.1000   0.1000   0.1000   0.0056   0.1000   0.1000  -0.2032  -0.3089   0.0292
2120   3.7979   3.7647  -0.6241   2.6460   0.7195   0.4567  -0.1120   0.3644  -0.0008   0.1000   0.1000   0.1000   0.0057   0.1000   0.1000  -0.2032  -0.3089   0.0288
2121   3.7574   3.7243  -0.6241   2.6200   0.7083   0.4573  -0.1120   0.3614  -0.0002   0.1000   0.1000   0.1000   0.0057   0.1000   0.1000  -0.2032  -0.3089   0.0283
2122   3.7171   3.6839  -0.6241   2.5943   0.6970   0.4579  -0.1120   0.3582   0.0004   0.1000   0.1000   0.1000   0.0058   0.1000   0.1000  -0.2032  -0.3089   0.0279
2123   3.6767   3.6436  -0.6241   2.5689   0.6855   0.4584  -0.1120   0.3551   0.0010   0.1000   0.1000   0.1000   0.0058   0.1000   0.1000  -0.2032  -0.3089   0.0274
2124   3.6365   3.6034  -0.6241   2.5439   0.6739   0.4590  -0.1120   0.3518   0.0016   0.1000   0.1000   0.1000   0.0059   0.1000   0.1000  -0.2032  -0.3089   0.0269
2125   3.5970   3.5639  -0.6241   2.5191   0.6626   0.4596  -0.1120   0.3486   0.0023   0.1000   0.1000   0.1000   0.0059   0.1000   0.1000  -0.2032  -0.3089   0.0265
2126   3.5588   3.5256  -0.6241   2.4947   0.6520   0.4602  -0.1120   0.3456   0.0029   0.1000   0.1000   0.1000   0.0059   0.1000   0.1000  -0.2032  -0.3089   0.0261
2127   3.5217   3.4886  -0.6241   2.4705   0.6422   0.4607  -0.1120   0.3428   0.0035   0.1000   0.1000   0.1000   0.0060   0.1000   0.1000  -0.2032  -0.3089   0.0257
2128   3.4858   3.4527  -0.6241   2.4466   0.6330   0.4613  -0.1120   0.3402   0.0041   0.1000   0.1000   0.1000   0.0060   0.1000   0.1000  -0.2032  -0.3089   0.0253
2129   3.4510   3.4179  -0.6241   2.4229   0.6245   0.4618  -0.1120   0.3377   0.0047   0.1000   0.1000   0.1000   0.0061   0.1000   0.1000  -0.2032  -0.3089   0.0250
2130   3.4172   3.3841  -0.6241   2.3996   0.6166   0.4624  -0.1120   0.3354   0.0053   0.1000   0.1000   0.1000   0.0061   0.1000   0.1000  -0.2032  -0.3089   0.0246
2131   3.3844   3.3513  -0.6241   2.3764   0.6092   0.4629  -0.1120   0.3332   0.0058   0.1000   0.1000   0.1000   0.0062   0.1000   0.1000  -0.2032  -0.3089   0.0243
2132   3.3525   3.3194  -0.6241   2.3536   0.6023   0.4635  -0.1120   0.3312   0.0064   0.1000   0.1000   0.1000   0.0062   0.1000   0.1000  -0.2032  -0.3089   0.0241
2133   3.3215   3.2883  -0.6241   2.3309   0.5959   0.4640  -0.1120   0.3293   0.0069   0.1000   0.1000   0.1000   0.0063   0.1000   0.1000  -0.2032  -0.3089   0.0238
2134   3.2913   3.2581  -0.6241   2.3086   0.5900   0.4645  -0.1120   0.3276   0.0074   0.1000   0.1000   0.1000   0.0063   0.1000   0.1000  -0.2032  -0.3089   0.0236
2135   3.2618   3.2287  -0.6241   2.2864   0.5845   0.4651  -0.1120   0.3259   0.0079   0.1000   0.1000   0.1000   0.0064   0.1000   0.1000  -0.2032  -0.3089   0.0233
2136   3.2331   3.2000  -0.6241   2.2645   0.5794   0.4656  -0.1120   0.3244   0.0083   0.1000   0.1000   0.1000   0.0064   0.1000   0.1000  -0.2032  -0.3089   0.0231
2137   3.2052   3.1720  -0.6241   2.2427   0.5747   0.4661  -0.1120   0.3230   0.0088   0.1000   0.1000   0.1000   0.0064   0.1000   0.1000  -0.2032  -0.3089   0.0230
2138   3.1778   3.1447  -0.6241   2.2212   0.5703   0.4666  -0.1120   0.3217   0.0092   0.1000   0.1000   0.1000   0.0065   0.1000   0.1000  -0.2032  -0.3089   0.0228
2139   3.1511   3.1180  -0.6241   2.2000   0.5662   0.4671  -0.1120   0.3204   0.0096   0.1000   0.1000   0.1000   0.0065   0.1000   0.1000  -0.2032  -0.3089   0.0226
2140   3.1251   3.0919  -0.6241   2.1789   0.5625   0.4676  -0.1120   0.3193   0.0100   0.1000   0.1000   0.1000   0.0066   0.1000   0.1000  -0.2032  -0.3089   0.0225
2141   3.0995   3.0664  -0.6241   2.1580   0.5590   0.4681  -0.1120   0.3183   0.0104   0.1000   0.1000   0.1000   0.0066   0.1000   0.1000  -0.2032  -0.3089   0.0223
2142   3.0746   3.0414  -0.6241   2.1373   0.5558   0.4686  -0.1120   0.3173   0.0107   0.1000   0.1000   0.1000   0.0067   0.1000   0.1000  -0.2032  -0.3089   0.0222
2143   3.0501   3.0169  -0.6241   2.1168   0.5528   0.4691  -0.1120   0.3164   0.0111   0.1000   0.1000   0.1000   0.0067   0.1000   0.1000  -0.2032  -0.3089   0.0221
2144   3.0261   2.9930  -0.6241   2.0965   0.5500   0.4696  -0.1120   0.3155   0.0114   0.1000   0.1000   0.1000   0.0068   0.1000   0.1000  -0.2032  -0.3089   0.0220
2145   3.0026   2.9694  -0.6241   2.0764   0.5475   0.4700  -0.1120   0.3147   0.0118   0.1000   0.1000   0.1000   0.0068   0.1000   0.1000  -0.2032  -0.3089   0.0219
2146   2.9795   2.9463  -0.6241   2.0565   0.5451   0.4705  -0.1120   0.3140   0.0121   0.1000   0.1000   0.1000   0.0068   0.1000   0.1000  -0.2032  -0.3089   0.0218
2147   2.9568   2.9237  -0.6241   2.0368   0.5429   0.4710  -0.1120   0.3133   0.0124   0.1000   0.1000   0.1000   0.0069   0.1000   0.1000  -0.2032  -0.3089   0.0217
2148   2.9345   2.9014  -0.6241   2.0172   0.5409   0.4714  -0.1120   0.3127   0.0127   0.1000   0.1000   0.1000   0.0069   0.1000   0.1000  -0.2032  -0.3089   0.0216
2149   2.9126   2.8795  -0.6241   1.9978   0.5390   0.4719  -0.1120   0.3121   0.0130   0.1000   0.1000   0.1000   0.0070   0.1000   0.1000  -0.2032  -0.3089   0.0215
2150   2.8911   2.8580  -0.6241   1.9785   0.5373   0.4723  -0.1120   0.3116   0.0133   0.1000   0.1000   0.1000   0.0070   0.1000   0.1000  -0.2032  -0.3089   0.0214
2151   2.8699   2.8368  -0.6241   1.9595   0.5357   0.4728  -0.1120   0.3111   0.0135   0.1000   0.1000   0.1000   0.0071   0.1000   0.1000  -0.2032  -0.3089   0.0214
2152   2.8490   2.8159  -0.6241   1.9406   0.5343   0.4732  -0.1120   0.3107   0.0138   0.1000   0.1000   0.1000   0.0071   0.1000   0.1000  -0.2032  -0.3089   0.0213
2153   2.8285   2.7953  -0.6241   1.9218   0.5329   0.4737  -0.1120   0.3103   0.0141   0.1000   0.1000   0.1000   0.0072   0.1000   0.1000  -0.2032  -0.3089   0.0213
2154   2.8082   2.7751  -0.6241   1.9032   0.5316   0.4741  -0.1120   0.3099   0.0143   0.1000   0.1000   0.1000   0.0072   0.1000   0.1000  -0.2032  -0.3089   0.0212
2155   2.7882   2.7551  -0.6241   1.8848   0.5305   0.4746  -0.1120   0.3095   0.0146   0.1000   0.1000   0.1000   0.0072   0.1000   0.1000  -0.2032  -0.3089   0.0212
2156   2.7685   2.7354  -0.6241   1.8665   0.5294   0.4750  -0.1120   0.3092   0.0148   0.1000   0.1000   0.1000   0.0073   0.1000   0.1000  -0.2032  -0.3089   0.0211
2157   2.7491   2.7159  -0.6241   1.8483   0.5284   0.4754  -0.1120   0.3089   0.0150   0.1000   0.1000   0.1000   0.0073   0.1000   0.1000  -0.2032  -0.3089   0.0211
2158   2.7299   2.6967  -0.6241   1.8303   0.5275   0.4758  -0.1120   0.3086   0.0152   0.1000   0.1000   0.1000   0.0074   0.1000   0.1000  -0.2032  -0.3089   0.0211
2159   2.7109   2.6777  -0.6241   1.8125   0.5267   0.4762  -0.1120   0.3083   0.0155   0.1000   0.1000   0.1000   0.0074   0.1000   0.1000  -0.2032  -0.3089   0.0210
2160   2.6921   2.6590  -0.6241   1.7947   0.5259   0.4767  -0.1120   0.3081   0.0157   0.1000   0.1000   0.1000   0.0075   0.1000   0.1000  -0.2032  -0.3089   0.0210
2161   2.6736   2.6405  -0.6241   1.7772   0.5252   0.4771  -0.1120   0.3079   0.0159   0.1000   0.1000   0.1000   0.0075   0.1000   0.1000  -0.2032  -0.3089   0.0210
2162   2.6553   2.6222  -0.6241   1.7597   0.5245   0.4775  -0.1120   0.3076   0.0161   0.1000   0.1000   0.1000   0.0076   0.1000   0.1000  -0.2032  -0.3089   0.0209
2163   2.6372   2.6041  -0.6241   1.7424   0.5239   0.4779  -0.1120   0.3075   0.0163   0.1000   0.1000   0.1000   0.0076   0.1000   0.1000  -0.2032  -0.3089   0.0209
2164   2.6193   2.5862  -0.6241   1.7252   0.5233   0.4783  -0.1120   0.3073   0.0165   0.1000   0.1000   0.1000   0.0076   0.1000   0.1000  -0.2032  -0.3089   0.0209
2165   2.6016   2.5684  -0.6241   1.7081   0.5228   0.4787  -0.1120   0.3071   0.0167   0.1000   0.1000   0.1000   0.0077   0.1000   0.1000  -0.2032  -0.3089   0.0209
2166   2.5840   2.5509  -0.6241   1.6912   0.5223   0.4791  -0.1120   0.3070   0.0169   0.1000   0.1000   0.1000   0.0077   0.1000   0.1000  -0.2032  -0.3089   0.0208
2167   2.5667   2.5335  -0.6241   1.6744   0.5219   0.4794  -0.1120   0.3068   0.0171   0.1000   0.1000   0.1000   0.0078   0.1000   0.1000  -0.2032  -0.3089   0.0208
2168   2.5495   2.5163  -0.6241   1.6577   0.5215   0.4798  -0.1120   0.3067   0.0172   0.1000   0.1000   0.1000   0.0078   0.1000   0.1000  -0.2032  -0.3089   0.0208
2169   2.5324   2.4993  -0.6241   1.6411   0.5211   0.4802  -0.1120   0.3066   0.0174   0.1000   0.1000   0.1000   0.0079   0.1000   0.1000  -0.2032  -0.3089   0.0208
2170   2.5155   2.4824  -0.6241   1.6246   0.5207   0.4806  -0.1120   0.3065   0.0176   0.1000   0.1000   0.1000   0.0079   0.1000   0.1000  -0.2032  -0.3089   0.0208
2171   2.4988   2.4657  -0.6241   1.6083   0.5204   0.4810  -0.1120   0.3064   0.0178   0.1000   0.1000   0.1000   0.0079   0.1000   0.1000  -0.2032  -0.3089   0.0208
2172   2.4822   2.4491  -0.6241   1.5921   0.5201   0.4813  -0.1120   0.3063   0.0179   0.1000   0.1000   0.1000   0.0080   0.1000   0.1000  -0.2032  -0.3089   0.0208
2173   2.4658   2.4327  -0.6241   1.5759   0.5199   0.4817  -0.1120   0.3062   0.0181   0.1000   0.1000   0.1000   0.0080   0.1000   0.1000  -0.2032  -0.3089   0.0207
2174   2.4495   2.4164  -0.6241   1.5599   0.5196   0.4821  -0.1120   0.3061   0.0183   0.1000   0.1000   0.1000   0.0081   0.1000   0.1000  -0.2032  -0.3089   0.0207
2175   2.4333   2.4002  -0.6241   1.5440   0.5194   0.4824  -0.1120   0.3060   0.0184   0.1000   0.1000   0.1000   0.0081   0.1000   0.1000  -0.2032  -0.3089   0.0207
2176   2.4173   2.3842  -0.6241   1.5282   0.5192   0.4828  -0.1120   0.3060   0.0186   0.1000   0.1000   0.1000   0.0082   0.1000   0.1000  -0.2032  -0.3089   0.0207
2177   2.4014   2.3683  -0.6241   1.5125   0.5190   0.4831  -0.1120   0.3059   0.0187   0.1000   0.1000   0.1000   0.0082   0.1000   0.1000  -0.2032  -0.3089   0.0207
2178   2.3856   2.3525  -0.6241   1.4969   0.5188   0.4835  -0.1120   0.3059   0.0189   0.1000   0.1000   0.1000   0.0083   0.1000   0.1000  -0.2032  -0.3089   0.0207
2179   2.3700   2.3368  -0.6241   1.4814   0.5186   0.4838  -0.1120   0.3058   0.0190   0.1000   0.1000   0.1000   0.0083   0.1000   0.1000  -0.2032  -0.3089   0.0207
2180   2.3544   2.3213  -0.6241   1.4660   0.5185   0.4842  -0.1120   0.3058   0.0192   0.1000   0.1000   0.1000   0.0083   0.1000   0.1000  -0.2032  -0.3089   0.0207
2181   2.3390   2.3058  -0.6241   1.4507   0.5183   0.4845  -0.1120   0.3057   0.0193   0.1000   0.1000   0.1000   0.0084   0.1000   0.1000  -0.2032  -0.3089   0.0207
2182   2.3237   2.2905  -0.6241   1.4355   0.5182   0.4848  -0.1120   0.3057   0.0194   0.1000   0.1000   0.1000   0.0084   0.1000   0.1000  -0.2032  -0.3089   0.0207
2183   2.3085   2.2753  -0.6241   1.4204   0.5181   0.4852  -0.1120   0.3056   0.0196   0.1000   0.1000   0.1000   0.0085   0.1000   0.1000  -0.2032  -0.3089   0.0207
2184   2.2933   2.2602  -0.6241   1.4053   0.5179   0.4855  -0.1120   0.3056   0.0197   0.1000   0.1000   0.1000   0.0085   0.1000   0.1000  -0.2032  -0.3089   0.0207
2185   2.2783   2.2452  -0.6241   1.3904   0.5178   0.4858  -0.1120   0.3056   0.0199   0.1000   0.1000   0.1000   0.0086   0.1000   0.1000  -0.2032  -0.3089   0.0207
2186   2.2634   2.2303  -0.6241   1.3755   0.5177   0.4861  -0.1120   0.3055   0.0200   0.1000   0.1000   0.1000   0.0086   0.1000   0.1000  -0.2032  -0.3089   0.0207
2187   2.2486   2.2155  -0.6241   1.3608   0.5177   0.4865  -0.1120   0.3055   0.0201   0.1000   0.1000   0.1000   0.0087   0.1000   0.1000  -0.2032  -0.3089   0.0207
2188   2.2339   2.2008  -0.6241   1.3461   0.5176   0.4868  -0.1120   0.3055   0.0203   0.1000   0.1000   0.1000   0.0087   0.1000   0.1000  -0.2032  -0.3089   0.0207
2189   2.2193   2.1862  -0.6241   1.3315   0.5175   0.4871  -0.1120   0.3055   0.0204   0.1000   0.1000   0.1000   0.0087   0.1000   0.1000  -0.2032  -0.3089   0.0207
2190   2.2048   2.1716  -0.6241   1.3170   0.5174   0.4874  -0.1120   0.3054   0.0205   0.1000   0.1000   0.1000   0.0088   0.1000   0.1000  -0.2032  -0.3089   0.0206
2191   2.1904   2.1572  -0.6241   1.3026   0.5174   0.4877  -0.1120   0.3054   0.0206   0.1000   0.1000   0.1000   0.0088   0.1000   0.1000  -0.2032  -0.3089   0.0206
2192   2.1760   2.1429  -0.6241   1.2882   0.5173   0.4880  -0.1120   0.3054   0.0207   0.1000   0.1000   0.1000   0.0089   0.1000   0.1000  -0.2032  -0.3089   0.0206
2193   2.1617   2.1286  -0.6241   1.2740   0.5173   0.4883  -0.1120   0.3054   0.0209   0.1000   0.1000   0.1000   0.0089   0.1000   0.1000  -0.2032  -0.3089   0.0206
2194   2.1476   2.1144  -0.6241   1.2598   0.5172   0.4886  -0.1120   0.3054   0.0210   0.1000   0.1000   0.1000   0.0090   0.1000   0.1000  -0.2032  -0.3089   0.0206
2195   2.1335   2.1003  -0.6241   1.2456   0.5172   0.4889  -0.1120   0.3054   0.0211   0.1000   0.1000   0.1000   0.0090   0.1000   0.1000  -0.2032  -0.3089   0.0206
2196   2.1211   2.0880  -0.6241   1.2325   0.5176   0.4893  -0.1120   0.3055   0.0212   0.1000   0.1000   0.1000   0.0090   0.1000   0.1000  -0.2032  -0.3089   0.0207
2197   2.1137   2.0806  -0.6241   1.2222   0.5196   0.4897  -0.1120   0.3061   0.0213   0.1000   0.1000   0.1000   0.0091   0.1000   0.1000  -0.2032  -0.3089   0.0207
2198   2.1143   2.0812  -0.6241   1.2162   0.5241   0.4904  -0.1120   0.3075   0.0214   0.1000   0.1000   0.1000   0.0091   0.1000   0.1000  -0.2032  -0.3089   0.0209
2199   2.1256   2.0924  -0.6241   1.2164   0.5318   0.4913  -0.1120   0.3099   0.0215   0.1000   0.1000   0.1000   0.0092   0.1000   0.1000  -0.2032  -0.3089   0.0212
2200   2.1480   2.1148  -0.6241   1.2234   0.5424   0.4926  -0.1120   0.3132   0.0216   0.1000   0.1000   0.1000   0.0092   0.1000   0.1000  -0.2032  -0.3089   0.0217
2201   2.1786   2.1454  -0.6241   1.2364   0.5546   0.4940  -0.1120   0.3169   0.0217   0.1000   0.1000   0.1000   0.0093   0.1000   0.1000  -0.2032  -0.3089   0.0221
2202   2.2136   2.1805  -0.6241   1.2532   0.5672   0.4956  -0.1120   0.3207   0.0216   0.1000   0.1000   0.1000   0.0093   0.1000   0.1000  -0.2032  -0.3089   0.0226
2203   2.2495   2.2164  -0.6241   1.2718   0.5792   0.4972  -0.1120   0.3243   0.0215   0.1000   0.1000   0.1000   0.0094   0.1000   0.1000  -0.2032  -0.3089   0.0231
2204   2.2833   2.2502  -0.6241   1.2904   0.5896   0.4987  -0.1120   0.3275   0.0214   0.1000   0.1000   0.1000   0.0094   0.1000   0.1000  -0.2032  -0.3089   0.0236
2205   2.3120   2.2788  -0.6241   1.3073   0.5977   0.5001  -0.1120   0.3298   0.0212   0.1000   0.1000   0.1000   0.0094   0.1000   0.1000  -0.2032  -0.3089   0.0239
2206   2.3329   2.2998  -0.6241   1.3210   0.6026   0.5012  -0.1120   0.3313   0.0209   0.1000   0.1000   0.1000   0.0095   0.1000   0.1000  -0.2032  -0.3089   0.0241
2207   2.3438   2.3106  -0.6241   1.3298   0.6037   0.5021  -0.1120   0.3316   0.0207   0.1000   0.1000   0.1000   0.0095   0.1000   0.1000  -0.2032  -0.3089   0.0241
2208   2.3435   2.3104  -0.6241   1.3325   0.6014   0.5026  -0.1120   0.3309   0.0205   0.1000   0.1000   0.1000   0.0096   0.1000   0.1000  -0.2032  -0.3089   0.0240
2209   2.3328   2.2997  -0.6241   1.3277   0.5969   0.5030  -0.1120   0.3296   0.0204   0.1000   0.1000   0.1000   0.0096   0.1000   0.1000  -0.2032  -0.3089   0.0238
2210   2.3138   2.2806  -0.6241   1.3161   0.5913   0.5032  -0.1120   0.3280   0.0203   0.1000   0.1000   0.1000   0.0097   0.1000   0.1000  -0.2032  -0.3089   0.0236
2211   2.2900   2.2569  -0.6241   1.2997   0.5858   0.5034  -0.1120   0.3263   0.0204   0.1000   0.1000   0.1000   0.0097   0.1000   0.1000  -0.2032  -0.3089   0.0234
2212   2.2642   2.2310  -0.6241   1.2806   0.5807   0.5036  -0.1120   0.3248   0.0205   0.1000   0.1000   0.1000   0.0097   0.1000   0.1000  -0.2032  -0.3089   0.0232
2213   2.2386   2.2055  -0.6241   1.2606   0.5763   0.5039  -0.1120   0.3235   0.0207   0.1000   0.1000   0.1000   0.0098   0.1000   0.1000  -0.2032  -0.3089   0.0230
2214   2.2151   2.1819  -0.6241   1.2415   0.5726   0.5044  -0.1120   0.3224   0.0209   0.1000   0.1000   0.1000   0.0098   0.1000   0.1000  -0.2032  -0.3089   0.0229
2215   2.1935   2.1603  -0.6241   1.2231   0.5697   0.5052  -0.1120   0.3215   0.0211   0.1000   0.1000   0.1000   0.0099   0.1000   0.1000  -0.2032  -0.3089   0.0227
2216   2.1735   2.1404  -0.6241   1.2054   0.5673   0.5062  -0.1120   0.3208   0.0214   0.1000   0.1000   0.1000   0.0099   0.1000   0.1000  -0.2032  -0.3089   0.0227
2217   2.1548   2.1216  -0.6241   1.1893   0.5645   0.5073  -0.1120   0.3199   0.0216   0.1000   0.1000   0.1000   0.0100   0.1000   0.1000  -0.2032  -0.3089   0.0225
2218   2.1363   2.1032  -0.6241   1.1739   0.5613   0.5085  -0.1120   0.3190   0.0218   0.1000   0.1000   0.1000   0.0100   0.1000   0.1000  -0.2032  -0.3089   0.0224
2219   2.1194   2.0863  -0.6241   1.1592   0.5587   0.5099  -0.1120   0.3181   0.0219   0.1000   0.1000   0.1000   0.0101   0.1000   0.1000  -0.2032  -0.3089   0.0223
2220   2.1039   2.0707  -0.6241   1.1451   0.5564   0.5115  -0.1120   0.3175   0.0221   0.1000   0.1000   0.1000   0.0101   0.1000   0.1000  -0.2032  -0.3089   0.0222
2221   2.0877   2.0546  -0.6241   1.1298   0.5545   0.5133  -0.1120   0.3169   0.0223   0.1000   0.1000   0.1000   0.0101   0.1000   0.1000  -0.2032  -0.3089   0.0221
2222   2.0710   2.0378  -0.6241   1.1133   0.5530   0.5152  -0.1120   0.3164   0.0224   0.1000   0.1000   0.1000   0.0102   0.1000   0.1000  -0.2032  -0.3089   0.0221
2223   2.0555   2.0224  -0.6241   1.0974   0.5518   0.5173  -0.1120   0.3161   0.0226   0.1000   0.1000   0.1000   0.0102   0.1000   0.1000  -0.2032  -0.3089   0.0220
2224   2.0432   2.0101  -0.6241   1.0841   0.5509   0.5196  -0.1120   0.3158   0.0227   0.1000   0.1000   0.1000   0.0103   0.1000   0.1000  -0.2032  -0.3089   0.0220
2225   2.0327   1.9995  -0.6241   1.0732   0.5492   0.5223  -0.1120   0.3153   0.0229   0.1000   0.1000   0.1000   0.0103   0.1000   0.1000  -0.2032  -0.3089   0.0219
2226   2.0218   1.9887  -0.6241   1.0626   0.5469   0.5253  -0.1120   0.3146   0.0230   0.1000   0.1000   0.1000   0.0104   0.1000   0.1000  -0.2032  -0.3089   0.0218
2227   2.0121   1.9790  -0.6241   1.0524   0.5449   0.5285  -0.1120   0.3140   0.0231   0.1000   0.1000   0.1000   0.0104   0.1000   0.1000  -0.2032  -0.3089   0.0218
2228   2.0048   1.9717  -0.6241   1.0426   0.5443   0.5319  -0.1120   0.3138   0.0232   0.1000   0.1000   0.1000   0.0104   0.1000   0.1000  -0.2032  -0.3089   0.0217
2229   1.9992   1.9661  -0.6241   1.0312   0.5461   0.5355  -0.1120   0.3143   0.0233   0.1000   0.1000   0.1000   0.0105   0.1000   0.1000  -0.2032  -0.3089   0.0218
2230   1.9963   1.9631  -0.6241   1.0184   0.5507   0.5392  -0.1120   0.3157   0.0235   0.1000   0.1000   0.1000   0.0105   0.1000   0.1000  -0.2032  -0.3089   0.0220
2231   1.9985   1.9653  -0.6241   1.0062   0.5586   0.5431  -0.1120   0.3181   0.0236   0.1000   0.1000   0.1000   0.0106   0.1000   0.1000  -0.2032  -0.3089   0.0223
2232   2.0067   1.9735  -0.6241   0.9945   0.5706   0.5470  -0.1120   0.3218   0.0237   0.1000   0.1000   0.1000   0.0106   0.1000   0.1000  -0.2032  -0.3089   0.0228
2233   2.0182   1.9851  -0.6241   0.9813   0.5863   0.5508  -0.1120   0.3265   0.0237   0.1000   0.1000   0.1000   0.0107   0.1000   0.1000  -0.2032  -0.3089   0.0234
2234   2.0321   1.9990  -0.6241   0.9663   0.6052   0.5546  -0.1120   0.3321   0.0236   0.1000   0.1000   0.1000   0.0107   0.1000   0.1000  -0.2032  -0.3089   0.0242
2235   2.0505   2.0174  -0.6241   0.9508   0.6279   0.5584  -0.1120   0.3387   0.0235   0.1000   0.1000   0.1000   0.0107   0.1000   0.1000  -0.2032  -0.3089   0.0251
2236   2.0747   2.0415  -0.6241   0.9369   0.6540   0.5621  -0.1120   0.3462   0.0232   0.1000   0.1000   0.1000   0.0108   0.1000   0.1000  -0.2032  -0.3089   0.0261
2237   2.1038   2.0707  -0.6241   0.9244   0.6831   0.5658  -0.1120   0.3544   0.0229   0.1000   0.1000   0.1000   0.0108   0.1000   0.1000  -0.2032  -0.3089   0.0273
2238   2.1361   2.1029  -0.6241   0.9120   0.7146   0.5693  -0.1120   0.3631   0.0224   0.1000   0.1000   0.1000   0.0109   0.1000   0.1000  -0.2032  -0.3089   0.0286
2239   2.1704   2.1373  -0.6241   0.9001   0.7475   0.5729  -0.1120   0.3720   0.0219   0.1000   0.1000   0.1000   0.0109   0.1000   0.1000  -0.2032  -0.3089   0.0299
2240   2.2066   2.1734  -0.6241   0.8889   0.7814   0.5764  -0.1120   0.3810   0.0213   0.1000   0.1000   0.1000   0.0110   0.1000   0.1000  -0.2032  -0.3089   0.0313
2241   2.2432   2.2100  -0.6241   0.8772   0.8163   0.5800  -0.1120   0.3901   0.0206   0.1000   0.1000   0.1000   0.0110   0.1000   0.1000  -0.2032  -0.3089   0.0327
2242   2.2798   2.2466  -0.6241   0.8658   0.8511   0.5835  -0.1120   0.3990   0.0198   0.1000   0.1000   0.1000   0.0110   0.1000   0.1000  -0.2032  -0.3089   0.0341
2243   2.3154   2.2822  -0.6241   0.8547   0.8850   0.5870  -0.1120   0.4074   0.0190   0.1000   0.1000   0.1000   0.0111   0.1000   0.1000  -0.2032  -0.3089   0.0355
2244   2.3471   2.3139  -0.6241   0.8421   0.9173   0.5904  -0.1120   0.4153   0.0182   0.1000   0.1000   0.1000   0.0111   0.1000   0.1000  -0.2032  -0.3089   0.0368
2245   2.3742   2.3411  -0.6241   0.8279   0.9474   0.5938  -0.1120   0.4226   0.0174   0.1000   0.1000   0.1000   0.0112   0.1000   0.1000  -0.2032  -0.3089   0.0380
2246   2.3982   2.3651  -0.6241   0.8142   0.9747   0.5972  -0.1120   0.4291   0.0165   0.1000   0.1000   0.1000   0.0112   0.1000   0.1000  -0.2032  -0.3089   0.0391
2247   2.4185   2.3854  -0.6241   0.8010   0.9988   0.6006  -0.1120   0.4347   0.0157   0.1000   0.1000   0.1000   0.0113   0.1000   0.1000  -0.2032  -0.3089   0.0401
2248   2.4345   2.4014  -0.6241   0.7882   1.0192   0.6039  -0.1120   0.4394   0.0149   0.1000   0.1000   0.1000   0.0113   0.1000   0.1000  -0.2032  -0.3089   0.0409
2249   2.4461   2.4130  -0.6241   0.7758   1.0359   0.6071  -0.1120   0.4432   0.0142   0.1000   0.1000   0.1000   0.0113   0.1000   0.1000  -0.2032  -0.3089   0.0416
2250   2.4531   2.4200  -0.6241   0.7639   1.0486   0.6104  -0.1120   0.4461   0.0135   0.1000   0.1000   0.1000   0.0114   0.1000   0.1000  -0.2032  -0.3089   0.0421
2251   2.4550   2.4218  -0.6241   0.7523   1.0570   0.6136  -0.1120   0.4480   0.0129   0.1000   0.1000   0.1000   0.0114   0.1000   0.1000  -0.2032  -0.3089   0.0425
2252   2.4507   2.4175  -0.6241   0.7395   1.0614   0.6167  -0.1120   0.4490   0.0124   0.1000   0.1000   0.1000   0.0115   0.1000   0.1000  -0.2032  -0.3089   0.0426
2253   2.4410   2.4079  -0.6241   0.7260   1.0620   0.6198  -0.1120   0.4491   0.0120   0.1000   0.1000   0.1000   0.0115   0.1000   0.1000  -0.2032  -0.3089   0.0427
2254   2.4285   2.3953  -0.6241   0.7139   1.0593   0.6229  -0.1120   0.4485   0.0117   0.1000   0.1000   0.1000   0.0116   0.1000   0.1000  -0.2032  -0.3089   0.0426
2255   2.4141   2.3809  -0.6241   0.7032   1.0540   0.6260  -0.1120   0.4473   0.0115   0.1000   0.1000   0.1000   0.0116   0.1000   0.1000  -0.2032  -0.3089   0.0423
2256   2.3959   2.3628  -0.6241   0.6916   1.0463   0.6290  -0.1120   0.4456   0.0114   0.1000   0.1000   0.1000   0.0117   0.1000   0.1000  -0.2032  -0.3089   0.0420
2257   2.3743   2.3411  -0.6241   0.6793   1.0365   0.6320  -0.1120   0.4434   0.0114   0.1000   0.1000   0.1000   0.0117   0.1000   0.1000  -0.2032  -0.3089   0.0416
2258   2.3513   2.3181  -0.6241   0.6683   1.0245   0.6350  -0.1120   0.4406   0.0115   0.1000   0.1000   0.1000   0.0117   0.1000   0.1000  -0.2032  -0.3089   0.0411
2259   2.3269   2.2938  -0.6241   0.6586   1.0105   0.6379  -0.1120   0.4374   0.0116   0.1000   0.1000   0.1000   0.0118   0.1000   0.1000  -0.2032  -0.3089   0.0406
2260   2.3002   2.2671  -0.6241   0.6480   0.9953   0.6409  -0.1120   0.4339   0.0118   0.1000   0.1000   0.1000   0.0118   0.1000   0.1000  -0.2032  -0.3089   0.0400
2261   2.2722   2.2391  -0.6241   0.6366   0.9797   0.6437  -0.1120   0.4302   0.0121   0.1000   0.1000   0.1000   0.0119   0.1000   0.1000  -0.2032  -0.3089   0.0393
2262   2.2441   2.2109  -0.6241   0.6245   0.9646   0.6466  -0.1120   0.4267   0.0124   0.1000   0.1000   0.1000   0.0119   0.1000   0.1000  -0.2032  -0.3089   0.0387
2263   2.2165   2.1834  -0.6241   0.6116   0.9507   0.6494  -0.1120   0.4234   0.0128   0.1000   0.1000   0.1000   0.0120   0.1000   0.1000  -0.2032  -0.3089   0.0381
2264   2.1923   2.1592  -0.6241   0.5996   0.9387   0.6522  -0.1120   0.4205   0.0132   0.1000   0.1000   0.1000   0.0120   0.1000   0.1000  -0.2032  -0.3089   0.0377
2265   2.1744   2.1413  -0.6241   0.5905   0.9293   0.6549  -0.1120   0.4182   0.0136   0.1000   0.1000   0.1000   0.0120   0.1000   0.1000  -0.2032  -0.3089   0.0373
2266   2.1634   2.1303  -0.6241   0.5842   0.9232   0.6577  -0.1120   0.4168   0.0141   0.1000   0.1000   0.1000   0.0121   0.1000   0.1000  -0.2032  -0.3089   0.0370
2267   2.1579   2.1248  -0.6241   0.5784   0.9211   0.6604  -0.1120   0.4162   0.0145   0.1000   0.1000   0.1000   0.0121   0.1000   0.1000  -0.2032  -0.3089   0.0369
2268   2.1566   2.1234  -0.6241   0.5711   0.9233   0.6631  -0.1120   0.4168   0.0148   0.1000   0.1000   0.1000   0.0122   0.1000   0.1000  -0.2032  -0.3089   0.0370
2269   2.1590   2.1259  -0.6241   0.5625   0.9297   0.6657  -0.1120   0.4183   0.0151   0.1000   0.1000   0.1000   0.0122   0.1000   0.1000  -0.2032  -0.3089   0.0373
2270   2.1661   2.1330  -0.6241   0.5546   0.9392   0.6683  -0.1120   0.4206   0.0154   0.1000   0.1000   0.1000   0.0123   0.1000   0.1000  -0.2032  -0.3089   0.0377
2271   2.1774   2.1443  -0.6241   0.5475   0.9515   0.6709  -0.1120   0.4235   0.0155   0.1000   0.1000   0.1000   0.0123   0.1000   0.1000  -0.2032  -0.3089   0.0382
2272   2.1926   2.1594  -0.6241   0.5411   0.9664   0.6735  -0.1120   0.4271   0.0155   0.1000   0.1000   0.1000   0.0123   0.1000   0.1000  -0.2032  -0.3089   0.0388
2273   2.2103   2.1772  -0.6241   0.5353   0.9828   0.6760  -0.1120   0.4310   0.0154   0.1000   0.1000   0.1000   0.0124   0.1000   0.1000  -0.2032  -0.3089   0.0395
2274   2.2304   2.1972  -0.6241   0.5302   1.0007   0.6785  -0.1120   0.4351   0.0153   0.1000   0.1000   0.1000   0.0124   0.1000   0.1000  -0.2032  -0.3089   0.0402
2275   2.2525   2.2194  -0.6241   0.5256   1.0199   0.6810  -0.1120   0.4396   0.0151   0.1000   0.1000   0.1000   0.0125   0.1000   0.1000  -0.2032  -0.3089   0.0410
2276   2.2736   2.2405  -0.6241   0.5196   1.0395   0.6835  -0.1120   0.4440   0.0148   0.1000   0.1000   0.1000   0.0125   0.1000   0.1000  -0.2032  -0.3089   0.0418
2277   2.2928   2.2596  -0.6241   0.5123   1.0587   0.6859  -0.1120   0.4484   0.0144   0.1000   0.1000   0.1000   0.0126   0.1000   0.1000  -0.2032  -0.3089   0.0425
2278   2.3092   2.2761  -0.6241   0.5037   1.0769   0.6883  -0.1120   0.4525   0.0140   0.1000   0.1000   0.1000   0.0126   0.1000   0.1000  -0.2032  -0.3089   0.0433
2279   2.3232   2.2900  -0.6241   0.4939   1.0940   0.6907  -0.1120   0.4563   0.0136   0.1000   0.1000   0.1000   0.0126   0.1000   0.1000  -0.2032  -0.3089   0.0440
2280   2.3348   2.3017  -0.6241   0.4830   1.1102   0.6931  -0.1120   0.4598   0.0131   0.1000   0.1000   0.1000   0.0127   0.1000   0.1000  -0.2032  -0.3089   0.0446
2281   2.3439   2.3107  -0.6241   0.4711   1.1253   0.6954  -0.1120   0.4631   0.0127   0.1000   0.1000   0.1000   0.0127   0.1000   0.1000  -0.2032  -0.3089   0.0452
2282   2.3505   2.3174  -0.6241   0.4581   1.1393   0.6977  -0.1120   0.4662   0.0123   0.1000   0.1000   0.1000   0.0128   0.1000   0.1000  -0.2032  -0.3089   0.0458
2283   2.3550   2.3218  -0.6241   0.4442   1.1523   0.7000  -0.1120   0.4690   0.0119   0.1000   0.1000   0.1000   0.0128   0.1000   0.1000  -0.2032  -0.3089   0.0463
2284   2.3594   2.3262  -0.6241   0.4315   1.1643   0.7023  -0.1120   0.4715   0.0115   0.1000   0.1000   0.1000   0.0128   0.1000   0.1000  -0.2032  -0.3089   0.0468
2285   2.3638   2.3307  -0.6241   0.4198   1.1756   0.7045  -0.1120   0.4739   0.0112   0.1000   0.1000   0.1000   0.0129   0.1000   0.1000  -0.2032  -0.3089   0.0473
2286   2.3682   2.3351  -0.6241   0.4090   1.1860   0.7067  -0.1120   0.4762   0.0108   0.1000   0.1000   0.1000   0.0129   0.1000   0.1000  -0.2032  -0.3089   0.0477
2287   2.3726   2.3395  -0.6241   0.3992   1.1957   0.7089  -0.1120   0.4782   0.0105   0.1000   0.1000   0.1000   0.0130   0.1000   0.1000  -0.2032  -0.3089   0.0481
2288   2.3771   2.3439  -0.6241   0.3902   1.2048   0.7111  -0.1120   0.4801   0.0102   0.1000   0.1000   0.1000   0.0130   0.1000   0.1000  -0.2032  -0.3089   0.0485
2289   2.3815   2.3484  -0.6241   0.3821   1.2132   0.7133  -0.1120   0.4819   0.0100   0.1000   0.1000   0.1000   0.0131   0.1000   0.1000  -0.2032  -0.3089   0.0488
2290   2.3839   2.3507  -0.6241   0.3725   1.2211   0.7154  -0.1120   0.4835   0.0098   0.1000   0.1000   0.1000   0.0131   0.1000   0.1000  -0.2032  -0.3089   0.0492
2291   2.3843   2.3512  -0.6241   0.3617   1.2285   0.7175  -0.1120   0.4850   0.0095   0.1000   0.1000   0.1000   0.0131   0.1000   0.1000  -0.2032  -0.3089   0.0495
2292   2.3830   2.3498  -0.6241   0.3498   1.2354   0.7196  -0.1120   0.4865   0.0093   0.1000   0.1000   0.1000   0.0132   0.1000   0.1000  -0.2032  -0.3089   0.0497
2293   2.3800   2.3468  -0.6241   0.3367   1.2418   0.7217  -0.1120   0.4878   0.0091   0.1000   0.1000   0.1000   0.0132   0.1000   0.1000  -0.2032  -0.3089   0.0500
2294   2.3775   2.3444  -0.6241   0.3247   1.2478   0.7237  -0.1120   0.4890   0.0090   0.1000   0.1000   0.1000   0.0133   0.1000   0.1000  -0.2032  -0.3089   0.0502
2295   2.3776   2.3445  -0.6241   0.3159   1.2534   0.7258  -0.1120   0.4902   0.0088   0.1000   0.1000   0.1000   0.0133   0.1000   0.1000  -0.2032  -0.3089   0.0505
2296   2.3802   2.3471  -0.6241   0.3100   1.2586   0.7278  -0.1120   0.4912   0.0087   0.1000   0.1000   0.1000   0.0134   0.1000   0.1000  -0.2032  -0.3089   0.0507
2297   2.3830   2.3499  -0.6241   0.3046   1.2635   0.7297  -0.1120   0.4922   0.0085   0.1000   0.1000   0.1000   0.0134   0.1000   0.1000  -0.2032  -0.3089   0.0509
2298   2.3859   2.3528  -0.6241   0.2999   1.2681   0.7317  -0.1120   0.4932   0.0084   0.1000   0.1000   0.1000   0.0134   0.1000   0.1000  -0.2032  -0.3089   0.0511
2299   2.3890   2.3559  -0.6241   0.2957   1.2724   0.7337  -0.1120   0.4940   0.0083   0.1000   0.1000   0.1000   0.0135   0.1000   0.1000  -0.2032  -0.3089   0.0512
2300   2.3907   2.3575  -0.6241   0.2904   1.2764   0.7356  -0.1120   0.4949   0.0082   0.1000   0.1000   0.1000   0.0135   0.1000   0.1000  -0.2032  -0.3089   0.0514
2301   2.3893   2.3561  -0.6241   0.2824   1.2801   0.7375  -0.1120   0.4956   0.0081   0.1000   0.1000   0.1000   0.0136   0.1000   0.1000  -0.2032  -0.3089   0.0516
2302   2.3851   2.3519  -0.6241   0.2718   1.2836   0.7394  -0.1120   0.4963   0.0080   0.1000   0.1000   0.1000   0.0136   0.1000   0.1000  -0.2032  -0.3089   0.0517
2303   2.3804   2.3472  -0.6241   0.2612   1.2869   0.7412  -0.1120   0.4970   0.0079   0.1000   0.1000   0.1000   0.0137   0.1000   0.1000  -0.2032  -0.3089   0.0518
2304   2.3752   2.3421  -0.6241   0.2503   1.2900   0.7431  -0.1120   0.4976   0.0079   0.1000   0.1000   0.1000   0.0137   0.1000   0.1000  -0.2032  -0.3089   0.0520
2305   2.3696   2.3365  -0.6241   0.2392   1.2929   0.7449  -0.1120   0.4982   0.0078   0.1000   0.1000   0.1000   0.0137   0.1000   0.1000  -0.2032  -0.3089   0.0521
2306   2.3635   2.3304  -0.6241   0.2279   1.2956   0.7467  -0.1120   0.4987   0.0077   0.1000   0.1000   0.1000   0.0138   0.1000   0.1000  -0.2032  -0.3089   0.0522
2307   2.3571   2.3239  -0.6241   0.2164   1.2981   0.7485  -0.1120   0.4992   0.0077   0.1000   0.1000   0.1000   0.0138   0.1000   0.1000  -0.2032  -0.3089   0.0523
2308   2.3523   2.3192  -0.6241   0.2069   1.3005   0.7503  -0.1120   0.4997   0.0076   0.1000   0.1000   0.1000   0.0139   0.1000   0.1000  -0.2032  -0.3089   0.0524
2309   2.3514   2.3182  -0.6241   0.2014   1.3027   0.7521  -0.1120   0.5002   0.0076   0.1000   0.1000   0.1000   0.0139   0.1000   0.1000  -0.2032  -0.3089   0.0525
2310   2.3539   2.3208  -0.6241   0.1996   1.3047   0.7538  -0.1120   0.5006   0.0075   0.1000   0.1000   0.1000   0.0140   0.1000   0.1000  -0.2032  -0.3089   0.0526
2311   2.3576   2.3245  -0.6241   0.1990   1.3067   0.7555  -0.1120   0.5010   0.0075   0.1000   0.1000   0.1000   0.0140   0.1000   0.1000  -0.2032  -0.3089   0.0527
2312   2.3624   2.3292  -0.6241   0.1998   1.3085   0.7573  -0.1120   0.5013   0.0075   0.1000   0.1000   0.1000   0.0140   0.1000   0.1000  -0.2032  -0.3089   0.0527
2313   2.3682   2.3350  -0.6241   0.2017   1.3102   0.7589  -0.1120   0.5017   0.0074   0.1000   0.1000   0.1000   0.0141   0.1000   0.1000  -0.2032  -0.3089   0.0528
2314   2.3728   2.3397  -0.6241   0.2026   1.3118   0.7606  -0.1120   0.5020   0.0074   0.1000   0.1000   0.1000   0.0141   0.1000   0.1000  -0.2032  -0.3089   0.0529
2315   2.3743   2.3412  -0.6241   0.2005   1.3133   0.7623  -0.1120   0.5023   0.0074   0.1000   0.1000   0.1000   0.0142   0.1000   0.1000  -0.2032  -0.3089   0.0529
2316   2.3707   2.3375  -0.6241   0.1934   1.3148   0.7639  -0.1120   0.5026   0.0074   0.1000   0.1000   0.1000   0.0142   0.1000   0.1000  -0.2032  -0.3089   0.0530
2317   2.3624   2.3292  -0.6241   0.1818   1.3161   0.7655  -0.1120   0.5028   0.0074   0.1000   0.1000   0.1000   0.0142   0.1000   0.1000  -0.2032  -0.3089   0.0530
2318   2.3518   2.3186  -0.6241   0.1680   1.3173   0.7671  -0.1120   0.5031   0.0073   0.1000   0.1000   0.1000   0.0143   0.1000   0.1000  -0.2032  -0.3089   0.0531
2319   2.3412   2.3081  -0.6241   0.1544   1.3185   0.7687  -0.1120   0.5033   0.0073   0.1000   0.1000   0.1000   0.0143   0.1000   0.1000  -0.2032  -0.3089   0.0531
2320   2.3329   2.2997  -0.6241   0.1430   1.3196   0.7703  -0.1120   0.5035   0.0073   0.1000   0.1000   0.1000   0.0144   0.1000   0.1000  -0.2032  -0.3089   0.0532
2321   2.3281   2.2950  -0.6241   0.1354   1.3206   0.7719  -0.1120   0.5037   0.0073   0.1000   0.1000   0.1000   0.0144   0.1000   0.1000  -0.2032  -0.3089   0.0532
2322   2.3284   2.2953  -0.6241   0.1329   1.3215   0.7734  -0.1120   0.5039   0.0073   0.1000   0.1000   0.1000   0.0145   0.1000   0.1000  -0.2032  -0.3089   0.0533
2323   2.3333   2.3002  -0.6241   0.1351   1.3224   0.7750  -0.1120   0.5041   0.0073   0.1000   0.1000   0.1000   0.0145   0.1000   0.1000  -0.2032  -0.3089   0.0533
2324   2.3404   2.3073  -0.6241   0.1395   1.3233   0.7765  -0.1120   0.5043   0.0073   0.1000   0.1000   0.1000   0.0145   0.1000   0.1000  -0.2032  -0.3089   0.0533
2325   2.3473   2.3142  -0.6241   0.1439   1.3241   0.7780  -0.1120   0.5044   0.0073   0.1000   0.1000   0.1000   0.0146   0.1000   0.1000  -0.2032  -0.3089   0.0534
2326   2.3520   2.3189  -0.6241   0.1461   1.3248   0.7795  -0.1120   0.5046   0.0073   0.1000   0.1000   0.1000   0.0146   0.1000   0.1000  -0.2032  -0.3089   0.0534
2327   2.3544   2.3212  -0.6241   0.1461   1.3255   0.7809  -0.1120   0.5047   0.0073   0.1000   0.1000   0.1000   0.0147   0.1000   0.1000  -0.2032  -0.3089   0.0534
2328   2.3543   2.3212  -0.6241   0.1437   1.3262   0.7824  -0.1120   0.5048   0.0073   0.1000   0.1000   0.1000   0.0147   0.1000   0.1000  -0.2032  -0.3089   0.0535
2329   2.3520   2.3189  -0.6241   0.1392   1.3268   0.7838  -0.1120   0.5050   0.0073   0.1000   0.1000   0.1000   0.0148   0.1000   0.1000  -0.2032  -0.3089   0.0535
2330   2.3477   2.3146  -0.6241   0.1327   1.3274   0.7852  -0.1120   0.5051   0.0073   0.1000   0.1000   0.1000   0.0148   0.1000   0.1000  -0.2032  -0.3089   0.0535
2331   2.3393   2.3062  -0.6241   0.1222   1.3279   0.7867  -0.1120   0.5052   0.0073   0.1000   0.1000   0.1000   0.0148   0.1000   0.1000  -0.2032  -0.3089   0.0535
2332   2.3271   2.2939  -0.6241   0.1078   1.3284   0.7881  -0.1120   0.5053   0.0073   0.1000   0.1000   0.1000   0.0149   0.1000   0.1000  -0.2032  -0.3089   0.0535
2333   2.3134   2.2802  -0.6241   0.0921   1.3289   0.7894  -0.1120   0.5054   0.0073   0.1000   0.1000   0.1000   0.0149   0.1000   0.1000  -0.2032  -0.3089   0.0536
2334   2.3005   2.2673  -0.6241   0.0772   1.3293   0.7908  -0.1120   0.5055   0.0073   0.1000   0.1000   0.1000   0.0150   0.1000   0.1000  -0.2032  -0.3089   0.0536
2335   2.2882   2.2551  -0.6241   0.0631   1.3297   0.7922  -0.1120   0.5055   0.0073   0.1000   0.1000   0.1000   0.0150   0.1000   0.1000  -0.2032  -0.3089   0.0536
2336   2.2766   2.2435  -0.6241   0.0496   1.3301   0.7935  -0.1120   0.5056   0.0074   0.1000   0.1000   0.1000   0.0150   0.1000   0.1000  -0.2032  -0.3089   0.0536
2337   2.2677   2.2346  -0.6241   0.0388   1.3305   0.7948  -0.1120   0.5057   0.0074   0.1000   0.1000   0.1000   0.0151   0.1000   0.1000  -0.2032  -0.3089   0.0536
2338   2.2613   2.2282  -0.6241   0.0306   1.3308   0.7962  -0.1120   0.5058   0.0074   0.1000   0.1000   0.1000   0.0151   0.1000   0.1000  -0.2032  -0.3089   0.0536
2339   2.2572   2.2241  -0.6241   0.0248   1.3312   0.7975  -0.1120   0.5058   0.0074   0.1000   0.1000   0.1000   0.0152   0.1000   0.1000  -0.2032  -0.3089   0.0537
2340   2.2553   2.2222  -0.6241   0.0212   1.3315   0.7988  -0.1120   0.5059   0.0074   0.1000   0.1000   0.1000   0.0152   0.1000   0.1000  -0.2032  -0.3089   0.0537
2341   2.2532   2.2200  -0.6241   0.0174   1.3318   0.8000  -0.1120   0.5059   0.0074   0.1000   0.1000   0.1000   0.0153   0.1000   0.1000  -0.2032  -0.3089   0.0537
2342   2.2487   2.2155  -0.6241   0.0112   1.3320   0.8013  -0.1120   0.5060   0.0074   0.1000   0.1000   0.1000   0.0153   0.1000   0.1000  -0.2032  -0.3089   0.0537
2343   2.2420   2.2089  -0.6241   0.0030   1.3323   0.8026  -0.1120   0.5061   0.0074   0.1000   0.1000   0.1000   0.0153   0.1000   0.1000  -0.2032  -0.3089   0.0537
2344   2.2355   2.2024  -0.6241  -0.0051   1.3325   0.8038  -0.1120   0.5061   0.0074   0.1000   0.1000   0.1000   0.0154   0.1000   0.1000  -0.2032  -0.3089   0.0537
2345   2.2315   2.1984  -0.6241  -0.0106   1.3327   0.8050  -0.1120   0.5061   0.0075   0.1000   0.1000   0.1000   0.0154   0.1000   0.1000  -0.2032  -0.3089   0.0537
2346   2.2320   2.1989  -0.6241  -0.0117   1.3329   0.8063  -0.1120   0.5062   0.0075   0.1000   0.1000   0.1000   0.0155   0.1000   0.1000  -0.2032  -0.3089   0.0537
2347   2.2367   2.2035  -0.6241  -0.0085   1.3331   0.8075  -0.1120   0.5062   0.0075   0.1000   0.1000   0.1000   0.0155   0.1000   0.1000  -0.2032  -0.3089   0.0537
2348   2.2452   2.2121  -0.6241  -0.0014   1.3333   0.8087  -0.1120   0.5063   0.0075   0.1000   0.1000   0.1000   0.0155   0.1000   0.1000  -0.2032  -0.3089   0.0537
2349   2.2574   2.2243  -0.6241   0.0094   1.3335   0.8098  -0.1120   0.5063   0.0075   0.1000   0.1000   0.1000   0.0156   0.1000   0.1000  -0.2032  -0.3089   0.0538
2350   2.2709   2.2377  -0.6241   0.0214   1.3336   0.8110  -0.1120   0.5063   0.0075   0.1000   0.1000   0.1000   0.0156   0.1000   0.1000  -0.2032  -0.3089   0.0538
2351   2.2832   2.2501  -0.6241   0.0324   1.3338   0.8122  -0.1120   0.5064   0.0075   0.1000   0.1000   0.1000   0.0157   0.1000   0.1000  -0.2032  -0.3089   0.0538
2352   2.2926   2.2594  -0.6241   0.0404   1.3339   0.8133  -0.1120   0.5064   0.0075   0.1000   0.1000   0.1000   0.0157   0.1000   0.1000  -0.2032  -0.3089   0.0538
2353   2.2991   2.2660  -0.6241   0.0456   1.3341   0.8145  -0.1120   0.5064   0.0076   0.1000   0.1000   0.1000   0.0158   0.1000   0.1000  -0.2032  -0.3089   0.0538
2354   2.3042   2.2710  -0.6241   0.0493   1.3342   0.8156  -0.1120   0.5064   0.0076   0.1000   0.1000   0.1000   0.0158   0.1000   0.1000  -0.2032  -0.3089   0.0538
2355   2.3090   2.2758  -0.6241   0.0528   1.3343   0.8167  -0.1120   0.5065   0.0076   0.1000   0.1000   0.1000   0.0158   0.1000   0.1000  -0.2032  -0.3089   0.0538
2356   2.3135   2.2804  -0.6241   0.0561   1.3344   0.8178  -0.1120   0.5065   0.0076   0.1000   0.1000   0.1000   0.0159   0.1000   0.1000  -0.2032  -0.3089   0.0538
2357   2.3179   2.2847  -0.6241   0.0592   1.3345   0.8189  -0.1120   0.5065   0.0076   0.1000   0.1000   0.1000   0.0159   0.1000   0.1000  -0.2032  -0.3089   0.0538
2358   2.3220   2.2889  -0.6241   0.0621   1.3346   0.8200  -0.1120   0.5065   0.0076   0.1000   0.1000   0.1000   0.0160   0.1000   0.1000  -0.2032  -0.3089   0.0538
2359   2.3237   2.2906  -0.6241   0.0626   1.3347   0.8211  -0.1120   0.5065   0.0076   0.1000   0.1000   0.1000   0.0160   0.1000   0.1000  -0.2032  -0.3089   0.0538
2360   2.3232   2.2901  -0.6241   0.0609   1.3348   0.8221  -0.1120   0.5066   0.0077   0.1000   0.1000   0.1000   0.0160   0.1000   0.1000  -0.2032  -0.3089   0.0538
2361   2.3206   2.2875  -0.6241   0.0571   1.3349   0.8232  -0.1120   0.5066   0.0077   0.1000   0.1000   0.1000   0.0161   0.1000   0.1000  -0.2032  -0.3089   0.0538
2362   2.3138   2.2807  -0.6241   0.0492   1.3350   0.8242  -0.1120   0.5066   0.0077   0.1000   0.1000   0.1000   0.0161   0.1000   0.1000  -0.2032  -0.3089   0.0538
2363   2.3031   2.2700  -0.6241   0.0373   1.3350   0.8252  -0.1120   0.5066   0.0077   0.1000   0.1000   0.1000   0.0162   0.1000   0.1000  -0.2032  -0.3089   0.0538
2364   2.2910   2.2578  -0.6241   0.0240   1.3351   0.8263  -0.1120   0.5066   0.0077   0.1000   0.1000   0.1000   0.0162   0.1000   0.1000  -0.2032  -0.3089   0.0538
2365   2.2796   2.2464  -0.6241   0.0115   1.3352   0.8273  -0.1120   0.5066   0.0077   0.1000   0.1000   0.1000   0.0163   0.1000   0.1000  -0.2032  -0.3089   0.0538
2366   2.2711   2.2379  -0.6241   0.0019   1.3352   0.8283  -0.1120   0.5066   0.0077   0.1000   0.1000   0.1000   0.0163   0.1000   0.1000  -0.2032  -0.3089   0.0538
2367   2.2675   2.2343  -0.6241  -0.0028   1.3353   0.8293  -0.1120   0.5066   0.0078   0.1000   0.1000   0.1000   0.0163   0.1000   0.1000  -0.2032  -0.3089   0.0538
2368   2.2705   2.2374  -0.6241  -0.0008   1.3353   0.8303  -0.1120   0.5067   0.0078   0.1000   0.1000   0.1000   0.0164   0.1000   0.1000  -0.2032  -0.3089   0.0538
2369   2.2798   2.2467  -0.6241   0.0074   1.3354   0.8312  -0.1120   0.5067   0.0078   0.1000   0.1000   0.1000   0.0164   0.1000   0.1000  -0.2032  -0.3089   0.0538
2370   2.2927   2.2596  -0.6241   0.0192   1.3354   0.8322  -0.1120   0.5067   0.0078   0.1000   0.1000   0.1000   0.0165   0.1000   0.1000  -0.2032  -0.3089   0.0538
2371   2.3067   2.2735  -0.6241   0.0322   1.3355   0.8331  -0.1120   0.5067   0.0078   0.1000   0.1000   0.1000   0.0165   0.1000   0.1000  -0.2032  -0.3089   0.0538
2372   2.3195   2.2864  -0.6241   0.0440   1.3355   0.8341  -0.1120   0.5067   0.0078   0.1000   0.1000   0.1000   0.0165   0.1000   0.1000  -0.2032  -0.3089   0.0538
2373   2.3292   2.2961  -0.6241   0.0527   1.3355   0.8350  -0.1120   0.5067   0.0078   0.1000   0.1000   0.1000   0.0166   0.1000   0.1000  -0.2032  -0.3089   0.0538
2374   2.3339   2.3008  -0.6241   0.0564   1.3356   0.8360  -0.1120   0.5067   0.0079   0.1000   0.1000   0.1000   0.0166   0.1000   0.1000  -0.2032  -0.3089   0.0538
2375   2.3340   2.3009  -0.6241   0.0555   1.3356   0.8369  -0.1120   0.5067   0.0079   0.1000   0.1000   0.1000   0.0167   0.1000   0.1000  -0.2032  -0.3089   0.0538
2376   2.3320   2.2989  -0.6241   0.0525   1.3356   0.8378  -0.1120   0.5067   0.0079   0.1000   0.1000   0.1000   0.0167   0.1000   0.1000  -0.2032  -0.3089   0.0538
2377   2.3281   2.2950  -0.6241   0.0477   1.3357   0.8387  -0.1120   0.5067   0.0079   0.1000   0.1000   0.1000   0.0168   0.1000   0.1000  -0.2032  -0.3089   0.0538
2378   2.3202   2.2870  -0.6241   0.0388   1.3357   0.8396  -0.1120   0.5067   0.0079   0.1000   0.1000   0.1000   0.0168   0.1000   0.1000  -0.2032  -0.3089   0.0538
2379   2.3084   2.2753  -0.6241   0.0261   1.3357   0.8405  -0.1120   0.5067   0.0079   0.1000   0.1000   0.1000   0.0168   0.1000   0.1000  -0.2032  -0.3089   0.0538
2380   2.2953   2.2622  -0.6241   0.0120   1.3357   0.8413  -0.1120   0.5067   0.0079   0.1000   0.1000   0.1000   0.0169   0.1000   0.1000  -0.2032  -0.3089   0.0538
2381   2.2831   2.2499  -0.6241  -0.0011   1.3358   0.8422  -0.1120   0.5067   0.0080   0.1000   0.1000   0.1000   0.0169   0.1000   0.1000  -0.2032  -0.3089   0.0538
2382   2.2716   2.2384  -0.6241  -0.0135   1.3358   0.8430  -0.1120   0.5067   0.0080   0.1000   0.1000   0.1000   0.0170   0.1000   0.1000  -0.2032  -0.3089   0.0538
2383   2.2585   2.2253  -0.6241  -0.0275   1.3358   0.8439  -0.1120   0.5067   0.0080   0.1000   0.1000   0.1000   0.0170   0.1000   0.1000  -0.2032  -0.3089   0.0538
2384   2.2438   2.2107  -0.6241  -0.0431   1.3358   0.8447  -0.1120   0.5068   0.0080   0.1000   0.1000   0.1000   0.0170   0.1000   0.1000  -0.2032  -0.3089   0.0538
2385   2.2299   2.1967  -0.6241  -0.0579   1.3358   0.8456  -0.1120   0.5068   0.0080   0.1000   0.1000   0.1000   0.0171   0.1000   0.1000  -0.2032  -0.3089   0.0538
2386   2.2166   2.1835  -0.6241  -0.0721   1.3358   0.8464  -0.1120   0.5068   0.0080   0.1000   0.1000   0.1000   0.0171   0.1000   0.1000  -0.2032  -0.3089   0.0538
2387   2.2039   2.1707  -0.6241  -0.0856   1.3359   0.8472  -0.1120   0.5068   0.0080   0.1000   0.1000   0.1000   0.0172   0.1000   0.1000  -0.2032  -0.3089   0.0538
2388   2.1939   2.1608  -0.6241  -0.0964   1.3359   0.8480  -0.1120   0.5068   0.0080   0.1000   0.1000   0.1000   0.0172   0.1000   0.1000  -0.2032  -0.3089   0.0538
2389   2.1888   2.1556  -0.6241  -0.1024   1.3359   0.8488  -0.1120   0.5068   0.0081   0.1000   0.1000   0.1000   0.0172   0.1000   0.1000  -0.2032  -0.3089   0.0538
2390   2.1881   2.1550  -0.6241  -0.1040   1.3359   0.8496  -0.1120   0.5068   0.0081   0.1000   0.1000   0.1000   0.0173   0.1000   0.1000  -0.2032  -0.3089   0.0538
2391   2.1893   2.1562  -0.6241  -0.1036   1.3359   0.8504  -0.1120   0.5068   0.0081   0.1000   0.1000   0.1000   0.0173   0.1000   0.1000  -0.2032  -0.3089   0.0539
2392   2.1923   2.1592  -0.6241  -0.1014   1.3359   0.8512  -0.1120   0.5068   0.0081   0.1000   0.1000   0.1000   0.0174   0.1000   0.1000  -0.2032  -0.3089   0.0539
2393   2.1970   2.1639  -0.6241  -0.0975   1.3359   0.8519  -0.1120   0.5068   0.0081   0.1000   0.1000   0.1000   0.0174   0.1000   0.1000  -0.2032  -0.3089   0.0539
2394   2.2011   2.1679  -0.6241  -0.0943   1.3359   0.8527  -0.1120   0.5068   0.0081   0.1000   0.1000   0.1000   0.0175   0.1000   0.1000  -0.2032  -0.3089   0.0539
2395   2.2023   2.1692  -0.6241  -0.0938   1.3360   0.8535  -0.1120   0.5068   0.0081   0.1000   0.1000   0.1000   0.0175   0.1000   0.1000  -0.2032  -0.3089   0.0539
2396   2.2011   2.1680  -0.6241  -0.0958   1.3360   0.8542  -0.1120   0.5068   0.0081   0.1000   0.1000   0.1000   0.0175   0.1000   0.1000  -0.2032  -0.3089   0.0539
2397   2.1998   2.1667  -0.6241  -0.0979   1.3360   0.8550  -0.1120   0.5068   0.0081   0.1000   0.1000   0.1000   0.0176   0.1000   0.1000  -0.2032  -0.3089   0.0539
2398   2.2008   2.1676  -0.6241  -0.0977   1.3360   0.8557  -0.1120   0.5068   0.0082   0.1000   0.1000   0.1000   0.0176   0.1000   0.1000  -0.2032  -0.3089   0.0539
2399   2.2061   2.1729  -0.6241  -0.0932   1.3360   0.8564  -0.1120   0.5068   0.0082   0.1000   0.1000   0.1000   0.0177   0.1000   0.1000  -0.2032  -0.3089   0.0539
2400   2.2154   2.1823  -0.6241  -0.0846   1.3360   0.8571  -0.1120   0.5068   0.0082   0.1000   0.1000   0.1000   0.0177   0.1000   0.1000  -0.2032  -0.3089   0.0539
2401   2.2262   2.1931  -0.6241  -0.0745   1.3360   0.8579  -0.1120   0.5068   0.0082   0.1000   0.1000   0.1000   0.0177   0.1000   0.1000  -0.2032  -0.3089   0.0539
2402   2.2362   2.2031  -0.6241  -0.0653   1.3360   0.8586  -0.1120   0.5068   0.0082   0.1000   0.1000   0.1000   0.0178   0.1000   0.1000  -0.2032  -0.3089   0.0539
2403   2.2432   2.2101  -0.6241  -0.0590   1.3360   0.8593  -0.1120   0.5068   0.0082   0.1000   0.1000   0.1000   0.0178   0.1000   0.1000  -0.2032  -0.3089   0.0539
2404   2.2453   2.2121  -0.6241  -0.0577   1.3360   0.8600  -0.1120   0.5068   0.0082   0.1000   0.1000   0.1000   0.0179   0.1000   0.1000  -0.2032  -0.3089   0.0539
2405   2.2428   2.2097  -0.6241  -0.0609   1.3360   0.8606  -0.1120   0.5068   0.0082   0.1000   0.1000   0.1000   0.0179   0.1000   0.1000  -0.2032  -0.3089   0.0539
2406   2.2384   2.2052  -0.6241  -0.0660   1.3360   0.8613  -0.1120   0.5068   0.0082   0.1000   0.1000   0.1000   0.0179   0.1000   0.1000  -0.2032  -0.3089   0.0539
2407   2.2344   2.2012  -0.6241  -0.0707   1.3360   0.8620  -0.1120   0.5068   0.0083   0.1000   0.1000   0.1000   0.0180   0.1000   0.1000  -0.2032  -0.3089   0.0539
2408   2.2329   2.1998  -0.6241  -0.0729   1.3360   0.8627  -0.1120   0.5068   0.0083   0.1000   0.1000   0.1000   0.0180   0.1000   0.1000  -0.2032  -0.3089   0.0539
2409   2.2362   2.2030  -0.6241  -0.0703   1.3360   0.8633  -0.1120   0.5068   0.0083   0.1000   0.1000   0.1000   0.0181   0.1000   0.1000  -0.2032  -0.3089   0.0539
2410   2.2436   2.2105  -0.6241  -0.0635   1.3360   0.8640  -0.1120   0.5068   0.0083   0.1000   0.1000   0.1000   0.0181   0.1000   0.1000  -0.2032  -0.3089   0.0539
2411   2.2539   2.2208  -0.6241  -0.0539   1.3360   0.8646  -0.1120   0.5068   0.0083   0.1000   0.1000   0.1000   0.0182   0.1000   0.1000  -0.2032  -0.3089   0.0539
2412   2.2656   2.2325  -0.6241  -0.0429   1.3360   0.8653  -0.1120   0.5068   0.0083   0.1000   0.1000   0.1000   0.0182   0.1000   0.1000  -0.2032  -0.3089   0.0539
2413   2.2788   2.2456  -0.6241  -0.0305   1.3361   0.8659  -0.1120   0.5068   0.0083   0.1000   0.1000   0.1000   0.0182   0.1000   0.1000  -0.2032  -0.3089   0.0539
2414   2.2932   2.2601  -0.6241  -0.0167   1.3361   0.8665  -0.1120   0.5068   0.0083   0.1000   0.1000   0.1000   0.0183   0.1000   0.1000  -0.2032  -0.3089   0.0539
2415   2.3067   2.2736  -0.6241  -0.0038   1.3361   0.8671  -0.1120   0.5068   0.0083   0.1000   0.1000   0.1000   0.0183   0.1000   0.1000  -0.2032  -0.3089   0.0539
2416   2.3172   2.2840  -0.6241   0.0060   1.3361   0.8678  -0.1120   0.5068   0.0083   0.1000   0.1000   0.1000   0.0184   0.1000   0.1000  -0.2032  -0.3089   0.0539
2417   2.3226   2.2895  -0.6241   0.0108   1.3361   0.8684  -0.1120   0.5068   0.0084   0.1000   0.1000   0.1000   0.0184   0.1000   0.1000  -0.2032  -0.3089   0.0539
2418   2.3235   2.2904  -0.6241   0.0111   1.3361   0.8690  -0.1120   0.5068   0.0084   0.1000   0.1000   0.1000   0.0184   0.1000   0.1000  -0.2032  -0.3089   0.0539
2419   2.3202   2.2871  -0.6241   0.0071   1.3361   0.8696  -0.1120   0.5068   0.0084   0.1000   0.1000   0.1000   0.0185   0.1000   0.1000  -0.2032  -0.3089   0.0539
2420   2.3129   2.2797  -0.6241  -0.0009   1.3361   0.8702  -0.1120   0.5068   0.0084   0.1000   0.1000   0.1000   0.0185   0.1000   0.1000  -0.2032  -0.3089   0.0539
2421   2.3041   2.2709  -0.6241  -0.0103   1.3361   0.8708  -0.1120   0.5068   0.0084   0.1000   0.1000   0.1000   0.0186   0.1000   0.1000  -0.2032  -0.3089   0.0539
2422   2.2960   2.2628  -0.6241  -0.0190   1.3361   0.8713  -0.1120   0.5068   0.0084   0.1000   0.1000   0.1000   0.0186   0.1000   0.1000  -0.2032  -0.3089   0.0539
2423   2.2885   2.2554  -0.6241  -0.0270   1.3361   0.8719  -0.1120   0.5068   0.0084   0.1000   0.1000   0.1000   0.0186   0.1000   0.1000  -0.2032  -0.3089   0.0539
2424   2.2816   2.2485  -0.6241  -0.0346   1.3361   0.8725  -0.1120   0.5068   0.0084   0.1000   0.1000   0.1000   0.0187   0.1000   0.1000  -0.2032  -0.3089   0.0539
2425   2.2774   2.2443  -0.6241  -0.0394   1.3361   0.8731  -0.1120   0.5068   0.0084   0.1000   0.1000   0.1000   0.0187   0.1000   0.1000  -0.2032  -0.3089   0.0539
2426   2.2756   2.2425  -0.6241  -0.0418   1.3361   0.8736  -0.1120   0.5068   0.0084   0.1000   0.1000   0.1000   0.0188   0.1000   0.1000  -0.2032  -0.3089   0.0539
2427   2.2761   2.2429  -0.6241  -0.0419   1.3361   0.8742  -0.1120   0.5068   0.0084   0.1000   0.1000   0.1000   0.0188   0.1000   0.1000  -0.2032  -0.3089   0.0539
2428   2.2809   2.2477  -0.6241  -0.0377   1.3361   0.8747  -0.1120   0.5068   0.0085   0.1000   0.1000   0.1000   0.0188   0.1000   0.1000  -0.2032  -0.3089   0.0539
2429   2.2897   2.2565  -0.6241  -0.0295   1.3361   0.8753  -0.1120   0.5068   0.0085   0.1000   0.1000   0.1000   0.0189   0.1000   0.1000  -0.2032  -0.3089   0.0539
2430   2.3000   2.2668  -0.6241  -0.0198   1.3361   0.8758  -0.1120   0.5068   0.0085   0.1000   0.1000   0.1000   0.0189   0.1000   0.1000  -0.2032  -0.3089   0.0539
2431   2.3095   2.2763  -0.6241  -0.0108   1.3361   0.8763  -0.1120   0.5068   0.0085   0.1000   0.1000   0.1000   0.0190   0.1000   0.1000  -0.2032  -0.3089   0.0539
2432   2.3161   2.2829  -0.6241  -0.0048   1.3361   0.8769  -0.1120   0.5068   0.0085   0.1000   0.1000   0.1000   0.0190   0.1000   0.1000  -0.2032  -0.3089   0.0539
2433   2.3200   2.2869  -0.6241  -0.0014   1.3361   0.8774  -0.1120   0.5068   0.0085   0.1000   0.1000   0.1000   0.0191   0.1000   0.1000  -0.2032  -0.3089   0.0539
2434   2.3216   2.2884  -0.6241  -0.0004   1.3361   0.8779  -0.1120   0.5068   0.0085   0.1000   0.1000   0.1000   0.0191   0.1000   0.1000  -0.2032  -0.3089   0.0539
2435   2.3187   2.2856  -0.6241  -0.0038   1.3361   0.8784  -0.1120   0.5068   0.0085   0.1000   0.1000   0.1000   0.0191   0.1000   0.1000  -0.2032  -0.3089   0.0539
2436   2.3117   2.2786  -0.6241  -0.0114   1.3361   0.8789  -0.1120   0.5068   0.0085   0.1000   0.1000   0.1000   0.0192   0.1000   0.1000  -0.2032  -0.3089   0.0539
2437   2.3031   2.2699  -0.6241  -0.0206   1.3361   0.8794  -0.1120   0.5068   0.0085   0.1000   0.1000   0.1000   0.0192   0.1000   0.1000  -0.2032  -0.3089   0.0539
2438   2.2951   2.2620  -0.6241  -0.0291   1.3361   0.8799  -0.1120   0.5068   0.0085   0.1000   0.1000   0.1000   0.0193   0.1000   0.1000  -0.2032  -0.3089   0.0539
2439   2.2899   2.2568  -0.6241  -0.0347   1.3361   0.8804  -0.1120   0.5068   0.0085   0.1000   0.1000   0.1000   0.0193   0.1000   0.1000  -0.2032  -0.3089   0.0539
2440   2.2873   2.2542  -0.6241  -0.0379   1.3361   0.8809  -0.1120   0.5068   0.0085   0.1000   0.1000   0.1000   0.0193   0.1000   0.1000  -0.2032  -0.3089   0.0539
2441   2.2871   2.2539  -0.6241  -0.0387   1.3361   0.8814  -0.1120   0.5068   0.0086   0.1000   0.1000   0.1000   0.0194   0.1000   0.1000  -0.2032  -0.3089   0.0539
2442   2.2890   2.2558  -0.6241  -0.0373   1.3361   0.8819  -0.1120   0.5068   0.0086   0.1000   0.1000   0.1000   0.0194   0.1000   0.1000  -0.2032  -0.3089   0.0539
2443   2.2906   2.2575  -0.6241  -0.0361   1.3361   0.8824  -0.1120   0.5068   0.0086   0.1000   0.1000   0.1000   0.0195   0.1000   0.1000  -0.2032  -0.3089   0.0539
2444   2.2898   2.2567  -0.6241  -0.0374   1.3361   0.8828  -0.1120   0.5068   0.0086   0.1000   0.1000   0.1000   0.0195   0.1000   0.1000  -0.2032  -0.3089   0.0539
2445   2.2868   2.2536  -0.6241  -0.0410   1.3361   0.8833  -0.1120   0.5068   0.0086   0.1000   0.1000   0.1000   0.0195   0.1000   0.1000  -0.2032  -0.3089   0.0539
2446   2.2839   2.2508  -0.6241  -0.0444   1.3361   0.8838  -0.1120   0.5068   0.0086   0.1000   0.1000   0.1000   0.0196   0.1000   0.1000  -0.2032  -0.3089   0.0539
2447   2.2812   2.2480  -0.6241  -0.0476   1.3361   0.8842  -0.1120   0.5068   0.0086   0.1000   0.1000   0.1000   0.0196   0.1000   0.1000  -0.2032  -0.3089   0.0539
2448   2.2785   2.2454  -0.6241  -0.0507   1.3361   0.8847  -0.1120   0.5068   0.0086   0.1000   0.1000   0.1000   0.0197   0.1000   0.1000  -0.2032  -0.3089   0.0539
2449   2.2783   2.2451  -0.6241  -0.0515   1.3361   0.8851  -0.1120   0.5068   0.0086   0.1000   0.1000   0.1000   0.0197   0.1000   0.1000  -0.2032  -0.3089   0.0539
2450   2.2802   2.2471  -0.6241  -0.0500   1.3361   0.8856  -0.1120   0.5068   0.0086   0.1000   0.1000   0.1000   0.0197   0.1000   0.1000  -0.2032  -0.3089   0.0539
2451   2.2841   2.2510  -0.6241  -0.0466   1.3361   0.8860  -0.1120   0.5068   0.0086   0.1000   0.1000   0.1000   0.0198   0.1000   0.1000  -0.2032  -0.3089   0.0539
2452   2.2900   2.2568  -0.6241  -0.0412   1.3361   0.8865  -0.1120   0.5068   0.0086   0.1000   0.1000   0.1000   0.0198   0.1000   0.1000  -0.2032  -0.3089   0.0539
2453   2.2953   2.2622  -0.6241  -0.0363   1.3361   0.8869  -0.1120   0.5068   0.0086   0.1000   0.1000   0.1000   0.0199   0.1000   0.1000  -0.2032  -0.3089   0.0539
2454   2.2980   2.2649  -0.6241  -0.0341   1.3361   0.8873  -0.1120   0.5068   0.0086   0.1000   0.1000   0.1000   0.0199   0.1000   0.1000  -0.2032  -0.3089   0.0539
2455   2.2983   2.2652  -0.6241  -0.0343   1.3361   0.8877  -0.1120   0.5068   0.0086   0.1000   0.1000   0.1000   0.0199   0.1000   0.1000  -0.2032  -0.3089   0.0539
2456   2.2971   2.2640  -0.6241  -0.0359   1.3361   0.8882  -0.1120   0.5068   0.0087   0.1000   0.1000   0.1000   0.0200   0.1000   0.1000  -0.2032  -0.3089   0.0539
2457   2.2952   2.2621  -0.6241  -0.0383   1.3361   0.8886  -0.1120   0.5068   0.0087   0.1000   0.1000   0.1000   0.0200   0.1000   0.1000  -0.2032  -0.3089   0.0539
2458   2.2950   2.2618  -0.6241  -0.0390   1.3361   0.8890  -0.1120   0.5068   0.0087   0.1000   0.1000   0.1000   0.0201   0.1000   0.1000  -0.2032  -0.3089   0.0539
2459   2.2962   2.2630  -0.6241  -0.0383   1.3361   0.8894  -0.1120   0.5068   0.0087   0.1000   0.1000   0.1000   0.0201   0.1000   0.1000  -0.2032  -0.3089   0.0539
2460   2.2978   2.2647  -0.6241  -0.0371   1.3361   0.8898  -0.1120   0.5068   0.0087   0.1000   0.1000   0.1000   0.0201   0.1000   0.1000  -0.2032  -0.3089   0.0539
2461   2.2989   2.2657  -0.6241  -0.0364   1.3361   0.8902  -0.1120   0.5068   0.0087   0.1000   0.1000   0.1000   0.0202   0.1000   0.1000  -0.2032  -0.3089   0.0539
2462   2.2995   2.2663  -0.6241  -0.0363   1.3361   0.8906  -0.1120   0.5068   0.0087   0.1000   0.1000   0.1000   0.0202   0.1000   0.1000  -0.2032  -0.3089   0.0539
2463   2.2996   2.2665  -0.6241  -0.0366   1.3361   0.8910  -0.1120   0.5068   0.0087   0.1000   0.1000   0.1000   0.0203   0.1000   0.1000  -0.2032  -0.3089   0.0539
2464   2.2993   2.2662  -0.6241  -0.0373   1.3361   0.8914  -0.1120   0.5068   0.0087   0.1000   0.1000   0.1000   0.0203   0.1000   0.1000  -0.2032  -0.3089   0.0539
2465   2.2997   2.2665  -0.6241  -0.0373   1.3361   0.8918  -0.1120   0.5068   0.0087   0.1000   0.1000   0.1000   0.0203   0.1000   0.1000  -0.2032  -0.3089   0.0539
2466   2.2996   2.2664  -0.6241  -0.0379   1.3361   0.8922  -0.1120   0.5068   0.0087   0.1000   0.1000   0.1000   0.0204   0.1000   0.1000  -0.2032  -0.3089   0.0539
2467   2.2990   2.2659  -0.6241  -0.0389   1.3361   0.8925  -0.1120   0.5068   0.0087   0.1000   0.1000   0.1000   0.0204   0.1000   0.1000  -0.2032  -0.3089   0.0539
2468   2.2980   2.2649  -0.6241  -0.0403   1.3361   0.8929  -0.1120   0.5068   0.0087   0.1000   0.1000   0.1000   0.0205   0.1000   0.1000  -0.2032  -0.3089   0.0539
2469   2.2966   2.2635  -0.6241  -0.0421   1.3361   0.8933  -0.1120   0.5068   0.0087   0.1000   0.1000   0.1000   0.0205   0.1000   0.1000  -0.2032  -0.3089   0.0539
2470   2.2959   2.2627  -0.6241  -0.0433   1.3361   0.8936  -0.1120   0.5068   0.0087   0.1000   0.1000   0.1000   0.0205   0.1000   0.1000  -0.2032  -0.3089   0.0539
2471   2.2967   2.2636  -0.6241  -0.0428   1.3361   0.8940  -0.1120   0.5068   0.0087   0.1000   0.1000   0.1000   0.0206   0.1000   0.1000  -0.2032  -0.3089   0.0539
2472   2.2991   2.2659  -0.6241  -0.0408   1.3361   0.8944  -0.1120   0.5068   0.0087   0.1000   0.1000   0.1000   0.0206   0.1000   0.1000  -0.2032  -0.3089   0.0539
2473   2.3006   2.2675  -0.6241  -0.0397   1.3361   0.8947  -0.1120   0.5068   0.0088   0.1000   0.1000   0.1000   0.0207   0.1000   0.1000  -0.2032  -0.3089   0.0539
2474   2.3013   2.2682  -0.6241  -0.0394   1.3361   0.8951  -0.1120   0.5068   0.0088   0.1000   0.1000   0.1000   0.0207   0.1000   0.1000  -0.2032  -0.3089   0.0539
2475   2.3036   2.2705  -0.6241  -0.0375   1.3361   0.8954  -0.1120   0.5068   0.0088   0.1000   0.1000   0.1000   0.0207   0.1000   0.1000  -0.2032  -0.3089   0.0539
2476   2.3073   2.2742  -0.6241  -0.0342   1.3361   0.8958  -0.1120   0.5068   0.0088   0.1000   0.1000   0.1000   0.0208   0.1000   0.1000  -0.2032  -0.3089   0.0539
2477   2.3123   2.2792  -0.6241  -0.0295   1.3361   0.8961  -0.1120   0.5068   0.0088   0.1000   0.1000   0.1000   0.0208   0.1000   0.1000  -0.2032  -0.3089   0.0539
2478   2.3186   2.2855  -0.6241  -0.0237   1.3361   0.8965  -0.1120   0.5068   0.0088   0.1000   0.1000   0.1000   0.0209   0.1000   0.1000  -0.2032  -0.3089   0.0539
2479   2.3238   2.2907  -0.6241  -0.0188   1.3361   0.8968  -0.1120   0.5068   0.0088   0.1000   0.1000   0.1000   0.0209   0.1000   0.1000  -0.2032  -0.3089   0.0539
2480   2.3258   2.2927  -0.6241  -0.0172   1.3361   0.8971  -0.1120   0.5068   0.0088   0.1000   0.1000   0.1000   0.0209   0.1000   0.1000  -0.2032  -0.3089   0.0539
2481   2.3249   2.2918  -0.6241  -0.0185   1.3361   0.8975  -0.1120   0.5068   0.0088   0.1000   0.1000   0.1000   0.0210   0.1000   0.1000  -0.2032  -0.3089   0.0539
2482   2.3235   2.2903  -0.6241  -0.0203   1.3361   0.8978  -0.1120   0.5068   0.0088   0.1000   0.1000   0.1000   0.0210   0.1000   0.1000  -0.2032  -0.3089   0.0539
2483   2.3233   2.2902  -0.6241  -0.0208   1.3361   0.8981  -0.1120   0.5068   0.0088   0.1000   0.1000   0.1000   0.0211   0.1000   0.1000  -0.2032  -0.3089   0.0539
2484   2.3259   2.2928  -0.6241  -0.0186   1.3361   0.8984  -0.1120   0.5068   0.0088   0.1000   0.1000   0.1000   0.0211   0.1000   0.1000  -0.2032  -0.3089   0.0539
2485   2.3311   2.2979  -0.6241  -0.0138   1.3361   0.8988  -0.1120   0.5068   0.0088   0.1000   0.1000   0.1000   0.0211   0.1000   0.1000  -0.2032  -0.3089   0.0539
2486   2.3364   2.3032  -0.6241  -0.0089   1.3361   0.8991  -0.1120   0.5068   0.0088   0.1000   0.1000   0.1000   0.0212   0.1000   0.1000  -0.2032  -0.3089   0.0539
2487   2.3418   2.3087  -0.6241  -0.0038   1.3361   0.8994  -0.1120   0.5068   0.0088   0.1000   0.1000   0.1000   0.0212   0.1000   0.1000  -0.2032  -0.3089   0.0539
2488   2.3474   2.3143  -0.6241   0.0015   1.3361   0.8997  -0.1120   0.5068   0.0088   0.1000   0.1000   0.1000   0.0213   0.1000   0.1000  -0.2032  -0.3089   0.0539
2489   2.3510   2.3178  -0.6241   0.0047   1.3361   0.9000  -0.1120   0.5068   0.0088   0.1000   0.1000   0.1000   0.0213   0.1000   0.1000  -0.2032  -0.3089   0.0539
2490   2.3526   2.3195  -0.6241   0.0060   1.3361   0.9003  -0.1120   0.5068   0.0088   0.1000   0.1000   0.1000   0.0213   0.1000   0.1000  -0.2032  -0.3089   0.0539
2491   2.3547   2.3216  -0.6241   0.0078   1.3361   0.9006  -0.1120   0.5068   0.0088   0.1000   0.1000   0.1000   0.0214   0.1000   0.1000  -0.2032  -0.3089   0.0539
2492   2.3573   2.3242  -0.6241   0.0100   1.3361   0.9009  -0.1120   0.5068   0.0088   0.1000   0.1000   0.1000   0.0214   0.1000   0.1000  -0.2032  -0.3089   0.0539
2493   2.3581   2.3249  -0.6241   0.0104   1.3361   0.9012  -0.1120   0.5068   0.0089   0.1000   0.1000   0.1000   0.0215   0.1000   0.1000  -0.2032  -0.3089   0.0539
2494   2.3571   2.3240  -0.6241   0.0091   1.3361   0.9015  -0.1120   0.5068   0.0089   0.1000   0.1000   0.1000   0.0215   0.1000   0.1000  -0.2032  -0.3089   0.0539
2495   2.3546   2.3215  -0.6241   0.0063   1.3361   0.9018  -0.1120   0.5068   0.0089   0.1000   0.1000   0.1000   0.0215   0.1000   0.1000  -0.2032  -0.3089   0.0539
2496   2.3484   2.3152  -0.6241  -0.0003   1.3361   0.9021  -0.1120   0.5068   0.0089   0.1000   0.1000   0.1000   0.0216   0.1000   0.1000  -0.2032  -0.3089   0.0539
2497   2.3386   2.3055  -0.6241  -0.0104   1.3361   0.9024  -0.1120   0.5068   0.0089   0.1000   0.1000   0.1000   0.0216   0.1000   0.1000  -0.2032  -0.3089   0.0539
2498   2.3256   2.2925  -0.6241  -0.0237   1.3361   0.9026  -0.1120   0.5068   0.0089   0.1000   0.1000   0.1000   0.0217   0.1000   0.1000  -0.2032  -0.3089   0.0539
2499   2.3073   2.2741  -0.6241  -0.0424   1.3361   0.9029  -0.1120   0.5068   0.0089   0.1000   0.1000   0.1000   0.0217   0.1000   0.1000  -0.2032  -0.3089   0.0539
2500   2.2816   2.2484  -0.6241  -0.0684   1.3361   0.9032  -0.1120   0.5068   0.0089   0.1000   0.1000   0.1000   0.0217   0.1000   0.1000  -0.2032  -0.3089   0.0539
