YEAR RADCO2 RADCH4 RADN2O RADHAL RADODS RADSF6 RADO3 RADSO2 RADCRBAER RADAERIND RADH2OSTR RADVOL RADSOL RADMIS RADTTL RADANTL RADANTO RADSOLL RADSOLO RADTTLL RADTTLO RADTTL TAL TSS GMT
1750   0.00000   0.00612   0.00895   0.00312   0.00000   0.00001   0.00000  -0.00227  -0.01117  -0.00790   0.00024  -0.00400   0.00000   0.00000  -0.00691  -0.01420   0.00170   0.00000   0.00000  -0.01820  -0.00230  -0.00691   0.00000   0.00000   0.00000
1751   0.00164   0.00659   0.00898   0.00312   0.00000   0.00001   0.00000  -0.00228  -0.01127  -0.00794   0.00026  -0.00200  -0.03400   0.00000  -0.03689  -0.01228   0.00376  -0.03032  -0.03569  -0.04460  -0.03393  -0.03689  -0.00870  -0.00201  -0.00395
1752   0.00317   0.00703   0.00904   0.00312   0.00000   0.00001   0.00000  -0.00230  -0.01135  -0.00798   0.00028  -0.00100  -0.05500   0.00000  -0.05498  -0.01044   0.00570  -0.04905  -0.05773  -0.06049  -0.05302  -0.05498  -0.01673  -0.00573  -0.00892
1753   0.00465   0.00749   0.00909   0.00312   0.00000   0.00001   0.00000  -0.00231  -0.01144  -0.00802   0.00030  -0.00100  -0.05200   0.00000  -0.05012  -0.00867   0.00760  -0.04637  -0.05458  -0.05605  -0.04798  -0.05012  -0.02074  -0.00913  -0.01250
1754   0.00611   0.00792   0.00915   0.00312   0.00000   0.00001   0.00000  -0.00232  -0.01152  -0.00806   0.00031  -0.00100  -0.06500   0.00000  -0.06128  -0.00691   0.00947  -0.05797  -0.06822  -0.06588  -0.05976  -0.06128  -0.02598  -0.01206  -0.01610
1755   0.00756   0.00839   0.00921   0.00312   0.00000   0.00001   0.00000  -0.00233  -0.01159  -0.00810   0.00033  -0.00100  -0.07700   0.00000  -0.07141  -0.00511   0.01137  -0.06867  -0.08082  -0.07478  -0.07045  -0.07141  -0.03161  -0.01540  -0.02010
1756   0.00902   0.00887   0.00928   0.00312   0.00000   0.00001   0.00000  -0.00234  -0.01169  -0.00815   0.00035  -0.00100  -0.07600   0.00000  -0.06854  -0.00333   0.01328  -0.06778  -0.07977  -0.07211  -0.06749  -0.06854  -0.03502  -0.01840  -0.02322
1757   0.01050   0.00930   0.00935   0.00312   0.00000   0.00001   0.00000  -0.00236  -0.01179  -0.00821   0.00037  -0.00100  -0.06000   0.00000  -0.05072  -0.00161   0.01514  -0.05351  -0.06298  -0.05612  -0.04883  -0.05072  -0.03438  -0.01986  -0.02407
1758   0.01201   0.00976   0.00941   0.00312   0.00000   0.00001   0.00000  -0.00237  -0.01186  -0.00825   0.00039  -0.00100  -0.05200   0.00000  -0.04079   0.00024   0.01710  -0.04637  -0.05458  -0.04713  -0.03848  -0.04079  -0.03287  -0.01990  -0.02366
1759   0.01356   0.01019   0.00948   0.00312   0.00000   0.00001   0.00000  -0.00239  -0.01196  -0.00829   0.00040  -0.00100  -0.04400   0.00000  -0.03087   0.00207   0.01905  -0.03924  -0.04618  -0.03817  -0.02813  -0.03087  -0.03049  -0.01922  -0.02249
1760   0.01516   0.01065   0.00955   0.00312   0.00000   0.00001   0.00000  -0.00240  -0.01203  -0.00833   0.00042  -0.00100  -0.02400   0.00000  -0.00885   0.00401   0.02110  -0.02140  -0.02519  -0.01839  -0.00509  -0.00885  -0.02503  -0.01740  -0.01961
1761   0.01679   0.01107   0.00963   0.00312   0.00000   0.00001   0.00000  -0.00241  -0.01213  -0.00837   0.00044  -0.00100  -0.05900   0.00000  -0.04186   0.00591   0.02313  -0.05262  -0.06193  -0.04770  -0.03979  -0.04186  -0.02837  -0.01668  -0.02007
1762   0.01846   0.01149   0.00970   0.00312   0.00000   0.00001   0.00000  -0.00242  -0.01220  -0.00842   0.00045  -0.00100  -0.04200   0.00000  -0.02282   0.00788   0.02521  -0.03746  -0.04408  -0.03057  -0.01988  -0.02282  -0.02614  -0.01684  -0.01954
1763   0.02016   0.01196   0.00977   0.00312   0.00000   0.00001   0.00000  -0.00243  -0.01228  -0.00846   0.00047  -0.00100  -0.05600   0.00000  -0.03468   0.00995   0.02738  -0.04994  -0.05878  -0.04099  -0.03240  -0.03468  -0.02735  -0.01662  -0.01974
1764   0.02193   0.01238   0.00985   0.00312   0.00000   0.00001   0.00000  -0.00245  -0.01237  -0.00852   0.00049  -0.00100  -0.07700   0.00000  -0.05357   0.01196   0.02952  -0.06867  -0.08082  -0.05771  -0.05230  -0.05357  -0.03161  -0.01794  -0.02190
1765   0.02379   0.01279   0.00992   0.00312   0.00000   0.00001   0.00000  -0.00246  -0.01245  -0.00856   0.00051  -0.00100  -0.07800   0.00000  -0.05234   0.01412   0.03178  -0.06956  -0.08187  -0.05645  -0.05109  -0.05234  -0.03384  -0.01974  -0.02383
1766   0.02572   0.01321   0.01000   0.00312   0.00000   0.00001   0.00000  -0.00248  -0.01255  -0.00860   0.00052  -0.11200  -0.07900   0.00000  -0.16206   0.01630   0.03410  -0.07045  -0.08292  -0.16615  -0.16081  -0.16206  -0.05885  -0.02614  -0.03563
1767   0.02773   0.01363   0.01007   0.00312   0.00000   0.00001   0.00000  -0.00249  -0.01262  -0.00864   0.00054  -0.05800  -0.03600   0.00000  -0.06266   0.01863   0.03653  -0.03211  -0.03779  -0.07148  -0.05925  -0.06266  -0.05185  -0.03142  -0.03734
1768   0.02982   0.01409   0.01015   0.00312   0.00000   0.00001   0.00000  -0.00250  -0.01272  -0.00869   0.00056  -0.00900  -0.01200   0.00000   0.01284   0.02103   0.03907  -0.01070  -0.01260   0.00133   0.01747   0.01284  -0.03497  -0.02735  -0.02956
1769   0.03197   0.01451   0.01022   0.00312   0.00000   0.00001   0.00000  -0.00251  -0.01279  -0.00873   0.00057  -0.00200   0.00000   0.00000   0.03437   0.02349   0.04163   0.00000   0.00000   0.02149   0.03963   0.03437  -0.02210  -0.02023  -0.02078
1770   0.03417   0.01492   0.01030   0.00312   0.00000   0.00001   0.00000  -0.00252  -0.01289  -0.00877   0.00059  -0.00100   0.01900   0.00000   0.05692   0.02595   0.04422   0.01694   0.01994   0.04189   0.06316   0.05692  -0.00960  -0.01310  -0.01208
1771   0.03643   0.01528   0.01037   0.00312   0.00000   0.00001   0.00000  -0.00264  -0.01304  -0.00916   0.00060  -0.00100   0.00200   0.00000   0.04197   0.02781   0.04635   0.00178   0.00210   0.02859   0.04745   0.04197  -0.00419  -0.00740  -0.00647
1772   0.03876   0.01558   0.01045   0.00312   0.00000   0.00001   0.00000  -0.00266  -0.01321  -0.00923   0.00062  -0.00100  -0.02200   0.00000   0.02044   0.03011   0.04889  -0.01962  -0.02309   0.00949   0.02480   0.02044  -0.00374  -0.00467  -0.00440
1773   0.04114   0.01592   0.01052   0.00312   0.00000   0.00001   0.00000  -0.00268  -0.01335  -0.00931   0.00063  -0.00100  -0.05300   0.00000  -0.00800   0.03252   0.05151  -0.04727  -0.05563  -0.01574  -0.00512  -0.00800  -0.00782  -0.00467  -0.00558
1774   0.04356   0.01629   0.01060   0.00312   0.00000   0.00001   0.00000  -0.00270  -0.01350  -0.00937   0.00064  -0.00100  -0.08800   0.00000  -0.04036   0.03502   0.05420  -0.07848  -0.09236  -0.04446  -0.03916  -0.04036  -0.01572  -0.00721  -0.00968
1775   0.04601   0.01663   0.01068   0.00312   0.00000   0.00001   0.00000  -0.00272  -0.01367  -0.00945   0.00066  -0.00100  -0.09500   0.00000  -0.04475   0.03746   0.05688  -0.08472  -0.09971  -0.04826  -0.04383  -0.04475  -0.02092  -0.01059  -0.01359
1776   0.04849   0.01693   0.01075   0.00312   0.00000   0.00001   0.00000  -0.00275  -0.01384  -0.00954   0.00067  -0.25200  -0.06800   0.00000  -0.26616   0.03988   0.05954  -0.06064  -0.07137  -0.27276  -0.26384  -0.26616  -0.07196  -0.02345  -0.03752
1777   0.05099   0.01728   0.01083   0.00312   0.00000   0.00001   0.00000  -0.00277  -0.01402  -0.00960   0.00068  -0.04100  -0.02200   0.00000  -0.00647   0.04241   0.06229  -0.01962  -0.02309  -0.01821  -0.00180  -0.00647  -0.04435  -0.03118  -0.03500
1778   0.05352   0.01763   0.01090   0.00312   0.00000   0.00001   0.00000  -0.00279  -0.01416  -0.00968   0.00070  -0.00500   0.02100   0.00000   0.07523   0.04497   0.06506   0.01873   0.02204   0.05870   0.08210   0.07523  -0.01844  -0.02124  -0.02043
1779   0.05606   0.01794   0.01098   0.00312   0.00000   0.00001   0.00000  -0.00281  -0.01433  -0.00977   0.00071  -0.00200   0.00100   0.00000   0.06089   0.04746   0.06779   0.00089   0.00105   0.04635   0.06683   0.06089  -0.00677  -0.01144  -0.01009
1780   0.05861   0.01827   0.01105   0.00312   0.00000   0.00001   0.00000  -0.00284  -0.01451  -0.00985   0.00072  -0.00100   0.00100   0.00000   0.06459   0.04999   0.07056   0.00089   0.00105   0.04989   0.07060   0.06459   0.00236  -0.00481  -0.00273
1781   0.06117   0.01852   0.01113   0.00312   0.00000   0.00001   0.00000  -0.00294  -0.01463  -0.01020   0.00073  -0.00100  -0.04300   0.00000   0.02291   0.05215   0.07294  -0.03835  -0.04513   0.01280   0.02681   0.02291   0.00099  -0.00146  -0.00075
1782   0.06375   0.01875   0.01121   0.00312   0.00000   0.00001   0.00000  -0.00296  -0.01473  -0.01026   0.00074  -0.00100  -0.01300   0.00000   0.05563   0.05477   0.07570  -0.01159  -0.01364   0.04217   0.06106   0.05563   0.00812   0.00095   0.00303
1783   0.06632   0.01905   0.01128   0.00312   0.00000   0.00001   0.00000  -0.00297  -0.01482  -0.01030   0.00075  -0.44000  -0.05300   0.00000  -0.42057   0.05747   0.07854  -0.04727  -0.05563  -0.42979  -0.41709  -0.42057  -0.08781  -0.01751  -0.03790
1784   0.06889   0.01928   0.01136   0.00312   0.00000   0.00001   0.00000  -0.00299  -0.01492  -0.01037   0.00076  -0.38100  -0.06500   0.00000  -0.37085   0.06009   0.08130  -0.05797  -0.06822  -0.37888  -0.36793  -0.37085  -0.12554  -0.05066  -0.07237
1785   0.07145   0.01952   0.01144   0.00312   0.00000   0.00001   0.00000  -0.00300  -0.01505  -0.01041   0.00077  -0.05100  -0.04700   0.00000  -0.02014   0.06268   0.08405  -0.04192  -0.04933  -0.03023  -0.01628  -0.02014  -0.07977  -0.05650  -0.06325
1786   0.07400   0.01975   0.01151   0.00312   0.00000   0.00001   0.00000  -0.00302  -0.01514  -0.01047   0.00078  -0.00800  -0.02600   0.00000   0.04654   0.06527   0.08678  -0.02319  -0.02729   0.03409   0.05149   0.04654  -0.04947  -0.04259  -0.04458
1787   0.07653   0.02000   0.01159   0.00312   0.00000   0.00001   0.00000  -0.00304  -0.01527  -0.01053   0.00079  -0.00200  -0.01400   0.00000   0.06720   0.06780   0.08948  -0.01249  -0.01469   0.05332   0.07279   0.06720  -0.02841  -0.02943  -0.02914
1788   0.07905   0.02031   0.01167   0.00312   0.00000   0.00001   0.00000  -0.00305  -0.01536  -0.01060   0.00080  -0.54500   0.00700   0.00000  -0.45206   0.07045   0.09227   0.00624   0.00735  -0.46830  -0.44538  -0.45206  -0.12554  -0.04310  -0.06701
1789   0.08159   0.02052   0.01175   0.00312   0.00000   0.00001   0.00000  -0.00307  -0.01546  -0.01064   0.00081  -0.30700   0.01200   0.00000  -0.20637   0.07305   0.09500   0.01070   0.01260  -0.22325  -0.19941  -0.20637  -0.12028  -0.06567  -0.08151
1790   0.08412   0.02077   0.01183   0.00312   0.00000   0.00001   0.00000  -0.00308  -0.01558  -0.01070   0.00082  -0.06900  -0.02300   0.00000  -0.00071   0.07559   0.09771  -0.02051  -0.02414  -0.01392   0.00457  -0.00071  -0.08158  -0.06131  -0.06719
1791   0.08661   0.02116   0.01191   0.00312   0.00000   0.00001   0.00000  -0.00319  -0.01566  -0.01105   0.00084  -0.00800   0.01700   0.00000   0.10274   0.07791   0.10020   0.01516   0.01784   0.08507   0.11005   0.10274  -0.04340  -0.04475  -0.04435
1792   0.08905   0.02153   0.01199   0.00312   0.00000   0.00001   0.00000  -0.00320  -0.01573  -0.01109   0.00085  -0.00300  -0.02000   0.00000   0.07352   0.08062   0.10302  -0.01784  -0.02099   0.05979   0.07902   0.07352  -0.02681  -0.02973  -0.02888
1793   0.09145   0.02192   0.01207   0.00312   0.00000   0.00001   0.00000  -0.00321  -0.01580  -0.01113   0.00087  -0.00200  -0.01700   0.00000   0.08028   0.08331   0.10580  -0.01516  -0.01784   0.06615   0.08596   0.08028  -0.01296  -0.01965  -0.01771
1794   0.09378   0.02234   0.01215   0.00312   0.00000   0.00001   0.00000  -0.00322  -0.01588  -0.01118   0.00088  -0.00100  -0.04200   0.00000   0.05901   0.08597   0.10856  -0.03746  -0.04408   0.04751   0.06348   0.05901  -0.00669  -0.01242  -0.01076
1795   0.09605   0.02274   0.01223   0.00312   0.00000   0.00001   0.00000  -0.00323  -0.01593  -0.01122   0.00090  -0.00100  -0.04000   0.00000   0.06367   0.08857   0.11124  -0.03567  -0.04198   0.05190   0.06826   0.06367   0.00014  -0.00731  -0.00515
1796   0.09824   0.02311   0.01232   0.00312   0.00000   0.00001   0.00000  -0.00325  -0.01603  -0.01126   0.00091  -0.00100  -0.06100   0.00000   0.04518   0.09099   0.11379  -0.05440  -0.06403   0.03559   0.04876   0.04518   0.00214  -0.00364  -0.00196
1797   0.10039   0.02351   0.01240   0.00312   0.00000   0.00001   0.00000  -0.00335  -0.01610  -0.01161   0.00093  -0.00100  -0.06100   0.00000   0.04730   0.09299   0.11596  -0.05440  -0.06403   0.03759   0.05094   0.04730   0.00525  -0.00120   0.00067
1798   0.10249   0.02392   0.01249   0.00312   0.00000   0.00001   0.00000  -0.00336  -0.01617  -0.01165   0.00095  -0.00100  -0.07400   0.00000   0.03678   0.09540   0.11848  -0.06599  -0.07767   0.02841   0.03981   0.03678   0.00605   0.00065   0.00222
1799   0.10450   0.02427   0.01257   0.00312   0.00000   0.00001   0.00000  -0.00337  -0.01627  -0.01169   0.00096  -0.00100  -0.07500   0.00000   0.03810   0.09762   0.12083  -0.06689  -0.07872   0.02973   0.04111   0.03810   0.00771   0.00196   0.00363
1800   0.10644   0.02468   0.01266   0.00312   0.00000   0.00001   0.00000  -0.00349  -0.01639  -0.01209   0.00098  -0.00100  -0.08000   0.00000   0.03492   0.09927   0.12272  -0.07134  -0.08397   0.02692   0.03775   0.03492   0.00869   0.00315   0.00476
1801   0.10829   0.02520   0.01275   0.00312   0.00000   0.00001   0.00000  -0.00350  -0.01649  -0.01213   0.00100  -0.00100  -0.07400   0.00000   0.04325   0.10150   0.12509  -0.06599  -0.07767   0.03451   0.04642   0.04325   0.01150   0.00453   0.00655
1802   0.11008   0.02574   0.01284   0.00312   0.00000   0.00001   0.00000  -0.00370  -0.01664  -0.01281   0.00102  -0.00100  -0.05600   0.00000   0.06266   0.10267   0.12659  -0.04994  -0.05878   0.05173   0.06682   0.06266   0.01732   0.00708   0.01005
1803   0.11179   0.02631   0.01294   0.00312   0.00000   0.00001   0.00000  -0.00363  -0.01678  -0.01258   0.00104  -0.00100  -0.07700   0.00000   0.04420   0.10511   0.12918  -0.06867  -0.08082   0.03544   0.04736   0.04420   0.01762   0.00920   0.01165
1804   0.11341   0.02684   0.01303   0.00312   0.00000   0.00001   0.00000  -0.00365  -0.01693  -0.01265   0.00106  -0.00100  -0.09100   0.00000   0.03224   0.10702   0.13128  -0.08115  -0.09551   0.02486   0.03476   0.03224   0.01633   0.00957   0.01153
1805   0.11494   0.02736   0.01313   0.00312   0.00000   0.00001   0.00000  -0.00367  -0.01708  -0.01273   0.00108  -0.00100  -0.08600   0.00000   0.03915   0.10878   0.13325  -0.07670  -0.09026   0.03109   0.04198   0.03915   0.01747   0.00985   0.01206
1806   0.11636   0.02789   0.01323   0.00312   0.00000   0.00001   0.00000  -0.00378  -0.01723  -0.01310   0.00110  -0.00100  -0.08900   0.00000   0.03759   0.11003   0.13477  -0.07937  -0.09341   0.02966   0.04035   0.03759   0.01804   0.01050   0.01269
1807   0.11765   0.02841   0.01333   0.00312   0.00000   0.00001   0.00000  -0.00381  -0.01737  -0.01318   0.00112  -0.00100  -0.11100   0.00000   0.01728   0.11158   0.13652  -0.09899  -0.11650   0.01158   0.01901   0.01728   0.01475   0.01010   0.01145
1808   0.11881   0.02899   0.01343   0.00312   0.00000   0.00001   0.00000  -0.00382  -0.01752  -0.01324   0.00115  -0.00100  -0.11800   0.00000   0.01192   0.11307   0.13821  -0.10523  -0.12385   0.00684   0.01336   0.01192   0.01215   0.00876   0.00974
1809   0.11990   0.02957   0.01353   0.00312   0.00000   0.00001   0.00000  -0.00385  -0.01767  -0.01333   0.00117  -4.07700  -0.12700   0.00000  -4.07154   0.11446   0.13981  -0.11326  -0.13330  -4.07580  -4.07049  -4.07154  -0.85769  -0.18157  -0.37765
1810   0.12102   0.03014   0.01364   0.00312   0.00000   0.00001   0.00000  -0.00387  -0.01784  -0.01341   0.00119  -2.28700  -0.12800   0.00000  -2.28101   0.11583   0.14141  -0.11415  -0.13435  -2.28532  -2.27993  -2.28101  -0.92513  -0.42816  -0.57228
1811   0.12223   0.03064   0.01375   0.00312   0.00000   0.00001   0.00000  -0.00397  -0.01794  -0.01376   0.00121  -0.50900  -0.12800   0.00000  -0.50171   0.11698   0.14276  -0.11415  -0.13435  -0.50617  -0.50058  -0.50171  -0.66789  -0.44663  -0.51080
1812   0.12346   0.03115   0.01386   0.00312   0.00000   0.00001   0.00000  -0.00399  -0.01803  -0.01382   0.00123  -0.45400  -0.12700   0.00000  -0.44402   0.11857   0.14450  -0.11326  -0.13330  -0.44869  -0.44280  -0.44402  -0.56487  -0.38650  -0.43823
1813   0.12460   0.03172   0.01397   0.00312   0.00000   0.00001   0.00000  -0.00401  -0.01813  -0.01389   0.00125  -0.41500  -0.11800   0.00000  -0.39437   0.12013   0.14619  -0.10523  -0.12385  -0.40010  -0.39266  -0.39437  -0.49902  -0.34589  -0.39030
1814   0.12559   0.03226   0.01408   0.00312   0.00000   0.00001   0.00000  -0.00403  -0.01826  -0.01395   0.00128  -0.09900  -0.11000   0.00000  -0.06890   0.12147   0.14770  -0.09810  -0.11546  -0.07563  -0.06675  -0.06890  -0.39070  -0.30197  -0.32770
1815   0.12648   0.03287   0.01420   0.00312   0.00000   0.00001   0.00000  -0.00413  -0.01835  -0.01430   0.00130  -4.09900  -0.10100   0.00000  -4.05880   0.12243   0.14887  -0.09007  -0.10601  -4.06664  -4.05614  -4.05880  -1.17782  -0.44075  -0.65450
1816   0.12740   0.03351   0.01432   0.00312   0.00000   0.00001   0.00000  -0.00424  -0.01848  -0.01467   0.00133  -4.04500  -0.10200   0.00000  -4.00470   0.12336   0.15004  -0.09096  -0.10706  -4.01260  -4.00202  -4.00470  -1.55999  -0.72581  -0.96772
1817   0.12840   0.03399   0.01444   0.00312   0.00000   0.00001   0.00000  -0.00435  -0.01857  -0.01504   0.00135  -0.95100  -0.09800   0.00000  -0.90566   0.12425   0.15113  -0.08740  -0.10286  -0.91415  -0.90273  -0.90566  -1.17201  -0.79108  -0.90155
1818   0.12941   0.03446   0.01456   0.00312   0.00000   0.00001   0.00000  -0.00436  -0.01867  -0.01508   0.00136  -0.08700  -0.09800   0.00000  -0.04019   0.12563   0.15264  -0.08740  -0.10286  -0.04877  -0.03722  -0.04019  -0.85608  -0.66624  -0.72129
1819   0.13034   0.03501   0.01468   0.00312   0.00000   0.00001   0.00000  -0.00438  -0.01879  -0.01514   0.00139  -0.01900  -0.10900   0.00000   0.01823   0.12693   0.15411  -0.09721  -0.11441   0.01072   0.02071   0.01823  -0.67543  -0.54296  -0.58138
1820   0.13114   0.03556   0.01480   0.00312   0.00000   0.00001   0.00000  -0.00439  -0.01889  -0.01521   0.00141  -0.00500  -0.11200   0.00000   0.03054   0.12814   0.15546  -0.09988  -0.11755   0.02326   0.03291   0.03054  -0.55411  -0.45254  -0.48200
1821   0.13183   0.03611   0.01493   0.00312   0.00000   0.00001   0.00000  -0.00442  -0.01904  -0.01529   0.00143  -0.00200  -0.11400   0.00000   0.03267   0.12912   0.15665  -0.10167  -0.11965   0.02546   0.03500   0.03267  -0.46660  -0.38430  -0.40817
1822   0.13241   0.03665   0.01505   0.00312   0.00000   0.00001   0.00000  -0.00453  -0.01919  -0.01566   0.00145  -0.12600  -0.11500   0.00000  -0.09168   0.12958   0.15738  -0.10256  -0.12070  -0.09898  -0.08932  -0.09168  -0.42663  -0.33705  -0.36303
1823   0.13296   0.03718   0.01518   0.00312   0.00000   0.00001   0.00000  -0.00464  -0.01933  -0.01605   0.00147  -1.19500  -0.09700   0.00000  -1.14211   0.12996   0.15803  -0.08651  -0.10181  -1.15154  -1.13878  -1.14211  -0.61163  -0.35349  -0.42835
1824   0.13349   0.03774   0.01532   0.00312   0.00000   0.00001   0.00000  -0.00466  -0.01948  -0.01611   0.00149  -0.44200  -0.09400   0.00000  -0.38509   0.13084   0.15911  -0.08383  -0.09866  -0.39499  -0.38155  -0.38509  -0.53305  -0.37605  -0.42158
1825   0.13395   0.03830   0.01545   0.00312   0.00000   0.00001   0.00000  -0.00477  -0.01960  -0.01650   0.00152  -0.06000  -0.07300   0.00000   0.01846   0.13121   0.15973  -0.06510  -0.07662   0.00611   0.02311   0.01846  -0.41860  -0.33670  -0.36045
1826   0.13431   0.03883   0.01559   0.00312   0.00000   0.00001   0.00000  -0.00479  -0.01975  -0.01657   0.00154  -0.01000  -0.06200   0.00000   0.08029   0.13190   0.16061  -0.05529  -0.06507   0.06661   0.08554   0.08029  -0.34183  -0.28645  -0.30251
1827   0.13458   0.03938   0.01573   0.00312   0.00000   0.00001   0.00000  -0.00491  -0.01992  -0.01696   0.00156  -0.00300  -0.05000   0.00000   0.09960   0.13199   0.16101  -0.04459  -0.05248   0.08440   0.10553   0.09960  -0.28519  -0.24479  -0.25651
1828   0.13476   0.03992   0.01587   0.00312   0.00000   0.00001   0.00000  -0.00492  -0.02007  -0.01702   0.00158  -0.00200  -0.04800   0.00000   0.10324   0.13249   0.16171  -0.04281  -0.05038   0.08769   0.10933   0.10324  -0.24194  -0.21094  -0.21993
1829   0.13479   0.04048   0.01602   0.00312   0.00000   0.00001   0.00000  -0.00495  -0.02022  -0.01710   0.00160  -0.00100  -0.04700   0.00000   0.10575   0.13286   0.16228  -0.04192  -0.04933   0.08994   0.11195   0.10575  -0.20709  -0.18319  -0.19012
1830   0.13473   0.04106   0.01617   0.00312   0.00000   0.00001   0.00000  -0.00551  -0.02039  -0.01901   0.00162  -0.73600  -0.06300   0.00000  -0.64720   0.13045   0.16053  -0.05618  -0.06612  -0.66173  -0.64160  -0.64720  -0.33846  -0.19492  -0.23654
1831   0.13466   0.04157   0.01632   0.00312   0.00000   0.00001   0.00000  -0.00543  -0.02048  -0.01877   0.00165  -1.48500  -0.06400   0.00000  -1.39636   0.13123   0.16138  -0.05708  -0.06717  -1.41084  -1.39080  -1.39636  -0.55623  -0.27068  -0.35349
1832   0.13455   0.04209   0.01648   0.00312   0.00000   0.00001   0.00000  -0.00546  -0.02061  -0.01885   0.00167  -0.48800  -0.07800   0.00000  -0.41300   0.13148   0.16179  -0.06956  -0.08187  -0.42608  -0.40807  -0.41300  -0.46676  -0.31374  -0.35812
1833   0.13436   0.04265   0.01664   0.00312   0.00000   0.00001   0.00000  -0.00557  -0.02075  -0.01922   0.00169  -0.05700  -0.07500   0.00000   0.02093   0.13121   0.16180  -0.06689  -0.07872   0.00732   0.02608   0.02093  -0.35187  -0.28029  -0.30104
1834   0.13412   0.04318   0.01680   0.00312   0.00000   0.00001   0.00000  -0.00559  -0.02088  -0.01928   0.00171  -0.01000  -0.05200   0.00000   0.09118   0.13135   0.16210  -0.04637  -0.05458   0.07497   0.09752   0.09118  -0.27844  -0.23475  -0.24742
1835   0.13385   0.04373   0.01696   0.00312   0.00000   0.00001   0.00000  -0.00569  -0.02100  -0.01965   0.00173  -1.63400  -0.02700   0.00000  -1.50794   0.13106   0.16205  -0.02408  -0.02834  -1.52702  -1.50029  -1.50794  -0.57110  -0.27255  -0.35913
1836   0.13358   0.04430   0.01713   0.00312   0.00000   0.00001   0.00000  -0.00607  -0.02115  -0.02094   0.00175  -0.91600  -0.00500   0.00000  -0.76928   0.12937   0.16085  -0.00446  -0.00525  -0.79108  -0.76040  -0.76928  -0.55416  -0.33920  -0.40153
1837   0.13333   0.04483   0.01730   0.00312   0.00000   0.00001   0.00000  -0.00610  -0.02129  -0.02102   0.00177  -0.20500   0.02600   0.00000  -0.02705   0.12946   0.16114   0.02319   0.02729  -0.05235  -0.01657  -0.02705  -0.41215  -0.31876  -0.34585
1838   0.13326   0.04540   0.01747   0.00312   0.00000   0.00001   0.00000  -0.00621  -0.02144  -0.02141   0.00180  -0.01900   0.05200   0.00000   0.18498   0.12930   0.16125   0.04637   0.05458   0.15667   0.19683   0.18498  -0.30127  -0.26198  -0.27338
1839   0.13345   0.04592   0.01764   0.00312   0.00000   0.00001   0.00000  -0.00632  -0.02159  -0.02178   0.00182  -0.00500   0.03300   0.00000   0.18026   0.12938   0.16161   0.02943   0.03464   0.15381   0.19124   0.18026  -0.23466  -0.21189  -0.21849
1840   0.13391   0.04649   0.01782   0.00312   0.00000   0.00001   0.00000  -0.00652  -0.02173  -0.02248   0.00184  -0.00200   0.01300   0.00000   0.16345   0.12933   0.16189   0.01159   0.01364   0.13892   0.17354   0.16345  -0.18975  -0.17511  -0.17936
1841   0.13465   0.04716   0.01801   0.00312   0.00000   0.00001   0.00000  -0.00663  -0.02188  -0.02285   0.00187  -0.00100  -0.00900   0.00000   0.14345   0.13014   0.16298  -0.00803  -0.00945   0.12111   0.15253   0.14345  -0.15825  -0.14769  -0.15076
1842   0.13567   0.04785   0.01820   0.00312   0.00000   0.00001   0.00000  -0.00684  -0.02203  -0.02354   0.00189  -0.00100  -0.04300   0.00000   0.11033   0.13077   0.16396  -0.03835  -0.04513   0.09143   0.11782   0.11033  -0.13823  -0.12764  -0.13072
1843   0.13695   0.04858   0.01839   0.00312   0.00000   0.00001   0.00000  -0.00695  -0.02218  -0.02393   0.00192  -0.00100  -0.05600   0.00000   0.09892   0.13217   0.16562  -0.04994  -0.05878   0.08122   0.10585   0.09892  -0.12179  -0.11265  -0.11530
1844   0.13848   0.04926   0.01859   0.00312   0.00000   0.00001   0.00000  -0.00715  -0.02235  -0.02460   0.00195  -0.00100  -0.05600   0.00000   0.10031   0.13329   0.16712  -0.04994  -0.05878   0.08235   0.10734   0.10031  -0.10636  -0.09995  -0.10181
1845   0.14024   0.04996   0.01879   0.00312   0.00000   0.00001   0.00000  -0.00753  -0.02249  -0.02591   0.00198  -0.00100  -0.04300   0.00000   0.11415   0.13379   0.16811  -0.03835  -0.04513   0.09444   0.12197   0.11415  -0.09001  -0.08800  -0.08858
1846   0.14217   0.05062   0.01899   0.00312   0.00000   0.00001   0.00000  -0.00755  -0.02262  -0.02597   0.00200  -0.04900  -0.02300   0.00000   0.08878   0.13629   0.17078  -0.02051  -0.02414   0.06678   0.09764   0.08878  -0.08212  -0.07803  -0.07922
1847   0.14423   0.05133   0.01920   0.00312   0.00000   0.00001   0.00000  -0.00784  -0.02276  -0.02695   0.00203  -0.22800  -0.01300   0.00000  -0.07863   0.13760   0.17249  -0.01159  -0.01364  -0.10199  -0.06915  -0.07863  -0.10883  -0.07807  -0.08699
1848   0.14640   0.05201   0.01941   0.00312   0.00000   0.00001   0.00000  -0.00795  -0.02289  -0.02733   0.00206  -0.02000  -0.01200   0.00000   0.13284   0.13989   0.17503  -0.01070  -0.01260   0.10919   0.14243   0.13284  -0.07369  -0.07462  -0.07435
1849   0.14866   0.05278   0.01963   0.00312   0.00000   0.00001   0.00000  -0.00824  -0.02303  -0.02831   0.00209  -0.00300   0.00100   0.00000   0.16470   0.14146   0.17701   0.00089   0.00105   0.13935   0.17506   0.16470  -0.04913  -0.05961  -0.05657
1850   0.15099   0.05332   0.01985   0.00312   0.00000   0.00001   0.00000  -0.00875  -0.02384  -0.03003   0.00211  -0.00200   0.01300   0.00000   0.17777   0.14053   0.17749   0.01159   0.01364   0.15012   0.18914   0.17777  -0.02956  -0.04568  -0.04100
1851   0.15331   0.05374   0.02008   0.00312   0.00000   0.00001   0.00100  -0.00877  -0.02394  -0.03007   0.00213  -0.00100  -0.01000   0.00000   0.15960   0.14457   0.18123  -0.00892  -0.01050   0.13465   0.16973   0.15960  -0.01788  -0.03455  -0.02971
1852   0.15573   0.05466   0.02031   0.00312   0.00000   0.00001   0.00200  -0.00913  -0.02443  -0.03129   0.00216  -0.00100  -0.01900   0.00000   0.15314   0.14679   0.18391  -0.01694  -0.01994   0.12884   0.16297   0.15314  -0.00866  -0.02624  -0.02114
1853   0.15828   0.05540   0.02054   0.00312   0.00000   0.00001   0.00400  -0.00932  -0.02455  -0.03196   0.00219  -0.00400  -0.02800   0.00000   0.14571   0.15175   0.18831  -0.02497  -0.02939   0.12278   0.15492   0.14571  -0.00146  -0.01952  -0.01428
1854   0.16086   0.05640   0.02078   0.00312   0.00000   0.00001   0.00500  -0.01025  -0.02472  -0.03507   0.00223  -0.20600  -0.03800   0.00000  -0.06565   0.15204   0.18910  -0.03389  -0.03988  -0.08785  -0.05678  -0.06565  -0.03937  -0.02353  -0.02812
1855   0.16347   0.05701   0.02102   0.00312   0.00000   0.00001   0.00600  -0.01045  -0.02485  -0.03573   0.00226  -0.04400  -0.04900   0.00000   0.08886   0.15564   0.19257  -0.04370  -0.05143   0.06794   0.09714   0.08886  -0.02301  -0.02807  -0.02660
1856   0.16611   0.05762   0.02127   0.00312   0.00000   0.00001   0.00700  -0.01093  -0.02504  -0.03734   0.00228  -0.04200  -0.05000   0.00000   0.09210   0.15775   0.19487  -0.04459  -0.05248   0.07116   0.10039   0.09210  -0.01585  -0.02324  -0.02109
1857   0.16881   0.05861   0.02153   0.00312   0.00000   0.00001   0.00800  -0.01105  -0.02524  -0.03775   0.00232  -0.12000  -0.03900   0.00000   0.02936   0.16208   0.19910  -0.03478  -0.04093   0.00730   0.03816   0.02936  -0.02412  -0.02208  -0.02267
1858   0.17155   0.05936   0.02178   0.00312   0.00000   0.00001   0.00900  -0.01118  -0.02543  -0.03817   0.00235  -0.01700  -0.02700   0.00000   0.14839   0.16617   0.20310  -0.02408  -0.02834   0.12509   0.15776   0.14839  -0.00148  -0.01807  -0.01326
1859   0.17431   0.06027   0.02205   0.00312   0.00000   0.00001   0.01100  -0.01166  -0.02563  -0.03977   0.00239  -0.00300  -0.02100   0.00000   0.17207   0.17003   0.20671  -0.01873  -0.02204   0.14830   0.18167   0.17207   0.01555  -0.00796  -0.00114
1860   0.17711   0.06105   0.02232   0.00312   0.00000   0.00001   0.01200  -0.01241  -0.02585  -0.04230   0.00242  -0.00200  -0.00700   0.00000   0.18846   0.17111   0.20822  -0.00624  -0.00735   0.16287   0.19887   0.18846   0.03037   0.00180   0.01008
1861   0.17998   0.06194   0.02259   0.00312   0.00000   0.00001   0.01300  -0.01282  -0.02610  -0.04364   0.00245  -0.00100   0.00400   0.00000   0.20354   0.17406   0.21136   0.00357   0.00420   0.17663   0.21455   0.20354   0.04433   0.01115   0.02077
1862   0.18268   0.06272   0.02287   0.00312   0.00000   0.00001   0.01400  -0.01286  -0.02590  -0.04378   0.00248  -0.00100  -0.00200   0.00000   0.20235   0.17933   0.21597  -0.00178  -0.00210   0.17655   0.21287   0.20235   0.05482   0.01949   0.02973
1863   0.18522   0.06365   0.02315   0.00312   0.00000   0.00001   0.01500  -0.01352  -0.02610  -0.04597   0.00252  -0.00100  -0.01700   0.00000   0.18908   0.18083   0.21780  -0.01516  -0.01784   0.16467   0.19895   0.18908   0.06083   0.02582   0.03597
1864   0.18779   0.06435   0.02344   0.00312   0.00000   0.00001   0.01700  -0.01437  -0.02629  -0.04877   0.00255  -0.00100  -0.03100   0.00000   0.17682   0.18256   0.21955  -0.02765  -0.03254   0.15391   0.18602   0.17682   0.06440   0.03019   0.04011
1865   0.19037   0.06540   0.02374   0.00312   0.00000   0.00001   0.01800  -0.01504  -0.02649  -0.05097   0.00259  -0.00100  -0.03800   0.00000   0.17172   0.18422   0.22155  -0.03389  -0.03988   0.14934   0.18066   0.17172   0.06749   0.03345   0.04332
1866   0.19296   0.06649   0.02404   0.00312   0.00000   0.00001   0.01900  -0.01534  -0.02666  -0.05196   0.00263  -0.00100  -0.04400   0.00000   0.16929   0.18778   0.22511  -0.03924  -0.04618   0.14754   0.17793   0.16929   0.07053   0.03628   0.04621
1867   0.19564   0.06714   0.02434   0.00312   0.00000   0.00001   0.02000  -0.01609  -0.02686  -0.05443   0.00266  -0.00100  -0.04500   0.00000   0.16952   0.18873   0.22646  -0.04013  -0.04723   0.14760   0.17823   0.16952   0.07370   0.03895   0.04903
1868   0.19846   0.06814   0.02465   0.00312   0.00000   0.00001   0.02100  -0.01648  -0.02703  -0.05571   0.00270  -0.00100  -0.03500   0.00000   0.18284   0.19199   0.22981  -0.03121  -0.03674   0.15978   0.19207   0.18284   0.07946   0.04217   0.05298
1869   0.20139   0.06878   0.02496   0.00312   0.00000   0.00001   0.02200  -0.01724  -0.02722  -0.05819   0.00272  -0.00100  -0.01900   0.00000   0.20034   0.19320   0.23142  -0.01694  -0.01994   0.17526   0.21048   0.20034   0.08729   0.04655   0.05837
1870   0.20444   0.06985   0.02528   0.00312   0.00000   0.00001   0.02400  -0.01772  -0.02739  -0.05978   0.00277  -0.00100  -0.00800   0.00000   0.21557   0.19763   0.23557  -0.00713  -0.00840   0.18950   0.22617   0.21557   0.09616   0.05185   0.06470
1871   0.20772   0.07092   0.02560   0.00312   0.00000   0.00001   0.02500  -0.01870  -0.02774  -0.06295   0.00281  -0.00100   0.02200   0.00000   0.24679   0.19833   0.23701   0.01962   0.02309   0.21695   0.25911   0.24679   0.10871   0.05848   0.07304
1872   0.21177   0.07157   0.02593   0.00312   0.00000   0.00001   0.02600  -0.02040  -0.02852  -0.06846   0.00283  -0.00100   0.02000   0.00000   0.24286   0.19506   0.23562   0.01784   0.02099   0.21189   0.25561   0.24286   0.11653   0.06522   0.08010
1873   0.21656   0.07256   0.02627   0.00312   0.00000   0.00001   0.02700  -0.02136  -0.02882  -0.07157   0.00287  -0.00100   0.02200   0.00000   0.24765   0.19737   0.23861   0.01962   0.02309   0.21599   0.26071   0.24765   0.12414   0.07086   0.08631
1874   0.22158   0.07321   0.02661   0.00312   0.00000   0.00001   0.02800  -0.02047  -0.02896  -0.06870   0.00290  -0.00100   0.00100   0.00000   0.23730   0.20868   0.24899   0.00089   0.00105   0.20857   0.24904   0.23730   0.12870   0.07545   0.09089
1875   0.22685   0.07428   0.02696   0.00312   0.00000   0.00001   0.03000  -0.02180  -0.02926  -0.07298   0.00294  -0.00100  -0.01700   0.00000   0.22213   0.21114   0.25197  -0.01516  -0.01784   0.19498   0.23313   0.22213   0.13003   0.07832   0.09332
1876   0.23244   0.07534   0.02731   0.00312   0.00000   0.00001   0.03100  -0.02212  -0.02948  -0.07400   0.00298  -0.00100  -0.04000   0.00000   0.20561   0.21755   0.25847  -0.03567  -0.04198   0.18088   0.21549   0.20561   0.12926   0.07962   0.09402
1877   0.23828   0.07601   0.02767   0.00312   0.00000   0.00001   0.03200  -0.02243  -0.02972  -0.07500   0.00301  -0.00100  -0.05600   0.00000   0.19594   0.22381   0.26484  -0.04994  -0.05878   0.17287   0.20507   0.19594   0.12819   0.07996   0.09395
1878   0.24432   0.07697   0.02804   0.00312   0.00000   0.00001   0.03300  -0.02265  -0.02994  -0.07570   0.00305  -0.00100  -0.06300   0.00000   0.19622   0.23107   0.27212  -0.05618  -0.06612   0.17389   0.20500   0.19622   0.12855   0.08029   0.09429
1879   0.25054   0.07765   0.02841   0.00312   0.00000   0.00001   0.03400  -0.02399  -0.03021  -0.07998   0.00308  -0.00100  -0.06400   0.00000   0.19762   0.23281   0.27480  -0.05708  -0.06717   0.17473   0.20662   0.19762   0.12949   0.08105   0.09509
1880   0.25698   0.07865   0.02878   0.00312   0.00000   0.00001   0.03500  -0.02646  -0.03056  -0.08782   0.00312  -0.00100  -0.07000   0.00000   0.18982   0.22965   0.27356  -0.06243  -0.07347   0.16622   0.19908   0.18982   0.12887   0.08167   0.09536
1881   0.26378   0.07981   0.02916   0.00312   0.00000   0.00001   0.03700  -0.02719  -0.03100  -0.09011   0.00316  -0.00100  -0.05300   0.00000   0.21374   0.23639   0.28054  -0.04727  -0.05563   0.18812   0.22391   0.21374   0.13402   0.08321   0.09795
1882   0.27021   0.08088   0.02955   0.00312   0.00000   0.00001   0.03800  -0.02838  -0.03092  -0.09388   0.00320  -0.00100  -0.05700   0.00000   0.21378   0.24015   0.28470  -0.05083  -0.05983   0.18832   0.22388   0.21378   0.13737   0.08578   0.10074
1883   0.27605   0.08211   0.02993   0.00312   0.00000   0.00001   0.03900  -0.02993  -0.03122  -0.09871   0.00325  -0.73100  -0.06500   0.00000  -0.52238   0.24118   0.28687  -0.05797  -0.06822  -0.54778  -0.51235  -0.52238  -0.01646   0.05385   0.03346
1884   0.28188   0.08311   0.03032   0.00312   0.00000   0.00001   0.04000  -0.03024  -0.03144  -0.09969   0.00329  -2.10800  -0.04400   0.00000  -1.87164   0.24786   0.29363  -0.03924  -0.04618  -1.89937  -1.86055  -1.87164  -0.38204  -0.06598  -0.15764
1885   0.28771   0.08387   0.03071   0.00312   0.00000   0.00001   0.04100  -0.03055  -0.03163  -0.10066   0.00332  -0.70600  -0.04200   0.00000  -0.46110   0.25436   0.30018  -0.03746  -0.04408  -0.48909  -0.44990  -0.46110  -0.28477  -0.15155  -0.19019
1886   0.29340   0.08472   0.03110   0.00312   0.00000   0.00001   0.04200  -0.03097  -0.03185  -0.10195   0.00336  -0.13400  -0.04300   0.00000   0.11593   0.26028   0.30626  -0.03835  -0.04513   0.08793   0.12713   0.11593  -0.15386  -0.12512  -0.13345
1887   0.29863   0.08580   0.03150   0.00312   0.00000   0.00001   0.04400  -0.03223  -0.03210  -0.10587   0.00340  -0.01400  -0.05100   0.00000   0.23125   0.26330   0.30970  -0.04548  -0.05353   0.20382   0.24217   0.23125  -0.07002  -0.07927  -0.07659
1888   0.30337   0.08689   0.03189   0.00312   0.00000   0.00001   0.04500  -0.03531  -0.03242  -0.11536   0.00344  -0.00400  -0.05500   0.00000   0.23162   0.25600   0.30476  -0.04905  -0.05773   0.20295   0.24304   0.23162  -0.02073  -0.04298  -0.03652
1889   0.30763   0.08797   0.03229   0.00312   0.00000   0.00001   0.04600  -0.03534  -0.03259  -0.11543   0.00349  -0.00200  -0.05500   0.00000   0.24015   0.26267   0.31123  -0.04905  -0.05773   0.21162   0.25150   0.24015   0.01528  -0.01628  -0.00713
1890   0.31160   0.08892   0.03269   0.00312   0.00000   0.00001   0.04700  -0.03869  -0.02953  -0.12565   0.00352  -0.63200  -0.04300   0.00000  -0.38200   0.25974   0.30658  -0.03835  -0.04513  -0.41061  -0.37055  -0.38200  -0.09081  -0.02441  -0.04367
1891   0.31550   0.09017   0.03310   0.00312   0.00000   0.00001   0.04800  -0.04044  -0.02999  -0.13092   0.00357  -0.40800  -0.03100   0.00000  -0.14689   0.25778   0.30613  -0.02765  -0.03254  -0.17787  -0.13440  -0.14689  -0.08905  -0.04733  -0.05943
1892   0.31929   0.09171   0.03352   0.00312   0.00000   0.00001   0.05000  -0.04219  -0.03043  -0.13617   0.00363  -0.11400  -0.02300   0.00000   0.15548   0.25741   0.30680  -0.02051  -0.02414   0.12289   0.16866   0.15548  -0.03127  -0.03851  -0.03641
1893   0.32286   0.09287   0.03394   0.00312   0.00000   0.00001   0.05100  -0.04395  -0.03090  -0.14141   0.00368  -0.01200  -0.00100   0.00000   0.27822   0.25508   0.30598  -0.00089  -0.00105   0.24218   0.29293   0.27822   0.02197  -0.01289  -0.00278
1894   0.32632   0.09389   0.03436   0.00312   0.00000   0.00001   0.05200  -0.04570  -0.03136  -0.14659   0.00372  -0.00400   0.02900   0.00000   0.31476   0.25255   0.30497   0.02586   0.03044   0.27441   0.33140   0.31476   0.06132   0.01307   0.02706
1895   0.32988   0.09504   0.03480   0.00312   0.00000   0.00001   0.05300  -0.04745  -0.03181  -0.15175   0.00377  -0.00200   0.03200   0.00000   0.31861   0.25034   0.30424   0.02854   0.03359   0.27688   0.33582   0.31861   0.08944   0.03463   0.05052
1896   0.33351   0.09659   0.03524   0.00312   0.00000   0.00001   0.05400  -0.04920  -0.03227  -0.15687   0.00383  -0.00100   0.02100   0.00000   0.30795   0.24862   0.30402   0.01873   0.02204   0.26635   0.32506   0.30795   0.10876   0.05128   0.06795
1897   0.33726   0.09768   0.03569   0.00312   0.00000   0.00001   0.05500  -0.05094  -0.03274  -0.16197   0.00387  -0.00100  -0.01000   0.00000   0.27598   0.24657   0.30348  -0.00892  -0.01050   0.23665   0.29198   0.27598   0.11847   0.06289   0.07900
1898   0.34125   0.09880   0.03614   0.00312   0.00000   0.00001   0.05700  -0.05269  -0.03318  -0.16703   0.00392  -0.00100  -0.02400   0.00000   0.26233   0.24618   0.30414  -0.02140  -0.02519   0.22378   0.27795   0.26233   0.12568   0.07066   0.08662
1899   0.34561   0.10031   0.03660   0.00312   0.00000   0.00001   0.05800  -0.05444  -0.03364  -0.17207   0.00397  -0.00100  -0.02800   0.00000   0.25846   0.24524   0.30471  -0.02497  -0.02939   0.21927   0.27432   0.25846   0.13224   0.07683   0.09290
1900   0.35030   0.10151   0.03706   0.00312   0.00000   0.00001   0.05900  -0.05619  -0.03411  -0.17708   0.00402  -0.00100  -0.04300   0.00000   0.24364   0.24435   0.30532  -0.03835  -0.04513   0.20500   0.25919   0.24364   0.13567   0.08160   0.09728
1901   0.35555   0.10354   0.03753   0.00312   0.00000   0.00001   0.06000  -0.05890  -0.03450  -0.18477   0.00410  -0.00100  -0.05400   0.00000   0.23068   0.24086   0.30399  -0.04816  -0.05668   0.19170   0.24631   0.23068   0.13722   0.08477   0.09998
1902   0.36128   0.10572   0.03801   0.00312   0.00000   0.00001   0.06100  -0.06160  -0.03489  -0.19238   0.00419  -0.33600  -0.05900   0.00000  -0.11054   0.23811   0.30339  -0.05262  -0.06193  -0.15051  -0.09454  -0.11054   0.06736   0.07154   0.07033
1903   0.36737   0.10780   0.03849   0.00312   0.00000   0.00001   0.06300  -0.06430  -0.03529  -0.19993   0.00427  -1.70500  -0.05600   0.00000  -1.47646   0.23697   0.30397  -0.04994  -0.05878  -1.51797  -1.45981  -1.47646  -0.25769  -0.01660  -0.08651
1904   0.37390   0.11009   0.03898   0.00312   0.00000   0.00001   0.06400  -0.06700  -0.03568  -0.20741   0.00436  -0.60300  -0.03100   0.00000  -0.34963   0.23527   0.30442  -0.02765  -0.03254  -0.39538  -0.33111  -0.34963  -0.19176  -0.09222  -0.12109
1905   0.38073   0.11264   0.03948   0.00312   0.00000   0.00001   0.06500  -0.06971  -0.03607  -0.21484   0.00446  -0.08000  -0.06600   0.00000   0.13882   0.23419   0.30550  -0.05886  -0.06927   0.09533   0.15623   0.13882  -0.08732  -0.07431  -0.07808
1906   0.38791   0.11518   0.03998   0.00312   0.00000   0.00001   0.06600  -0.07241  -0.03646  -0.22219   0.00457  -0.01300  -0.01900   0.00000   0.25370   0.23354   0.30700  -0.01694  -0.01994   0.20360   0.27406   0.25370  -0.01769  -0.03740  -0.03169
1907   0.39543   0.11739   0.04050   0.00312   0.00000   0.00001   0.06700  -0.07511  -0.03685  -0.22950   0.00465  -0.12600  -0.04300   0.00000   0.11762   0.23293   0.30855  -0.03835  -0.04513   0.06859   0.13742   0.11762  -0.00512  -0.01336  -0.01097
1908   0.40293   0.11990   0.04101   0.00312   0.00000   0.00001   0.06800  -0.07781  -0.03727  -0.23673   0.00475  -0.04700  -0.02100   0.00000   0.21991   0.23267   0.31047  -0.01873  -0.02204   0.16694   0.24143   0.21991   0.02979   0.00255   0.01045
1909   0.41030   0.12264   0.04153   0.00312   0.00000   0.00001   0.07000  -0.08052  -0.03766  -0.24392   0.00486  -0.00700  -0.04400   0.00000   0.23936   0.23389   0.31342  -0.03924  -0.04618   0.18766   0.26023   0.23936   0.05619   0.02049   0.03085
1910   0.41777   0.12511   0.04206   0.00312   0.00000   0.00001   0.07100  -0.08322  -0.03805  -0.25104   0.00496  -0.00200  -0.04400   0.00000   0.24572   0.23374   0.31541  -0.03924  -0.04618   0.19250   0.26723   0.24572   0.07602   0.03553   0.04727
1911   0.42495   0.12735   0.04260   0.00313   0.00001   0.00001   0.07200  -0.08461  -0.03845  -0.25467   0.00505  -0.00100  -0.05100   0.00000   0.24536   0.23856   0.32137  -0.04548  -0.05353   0.19208   0.26684   0.24536   0.09125   0.04775   0.06037
1912   0.43164   0.12980   0.04314   0.00314   0.00002   0.00001   0.07300  -0.08599  -0.03886  -0.25828   0.00515  -0.26500  -0.05200   0.00000  -0.01426   0.24312   0.32709  -0.04637  -0.05458  -0.06825   0.00751  -0.01426   0.04823   0.04569   0.04642
1913   0.43817   0.13256   0.04370   0.00315   0.00003   0.00001   0.07400  -0.08738  -0.03925  -0.26189   0.00526  -0.22900  -0.03900   0.00000   0.04031   0.24789   0.33300  -0.03478  -0.04093  -0.01589   0.06306   0.04031   0.04125   0.03564   0.03727
1914   0.44418   0.13548   0.04426   0.00316   0.00004   0.00001   0.07600  -0.08876  -0.03967  -0.26547   0.00537  -0.03100  -0.01700   0.00000   0.26656   0.25362   0.33945  -0.01516  -0.01784   0.20746   0.29061   0.26656   0.08338   0.04206   0.05405
1915   0.44956   0.13823   0.04483   0.00317   0.00005   0.00001   0.07700  -0.09015  -0.04006  -0.26905   0.00548  -0.00500   0.00400   0.00000   0.31801   0.25726   0.34423   0.00357   0.00420   0.25583   0.34343   0.31801   0.11484   0.05981   0.07577
1916   0.45503   0.14112   0.04541   0.00318   0.00006   0.00001   0.07800  -0.09153  -0.04046  -0.27260   0.00560  -0.00200   0.06200   0.00000   0.38376   0.26121   0.34931   0.05529   0.06507   0.31450   0.41238   0.38376   0.14815   0.07851   0.09871
1917   0.46089   0.14384   0.04600   0.00320   0.00008   0.00001   0.07900  -0.09292  -0.04087  -0.27615   0.00570  -0.00100   0.05100   0.00000   0.37870   0.26531   0.35458   0.04548   0.05353   0.30980   0.40711   0.37870   0.16979   0.09580   0.11726
1918   0.46676   0.14677   0.04659   0.00321   0.00009   0.00001   0.08000  -0.09430  -0.04126  -0.27967   0.00582  -0.00100   0.08300   0.00000   0.41593   0.26975   0.36015   0.07402   0.08712   0.34277   0.44627   0.41593   0.19393   0.11106   0.13509
1919   0.47208   0.14995   0.04720   0.00325   0.00013   0.00001   0.08100  -0.09569  -0.04168  -0.28319   0.00595  -0.00100   0.04000   0.00000   0.37788   0.27387   0.36543   0.03567   0.04198   0.30854   0.40642   0.37788   0.20434   0.12345   0.14691
1920   0.47753   0.15289   0.04782   0.00331   0.00019   0.00001   0.08300  -0.09707  -0.04207  -0.28668   0.00606  -0.00100   0.01700   0.00000   0.36078   0.27928   0.37154   0.01516   0.01784   0.29344   0.38838   0.36078   0.21135   0.13125   0.15448
1921   0.48337   0.15552   0.04843   0.00337   0.00025   0.00001   0.08400  -0.09863  -0.04261  -0.29058   0.00617  -0.00400  -0.01600   0.00000   0.32904   0.28251   0.37622  -0.01427  -0.01679   0.26424   0.35543   0.32904   0.21236   0.13598   0.15813
1922   0.48917   0.15847   0.04906   0.00344   0.00032   0.00001   0.08500  -0.10018  -0.04313  -0.29447   0.00629  -0.13000  -0.03700   0.00000   0.18665   0.28611   0.38124  -0.03300  -0.03883   0.12312   0.21241   0.18665   0.18566   0.13251   0.14792
1923   0.49569   0.16153   0.04968   0.00351   0.00039   0.00001   0.08600  -0.10173  -0.04364  -0.29833   0.00641  -0.01300  -0.04100   0.00000   0.30512   0.29058   0.38712  -0.03656  -0.04303   0.24101   0.33109   0.30512   0.19896   0.12981   0.14986
1924   0.50281   0.16452   0.05031   0.00358   0.00046   0.00001   0.08700  -0.10327  -0.04418  -0.30217   0.00653  -0.00300  -0.04400   0.00000   0.31814   0.29557   0.39356  -0.03924  -0.04618   0.25333   0.34438   0.31814   0.20737   0.13464   0.15573
1925   0.51000   0.16753   0.05094   0.00367   0.00055   0.00001   0.08900  -0.10482  -0.04469  -0.30600   0.00665  -0.00200  -0.03600   0.00000   0.33428   0.30201   0.40098  -0.03211  -0.03779   0.26790   0.36119   0.33428   0.21639   0.13990   0.16208
1926   0.51721   0.17054   0.05157   0.00376   0.00064   0.00001   0.09000  -0.10637  -0.04521  -0.30982   0.00677  -0.00100  -0.02000   0.00000   0.35745   0.30718   0.40756  -0.01784  -0.02099   0.28834   0.38557   0.35745   0.22739   0.14609   0.16967
1927   0.52493   0.17348   0.05220   0.00386   0.00074   0.00001   0.09100  -0.10793  -0.04572  -0.31362   0.00688  -0.00100   0.02300   0.00000   0.40708   0.31280   0.41460   0.02051   0.02414   0.33231   0.43774   0.40708   0.24490   0.15462   0.18080
1928   0.53308   0.17651   0.05283   0.00396   0.00084   0.00001   0.09200  -0.10948  -0.04626  -0.31741   0.00700  -0.09300  -0.00100   0.00000   0.29824   0.31893   0.42218  -0.00089  -0.00105   0.22504   0.32813   0.29824   0.23386   0.15874   0.18053
1929   0.54134   0.17939   0.05346   0.00408   0.00096   0.00001   0.09300  -0.11102  -0.04678  -0.32116   0.00712  -0.30900  -0.00800   0.00000   0.08242   0.32511   0.42978  -0.00713  -0.00840   0.00898   0.11238   0.08242   0.18533   0.14742   0.15841
1930   0.54932   0.18198   0.05408   0.00421   0.00109   0.00001   0.09400  -0.11257  -0.04729  -0.32491   0.00722  -0.12800   0.00500   0.00000   0.28304   0.33072   0.43680   0.00446   0.00525   0.20718   0.31405   0.28304   0.20327   0.13911   0.15771
1931   0.55640   0.18479   0.05470   0.00434   0.00122   0.00001   0.09600  -0.11376  -0.04778  -0.32777   0.00733  -0.13700  -0.01700   0.00000   0.26027   0.33848   0.44523  -0.01516  -0.01784   0.18632   0.29039   0.26027   0.20416   0.14157   0.15973
1932   0.56249   0.18736   0.05530   0.00449   0.00137   0.00001   0.09700  -0.11495  -0.04827  -0.33063   0.00744  -0.03700  -0.03200   0.00000   0.35124   0.34366   0.45151  -0.02854  -0.03359   0.27812   0.38093   0.35124   0.22454   0.14637   0.16904
1933   0.56793   0.19017   0.05590   0.00466   0.00154   0.00001   0.09800  -0.11613  -0.04876  -0.33346   0.00755  -0.00500  -0.03200   0.00000   0.38885   0.34850   0.45745  -0.02854  -0.03359   0.31496   0.41886   0.38885   0.24312   0.15600   0.18127
1934   0.57323   0.19272   0.05649   0.00484   0.00172   0.00001   0.09900  -0.11732  -0.04923  -0.33629   0.00765  -0.00200  -0.01200   0.00000   0.41709   0.35297   0.46300  -0.01070  -0.01260   0.34027   0.44840   0.41709   0.26051   0.16638   0.19368
1935   0.57831   0.19506   0.05706   0.00503   0.00191   0.00001   0.10000  -0.11851  -0.04972  -0.33912   0.00774  -0.00100   0.01100   0.00000   0.44586   0.35696   0.46809   0.00981   0.01155   0.36577   0.47864   0.44586   0.27820   0.17715   0.20645
1936   0.58326   0.19757   0.05762   0.00524   0.00212   0.00001   0.10200  -0.11969  -0.05021  -0.34193   0.00784  -0.00100   0.06000   0.00000   0.50071   0.36233   0.47413   0.05351   0.06298   0.41484   0.53611   0.50071   0.30155   0.18963   0.22209
1937   0.58794   0.19991   0.05815   0.00546   0.00234   0.00001   0.10300  -0.12088  -0.05070  -0.34473   0.00794  -0.00100   0.04700   0.00000   0.49211   0.36595   0.47885   0.04192   0.04933   0.40687   0.52718   0.49211   0.31587   0.20173   0.23483
1938   0.59163   0.20240   0.05866   0.00570   0.00258   0.00001   0.10400  -0.12207  -0.05116  -0.34753   0.00804  -0.00100   0.06100   0.00000   0.50968   0.36875   0.48273   0.05440   0.06403   0.42215   0.54575   0.50968   0.33090   0.21195   0.24644
1939   0.59442   0.20468   0.05916   0.00595   0.00283   0.00001   0.10500  -0.12325  -0.05165  -0.35032   0.00813  -0.00100   0.06500   0.00000   0.51612   0.37042   0.48549   0.05797   0.06822   0.42738   0.55271   0.51612   0.34373   0.22160   0.25702
1940   0.59709   0.20718   0.05963   0.00621   0.00309   0.00001   0.10600  -0.12443  -0.05214  -0.35309   0.00823  -0.00100   0.05300   0.00000   0.50668   0.37219   0.48837   0.04727   0.05563   0.41846   0.54300   0.50668   0.35222   0.22956   0.26513
1941   0.59968   0.20994   0.06013   0.00649   0.00337   0.00001   0.10700  -0.12748  -0.05271  -0.36019   0.00834  -0.00100   0.02000   0.00000   0.47021   0.36685   0.48566   0.01784   0.02099   0.38368   0.50566   0.47021   0.35254   0.23429   0.26858
1942   0.60179   0.21248   0.06068   0.00678   0.00366   0.00001   0.10900  -0.13053  -0.05330  -0.36723   0.00844  -0.00100  -0.00800   0.00000   0.43912   0.36218   0.48323  -0.00713  -0.00840   0.35404   0.47383   0.43912   0.34911   0.23560   0.26851
1943   0.60362   0.21473   0.06126   0.00709   0.00397   0.00001   0.11000  -0.13357  -0.05386  -0.37420   0.00853  -0.00100  -0.02500   0.00000   0.41760   0.35579   0.47947  -0.02230  -0.02624   0.33249   0.45223   0.41760   0.34449   0.23500   0.26675
1944   0.60533   0.21724   0.06185   0.00741   0.00429   0.00001   0.11100  -0.13662  -0.05442  -0.38113   0.00863  -0.00100  -0.00200   0.00000   0.43631   0.34962   0.47595  -0.00178  -0.00210   0.34684   0.47285   0.43631   0.34639   0.23517   0.26742
1945   0.60622   0.21987   0.06246   0.00776   0.00464   0.00001   0.11200  -0.13967  -0.05501  -0.38801   0.00873  -0.00100   0.03700   0.00000   0.47038   0.34279   0.47179   0.03300   0.03883   0.37479   0.50962   0.47038   0.35446   0.23831   0.27199
1946   0.60667   0.22239   0.06310   0.00812   0.00500   0.00001   0.11300  -0.14271  -0.05557  -0.39481   0.00883  -0.00100   0.03300   0.00000   0.46102   0.33556   0.46719   0.02943   0.03464   0.36399   0.50082   0.46102   0.35782   0.24221   0.27574
1947   0.60815   0.22551   0.06376   0.00849   0.00537   0.00002   0.11500  -0.14576  -0.05616  -0.40159   0.00896  -0.00100   0.06300   0.00000   0.48837   0.33132   0.46519   0.05618   0.06612   0.38651   0.53031   0.48837   0.36634   0.24639   0.28117
1948   0.61090   0.22851   0.06446   0.00887   0.00575   0.00002   0.11600  -0.14880  -0.05673  -0.40829   0.00908  -0.00100   0.13900   0.00000   0.56201   0.32710   0.46360   0.12396   0.14589   0.45006   0.60849   0.56201   0.38650   0.25470   0.29292
1949   0.61421   0.23162   0.06518   0.00929   0.00617   0.00002   0.11700  -0.15185  -0.05729  -0.41496   0.00920  -0.00100   0.09700   0.00000   0.51842   0.32364   0.46277   0.08651   0.10181   0.40914   0.56358   0.51842   0.39077   0.26271   0.29985
1950   0.61859   0.23506   0.06592   0.00973   0.00661   0.00002   0.11800  -0.15490  -0.05788  -0.42158   0.00934  -0.00100   0.08700   0.00000   0.50831   0.32163   0.46343   0.07759   0.09131   0.39821   0.55375   0.50831   0.39380   0.26671   0.30357
1951   0.62429   0.23863   0.06667   0.01024   0.00712   0.00002   0.12500  -0.16194  -0.05918  -0.43669   0.00948  -0.00100   0.01500   0.00000   0.43053   0.31297   0.45883   0.01338   0.01574   0.32535   0.47357   0.43053   0.38183   0.26631   0.29981
1952   0.63056   0.24250   0.06743   0.01079   0.00767   0.00002   0.13200  -0.16899  -0.06047  -0.45155   0.00964  -0.00100   0.02100   0.00000   0.43193   0.30550   0.45540   0.01873   0.02204   0.32322   0.47644   0.43193   0.37666   0.26316   0.29607
1953   0.63755   0.24697   0.06820   0.01139   0.00827   0.00002   0.13800  -0.17604  -0.06180  -0.46617   0.00981  -0.03800   0.01100   0.00000   0.38093   0.29829   0.45271   0.00981   0.01155   0.27010   0.42626   0.38093   0.36298   0.25909   0.28922
1954   0.64542   0.25123   0.06899   0.01207   0.00895   0.00002   0.14500  -0.18309  -0.06310  -0.48054   0.00998  -0.04600   0.02600   0.00000   0.38599   0.29347   0.45195   0.02319   0.02729   0.27066   0.43324   0.38599   0.35639   0.25431   0.28391
1955   0.65462   0.25572   0.06980   0.01285   0.00973   0.00002   0.15200  -0.19013  -0.06442  -0.49468   0.01016  -0.00700   0.06500   0.00000   0.46395   0.29053   0.45309   0.05797   0.06822   0.34150   0.51431   0.46395   0.36773   0.25487   0.28760
1956   0.66534   0.26039   0.07063   0.01377   0.01065   0.00002   0.15900  -0.19718  -0.06572  -0.50860   0.01035  -0.00200   0.06500   0.00000   0.47101   0.28972   0.45633   0.05797   0.06822   0.34569   0.52255   0.47101   0.37442   0.25929   0.29268
1957   0.67704   0.26534   0.07146   0.01485   0.01173   0.00002   0.16600  -0.20423  -0.06704  -0.52231   0.01055  -0.00100   0.12100   0.00000   0.53168   0.29048   0.46118   0.10791   0.12700   0.39739   0.58718   0.53168   0.39060   0.26578   0.30198
1958   0.68949   0.27034   0.07228   0.01613   0.01301   0.00003   0.17200  -0.21128  -0.06834  -0.53580   0.01075  -0.00100   0.16300   0.00000   0.57760   0.29123   0.46640   0.14537   0.17108   0.43559   0.63649   0.57760   0.40939   0.27580   0.31454
1959   0.70255   0.27526   0.07309   0.01766   0.01454   0.00003   0.17900  -0.21832  -0.06964  -0.54909   0.01094  -0.00100   0.14200   0.00000   0.56249   0.29423   0.47346   0.12664   0.14904   0.41987   0.62150   0.56249   0.41887   0.28496   0.32380
1960   0.71723   0.28065   0.07390   0.01950   0.01638   0.00003   0.18600  -0.22537  -0.07096  -0.56218   0.01116  -0.00100   0.16100   0.00000   0.58995   0.29980   0.48311   0.14358   0.16898   0.44238   0.65109   0.58995   0.43206   0.29287   0.33323
1961   0.73021   0.28599   0.07472   0.02178   0.01866   0.00003   0.19300  -0.23428  -0.07202  -0.57846   0.01137  -0.00100   0.13700   0.00000   0.56835   0.29852   0.48701   0.12218   0.14379   0.41970   0.62981   0.56835   0.43712   0.29966   0.33952
1962   0.74164   0.29174   0.07560   0.02448   0.02131   0.00003   0.20000  -0.24319  -0.07309  -0.59445   0.01160  -0.00100   0.07000   0.00000   0.50338   0.29685   0.49055   0.06243   0.07347   0.35827   0.56302   0.50338   0.42951   0.30134   0.33851
1963   0.75318   0.29744   0.07656   0.02766   0.02442   0.00004   0.20600  -0.25210  -0.07415  -0.61016   0.01183  -0.91900   0.03600   0.00000  -0.44670   0.29478   0.49411   0.03211   0.03779  -0.59211  -0.38710  -0.44670   0.22536   0.25628   0.24731
1964   0.76545   0.30308   0.07759   0.03138   0.02804   0.00005   0.21300  -0.26101  -0.07523  -0.62558   0.01205  -0.73300   0.01600   0.00000  -0.27622   0.29555   0.50010   0.01427   0.01679  -0.42318  -0.21611  -0.27622   0.15682   0.18755   0.17864
1965   0.77630   0.30928   0.07870   0.03566   0.03223   0.00005   0.22000  -0.26992  -0.07628  -0.64074   0.01230  -0.16800   0.00500   0.00000   0.28236   0.29646   0.50618   0.00446   0.00525   0.13291   0.34343   0.28236   0.22047   0.17060   0.18506
1966   0.79387   0.31535   0.07991   0.04053   0.03702   0.00006   0.22700  -0.27883  -0.07736  -0.65564   0.01255  -0.01700   0.01200   0.00000   0.45244   0.30483   0.51977   0.01070   0.01260   0.29853   0.51537   0.45244   0.27452   0.18946   0.21413
1967   0.80729   0.32144   0.08120   0.04605   0.04246   0.00008   0.23400  -0.28774  -0.07841  -0.67030   0.01279  -0.00500   0.02000   0.00000   0.48139   0.31010   0.53023   0.01784   0.02099   0.32294   0.54622   0.48139   0.30751   0.21022   0.23844
1968   0.82388   0.32782   0.08255   0.05225   0.04857   0.00009   0.24000  -0.29665  -0.07949  -0.68471   0.01304  -0.22500   0.05500   0.00000   0.30877   0.31847   0.54425   0.04905   0.05773   0.14252   0.37698   0.30877   0.29056   0.21801   0.23905
1969   0.84446   0.33428   0.08396   0.05914   0.05538   0.00010   0.24700  -0.30556  -0.08054  -0.69890   0.01330  -0.33300   0.07200   0.00000   0.23625   0.33326   0.56423   0.06421   0.07557   0.06447   0.30680   0.23625   0.27025   0.21245   0.22921
1970   0.86206   0.34098   0.08543   0.06677   0.06291   0.00011   0.25400  -0.31447  -0.08162  -0.71285   0.01357  -0.09700   0.06500   0.00000   0.48198   0.34630   0.58247   0.05797   0.06822   0.30726   0.55370   0.48198   0.31200   0.21672   0.24435
1971   0.87678   0.34736   0.08698   0.07509   0.07111   0.00013   0.26100  -0.32096  -0.08275  -0.72289   0.01383  -0.01100   0.07600   0.00000   0.59958   0.36447   0.60405   0.06778   0.07977   0.42125   0.67282   0.59958   0.35639   0.23672   0.27143
1972   0.89809   0.35402   0.08860   0.08411   0.08002   0.00015   0.26800  -0.32746  -0.08388  -0.73281   0.01409  -0.00400   0.04500   0.00000   0.60392   0.39040   0.63339   0.04013   0.04723   0.42654   0.67662   0.60392   0.38415   0.25699   0.29387
1973   0.92189   0.36073   0.09030   0.09391   0.08963   0.00017   0.27400  -0.33395  -0.08500  -0.74263   0.01436  -0.00200   0.03500   0.00000   0.62677   0.41853   0.66535   0.03121   0.03674   0.44774   0.70009   0.62677   0.40873   0.27367   0.31284
1974   0.93642   0.36730   0.09209   0.10428   0.09980   0.00019   0.28100  -0.34045  -0.08615  -0.75234   0.01462  -0.03300   0.01600   0.00000   0.59997   0.43928   0.68954   0.01427   0.01679   0.42055   0.67333   0.59997   0.42102   0.28672   0.32567
1975   0.95523   0.37392   0.09399   0.11518   0.11050   0.00022   0.28800  -0.34694  -0.08728  -0.76193   0.01489  -0.30000   0.01900   0.00000   0.36427   0.46517   0.71884   0.01694   0.01994   0.18212   0.43878   0.36427   0.38190   0.28525   0.31328
1976   0.97337   0.38045   0.09605   0.12661   0.12173   0.00025   0.29500  -0.35343  -0.08841  -0.77143   0.01515  -0.11200   0.02800   0.00000   0.58960   0.49108   0.74815   0.02497   0.02939   0.40405   0.66554   0.58960   0.41327   0.28480   0.32206
1977   0.99874   0.38701   0.09824   0.13854   0.13346   0.00029   0.30200  -0.35993  -0.08954  -0.78083   0.01541  -0.01600   0.06300   0.00000   0.75693   0.52499   0.78547   0.05618   0.06612   0.56517   0.83559   0.75693   0.46270   0.30360   0.34974
1978   1.02131   0.39387   0.10056   0.15089   0.14561   0.00033   0.30800  -0.36642  -0.09066  -0.79012   0.01569  -0.00400   0.08700   0.00000   0.82644   0.55577   0.82009   0.07759   0.09131   0.62936   0.90740   0.82644   0.50580   0.32881   0.38013
1979   1.04597   0.40035   0.10290   0.16308   0.15759   0.00037   0.31500  -0.37292  -0.09179  -0.79932   0.01595  -0.00200   0.14000   0.00000   0.91759   0.58951   0.85723   0.12485   0.14694   0.71236   1.00217   0.91759   0.55307   0.35566   0.41291
1980   1.07172   0.40718   0.10524   0.17505   0.16936   0.00043   0.31500  -0.37941  -0.09294  -0.80842   0.01622  -0.00100   0.15500   0.00000   0.96406   0.61537   0.88958   0.13823   0.16269   0.75261   1.05127   0.96406   0.59445   0.38317   0.44444
1981   1.09438   0.41512   0.10762   0.18343   0.17755   0.00048   0.31400  -0.38368  -0.09400  -0.81436   0.01654  -0.00100   0.15300   0.00000   0.99154   0.64125   0.92054   0.13645   0.16059   0.77669   1.08013   0.99154   0.63021   0.40851   0.47281
1982   1.11718   0.42280   0.11003   0.19418   0.18810   0.00055   0.31400  -0.38797  -0.09507  -0.82027   0.01685  -0.71600   0.09100   0.00000   0.24728   0.67066   0.95463   0.08115   0.09551   0.03581   0.33415   0.24728   0.49991   0.39588   0.42605
1983   1.14352   0.43057   0.11242   0.20352   0.19723   0.00061   0.31300  -0.39224  -0.09613  -0.82613   0.01716  -0.84600   0.09400   0.00000   0.15430   0.70107   0.99013   0.08383   0.09866  -0.06110   0.24279   0.15430   0.42044   0.34983   0.37031
1984   1.16249   0.43780   0.11481   0.21320   0.20672   0.00069   0.31300  -0.39651  -0.09721  -0.83196   0.01745  -0.20600   0.01800   0.00000   0.74577   0.72521   1.01895   0.01605   0.01889   0.53527   0.83185   0.74577   0.49813   0.34063   0.38631
1985   1.18382   0.44297   0.11719   0.22539   0.21871   0.00076   0.31200  -0.40079  -0.09828  -0.83774   0.01766  -0.02100  -0.01000   0.00000   0.93198   0.75079   1.04964  -0.00892  -0.01050   0.72087   1.01815   0.93198   0.56741   0.36959   0.42696
1986   1.20838   0.44774   0.11956   0.23695   0.23007   0.00084   0.31200  -0.40506  -0.09934  -0.84349   0.01785  -0.00600  -0.00800   0.00000   0.98143   0.77995   1.08345  -0.00713  -0.00840   0.76681   1.06905   0.98143   0.61691   0.40105   0.46365
1987   1.23769   0.45261   0.12197   0.24950   0.24241   0.00093   0.31200  -0.40934  -0.10042  -0.84920   0.01804  -0.00200   0.00700   0.00000   1.03879   0.81498   1.12316   0.00624   0.00735   0.81922   1.12850   1.03879   0.66209   0.42973   0.49711
1988   1.26652   0.45671   0.12462   0.26315   0.25587   0.00102   0.31100  -0.41361  -0.10149  -0.85487   0.01821  -0.00100   0.06100   0.00000   1.13125   0.84882   1.16211   0.05440   0.06403   0.90222   1.22513   1.13125   0.71230   0.45921   0.53260
1989   1.28891   0.46070   0.12740   0.27533   0.26785   0.00111   0.31100  -0.41789  -0.10255  -0.86051   0.01837  -0.00100   0.14900   0.00000   1.24988   0.87614   1.19408   0.13288   0.15639   1.00802   1.34947   1.24988   0.77081   0.49253   0.57323
1990   1.31212   0.46430   0.12993   0.28874   0.28106   0.00121   0.31000  -0.42216  -0.10363  -0.86611   0.01851  -0.00100   0.14000   0.00000   1.27191   0.90354   1.22659   0.12485   0.14694   1.02739   1.37254   1.27191   0.81603   0.52561   0.60983
1991   1.32950   0.46794   0.13217   0.29867   0.29079   0.00132   0.31000  -0.42518  -0.10456  -0.87004   0.01866  -0.89000   0.12600   0.00000   0.39448   0.92661   1.25319   0.11237   0.13225   0.14898   0.49544   0.39448   0.66402   0.51266   0.55656
1992   1.34662   0.47093   0.13434   0.30687   0.29882   0.00143   0.30900  -0.42820  -0.10551  -0.87396   0.01878  -1.36800   0.09500   0.00000  -0.09270   0.94560   1.27616   0.08472   0.09971  -0.33768   0.00787  -0.09270   0.49283   0.44245   0.45706
1993   1.36217   0.47259   0.13650   0.31412   0.30588   0.00154   0.30900  -0.43121  -0.10647  -0.87786   0.01885  -0.39100   0.04000   0.00000   0.84823   0.96201   1.29612   0.03567   0.04198   0.60668   0.94710   0.84823   0.59617   0.41384   0.46672
1994   1.38499   0.47491   0.13871   0.31813   0.30970   0.00166   0.30800  -0.43423  -0.10740  -0.88174   0.01894  -0.03700   0.01100   0.00000   1.19597   0.98194   1.32000   0.00981   0.01155   0.95475   1.29455   1.19597   0.70412   0.45209   0.52518
1995   1.41174   0.47740   0.14107   0.32151   0.31262   0.00178   0.30800  -0.43724  -0.10835  -0.88560   0.01904  -0.00900  -0.00400   0.00000   1.23634   1.00679   1.34840  -0.00357  -0.00420   0.99423   1.33520   1.23634   0.77098   0.49647   0.57608
1996   1.43605   0.47829   0.14357   0.32455   0.31501   0.00191   0.30800  -0.44026  -0.10929  -0.88944   0.01908  -0.00300  -0.02100   0.00000   1.24846   1.02742   1.37254  -0.01873  -0.02204   1.00569   1.34750   1.24846   0.81887   0.53179   0.61505
1997   1.46282   0.47962   0.14621   0.32704   0.31681   0.00204   0.30700  -0.44328  -0.11024  -0.89328   0.01913  -0.00200   0.00600   0.00000   1.30107   1.04919   1.39831   0.00535   0.00630   1.05255   1.40261   1.30107   0.86485   0.56246   0.65015
1998   1.49587   0.48312   0.14906   0.32904   0.31811   0.00215   0.30700  -0.44630  -0.11117  -0.89709   0.01927  -0.00100   0.06200   0.00000   1.39196   1.08059   1.43322   0.05529   0.06507   1.13488   1.49730   1.39196   0.91700   0.59389   0.68759
1999   1.51685   0.48587   0.15218   0.33084   0.31908   0.00226   0.30700  -0.44932  -0.11213  -0.90089   0.01938  -0.00100   0.09700   0.00000   1.44804   1.09916   1.45534   0.08651   0.10181   1.18466   1.55615   1.44804   0.96549   0.62620   0.72460
2000   1.54193   0.48648   0.15565   0.33233   0.31971   0.00236   0.30700  -0.45233  -0.11308  -0.90467   0.01940   0.00000   0.13400   0.00000   1.50907   1.11966   1.47939   0.11950   0.14065   1.23916   1.62003   1.50907   1.01374   0.65793   0.76111
