YEAR CONCO2 CONCH4 CONN2O T2M CUMCO2 ANTCO2 ANTCH4 ANTN2O ANTNOx ANTCO ANTVOC ANTSO2 RADTTL RADANT RADAER RADCO2 RADCH4 RADN2O pH
2000   369.69  1752.10   317.04   0.7609    441.24    8.3000    281.60    7.07   36.70  986.00  183.00   60.20   1.4615   1.3275  -1.4701   1.5408   0.4865   0.1556   8.0818
2001   371.32  1741.78   318.11   0.7894    449.61    8.3700    285.20    7.17   36.00  996.00  185.00   59.00   1.5034   1.3728  -1.4502   1.5643   0.4826   0.1591   8.0802
2002   372.99  1734.52   319.20   0.8191    458.06    8.4500    288.70    7.27   35.30 1006.00  187.00   57.80   1.5472   1.4199  -1.4302   1.5883   0.4799   0.1625   8.0786
2003   374.67  1729.90   320.29   0.8494    466.58    8.5200    292.20    7.37   34.80 1016.00  188.00   56.60   1.5931   1.4692  -1.4100   1.6123   0.4781   0.1660   8.0769
2004   376.37  1727.69   321.40   0.8797    475.18    8.6000    295.80    7.46   34.10 1026.00  189.00   55.40   1.6384   1.5179  -1.3897   1.6363   0.4773   0.1695   8.0753
2005   378.07  1727.75   322.51   0.9105    483.85    8.6700    299.20    7.56   33.40 1037.00  191.00   54.10   1.6871   1.5699  -1.3675   1.6604   0.4773   0.1730   8.0737
2006   379.78  1729.90   323.64   0.9416    492.60    8.7500    302.80    7.66   32.70 1046.00  193.00   52.90   1.7354   1.6216  -1.3467   1.6845   0.4781   0.1765   8.0721
2007   381.50  1733.92   324.77   0.9730    501.42    8.8200    306.20    7.76   32.00 1057.00  194.00   51.70   1.7845   1.6740  -1.3260   1.7087   0.4797   0.1801   8.0704
2008   383.24  1739.67   325.92   1.0048    510.32    8.9000    309.80    7.86   31.30 1067.00  196.00   50.50   1.8347   1.7276  -1.3050   1.7329   0.4818   0.1837   8.0688
2009   384.98  1746.98   327.08   1.0370    519.28    8.9600    313.30    7.95   30.60 1077.00  197.00   49.30   1.8856   1.7818  -1.2839   1.7571   0.4846   0.1873   8.0671
2010   386.73  1755.69   328.24   1.0697    528.31    9.0300    316.80    8.05   29.90 1087.00  198.00   48.10   1.9372   1.8369  -1.2626   1.7813   0.4878   0.1910   8.0655
2011   388.53  1766.18   329.42   1.1027    537.59    9.2800    323.20    8.19   29.60 1107.00  201.00   47.00   1.9899   1.8929  -1.2441   1.8061   0.4917   0.1946   8.0638
2012   390.42  1778.86   330.62   1.1362    547.13    9.5400    329.50    8.32   29.20 1128.00  205.00   46.00   2.0419   1.9483  -1.2275   1.8320   0.4965   0.1984   8.0621
2013   392.39  1793.58   331.83   1.1700    556.92    9.7900    335.90    8.45   28.80 1147.00  208.00   45.00   2.0955   2.0052  -1.2105   1.8588   0.5019   0.2021   8.0603
2014   394.43  1810.06   333.06   1.2045    566.96   10.0400    342.30    8.59   28.60 1168.00  210.00   44.00   2.1512   2.0642  -1.1937   1.8866   0.5080   0.2059   8.0584
2015   396.56  1828.14   334.31   1.2396    577.25   10.2900    348.60    8.72   28.20 1188.00  213.00   43.00   2.2073   2.1238  -1.1765   1.9153   0.5147   0.2098   8.0564
2016   398.76  1847.82   335.57   1.2752    587.78   10.5300    355.00    8.87   27.80 1209.00  216.00   42.00   2.2646   2.1844  -1.1594   1.9448   0.5219   0.2137   8.0544
2017   401.02  1868.89   336.85   1.3114    598.56   10.7800    361.30    9.00   27.50 1228.00  218.00   41.10   2.3216   2.2448  -1.1439   1.9751   0.5295   0.2177   8.0524
2018   403.36  1891.25   338.15   1.3484    609.59   11.0300    367.70    9.14   27.10 1249.00  221.00   40.00   2.3832   2.3097  -1.1244   2.0061   0.5376   0.2217   8.0503
2019   405.77  1914.89   339.46   1.3862    620.87   11.2800    374.10    9.27   26.80 1269.00  225.00   39.00   2.4445   2.3744  -1.1067   2.0379   0.5461   0.2257   8.0481
2020   408.25  1939.70   340.79   1.4246    632.40   11.5300    380.40    9.40   26.40 1289.00  228.00   38.00   2.5061   2.4394  -1.0889   2.0704   0.5549   0.2298   8.0459
2021   410.77  1964.95   342.12   1.4631    644.07   11.6703    383.53    9.43   26.00 1305.00  229.00   37.20   2.5641   2.5007  -1.0745   2.1032   0.5639   0.2339   8.0436
2022   413.32  1990.15   343.44   1.5020    655.92   11.8534    387.61    9.39   25.50 1321.00  230.00   36.30   2.6235   2.5635  -1.0579   2.1363   0.5728   0.2379   8.0414
2023   415.92  2015.94   344.73   1.5408    668.02   12.0960    394.00    9.22   25.10 1337.00  232.00   35.60   2.6800   2.6234  -1.0454   2.1698   0.5818   0.2418   8.0391
2024   418.59  2042.68   345.96   1.5802    680.34   12.3273    400.32    9.00   24.70 1354.00  234.00   34.70   2.7413   2.6880  -1.0287   2.2039   0.5911   0.2456   8.0368
2025   421.32  2070.27   347.15   1.6199    692.91   12.5666    406.51    8.88   24.30 1370.00  236.00   33.90   2.8012   2.7512  -1.0138   2.2386   0.6006   0.2492   8.0344
2026   424.11  2098.62   348.31   1.6600    705.70   12.7843    412.83    8.85   23.90 1386.00  237.00   33.10   2.8614   2.8149  -0.9989   2.2738   0.6103   0.2527   8.0320
2027   426.95  2127.72   349.47   1.7003    718.71   13.0100    418.89    8.91   23.40 1402.00  239.00   32.30   2.9219   2.8787  -0.9838   2.3094   0.6202   0.2562   8.0296
2028   429.85  2157.51   350.63   1.7410    731.95   13.2433    424.99    9.04   23.00 1418.00  241.00   31.50   2.9835   2.9436  -0.9686   2.3456   0.6303   0.2597   8.0271
2029   432.80  2187.96   351.80   1.7824    745.41   13.4645    431.02    9.11   22.50 1434.00  243.00   30.60   3.0473   3.0108  -0.9512   2.3822   0.6405   0.2633   8.0246
2030   435.82  2218.92   352.98   1.8241    759.11   13.6928    436.87    9.17   22.20 1450.00  244.00   29.80   3.1103   3.0772  -0.9357   2.4192   0.6508   0.2668   8.0220
2031   438.88  2250.30   354.16   1.8661    773.01   13.8987    442.94    9.25   21.90 1470.00  245.00   29.20   3.1727   3.1395  -0.9250   2.4566   0.6611   0.2703   8.0195
2032   441.99  2282.09   355.34   1.9084    787.11   14.1015    448.73    9.31   21.70 1490.00  246.00   28.60   3.2361   3.2030  -0.9141   2.4943   0.6716   0.2739   8.0169
2033   445.15  2314.22   356.52   1.9511    801.41   14.3010    454.63    9.37   21.40 1509.00  247.00   28.00   3.2997   3.2665  -0.9031   2.5323   0.6820   0.2774   8.0143
2034   448.35  2346.67   357.71   1.9944    815.90   14.4970    460.24    9.44   21.20 1529.00  248.00   27.30   3.3664   3.3333  -0.8899   2.5706   0.6925   0.2810   8.0116
2035   451.60  2379.38   358.90   2.0380    830.59   14.6891    465.85    9.49   20.90 1549.00  249.00   26.70   3.4308   3.3977  -0.8789   2.6091   0.7030   0.2846   8.0090
2036   454.89  2412.29   360.09   2.0823    845.47   14.8770    471.36    9.56   20.80 1568.00  250.00   26.00   3.4989   3.4658  -0.8654   2.6478   0.7135   0.2881   8.0063
2037   458.21  2445.36   361.28   2.1268    860.53   15.0605    476.77    9.62   20.50 1588.00  251.00   25.40   3.5640   3.5308  -0.8542   2.6867   0.7240   0.2917   8.0036
2038   461.58  2478.63   362.48   2.1716    875.77   15.2390    482.06    9.67   20.30 1608.00  252.00   24.80   3.6299   3.5967  -0.8428   2.7258   0.7345   0.2952   8.0009
2039   464.99  2512.01   363.67   2.2166    891.18   15.4121    487.24    9.73   20.00 1628.00  252.00   24.20   3.6953   3.6622  -0.8314   2.7650   0.7449   0.2987   7.9982
2040   468.43  2545.48   364.87   2.2621    906.76   15.5796    492.20    9.79   19.80 1647.00  254.00   23.50   3.7642   3.7311  -0.8176   2.8044   0.7553   0.3023   7.9955
2041   471.90  2578.92   366.06   2.3073    922.49   15.7307    497.22    9.79   19.60 1661.00  254.00   23.20   3.8239   3.7907  -0.8122   2.8438   0.7656   0.3058   7.9928
2042   475.39  2612.24   367.24   2.3525    938.35   15.8557    502.21    9.80   19.40 1676.00  254.00   22.70   3.8879   3.8548  -0.8024   2.8832   0.7758   0.3093   7.9901
2043   478.91  2645.32   368.41   2.3975    954.33   15.9828    506.97    9.80   19.40 1690.00  254.00   22.40   3.9480   3.9149  -0.7970   2.9225   0.7858   0.3128   7.9873
2044   482.44  2678.13   369.57   2.4423    970.43   16.1026    511.59    9.81   19.20 1705.00  254.00   22.00   4.0091   3.9759  -0.7894   2.9617   0.7957   0.3162   7.9846
2045   485.99  2710.70   370.72   2.4869    986.65   16.2132    516.07    9.82   19.10 1719.00  254.00   21.70   4.0680   4.0349  -0.7839   3.0008   0.8055   0.3196   7.9819
2046   489.55  2743.00   371.87   2.5311   1002.95   16.3052    520.39    9.82   18.90 1734.00  254.00   21.40   4.1260   4.0929  -0.7786   3.0398   0.8151   0.3229   7.9792
2047   493.12  2775.04   373.00   2.5755   1019.36   16.4064    524.66    9.83   18.80 1748.00  254.00   21.00   4.1866   4.1534  -0.7708   3.0786   0.8246   0.3262   7.9765
2048   496.69  2806.78   374.13   2.6198   1035.84   16.4775    528.69    9.83   18.60 1763.00  254.00   20.60   4.2461   4.2130  -0.7630   3.1171   0.8340   0.3295   7.9738
2049   500.27  2838.27   375.24   2.6640   1052.39   16.5559    532.65    9.84   18.40 1777.00  254.00   20.20   4.3053   4.2721  -0.7551   3.1555   0.8432   0.3328   7.9712
2050   503.85  2869.46   376.35   2.7080   1068.99   16.6026    536.35    9.84   18.30 1792.00  255.00   19.90   4.3621   4.3290  -0.7496   3.1935   0.8523   0.3360   7.9685
2051   507.44  2900.04   377.44   2.7515   1085.73   16.7403    539.63    9.83   18.20 1798.00  253.00   19.70   4.4163   4.3832  -0.7455   3.2314   0.8611   0.3392   7.9659
2052   511.07  2929.88   378.53   2.7946   1102.60   16.8610    542.91    9.82   18.00 1805.00  252.00   19.50   4.4698   4.4367  -0.7415   3.2694   0.8697   0.3424   7.9632
2053   514.71  2959.03   379.60   2.8373   1119.56   16.9632    545.94    9.80   17.90 1812.00  251.00   19.30   4.5236   4.4904  -0.7375   3.3074   0.8781   0.3455   7.9606
2054   518.37  2987.42   380.65   2.8800   1136.60   17.0454    548.81    9.80   17.80 1818.00  250.00   19.00   4.5794   4.5462  -0.7309   3.3452   0.8862   0.3485   7.9579
2055   522.04  3015.05   381.70   2.9224   1153.70   17.0957    551.50    9.79   17.70 1826.00  249.00   18.80   4.6321   4.5990  -0.7270   3.3828   0.8940   0.3516   7.9553
2056   525.70  3041.90   382.74   2.9645   1170.83   17.1324    554.02    9.77   17.60 1833.00  247.00   18.60   4.6842   4.6510  -0.7230   3.4201   0.9016   0.3546   7.9527
2057   529.35  3067.92   383.76   3.0062   1187.98   17.1435    556.46    9.76   17.60 1839.00  246.00   18.40   4.7362   4.7031  -0.7188   3.4570   0.9089   0.3575   7.9501
2058   532.97  3093.12   384.77   3.0477   1205.10   17.1268    558.64    9.75   17.50 1846.00  245.00   18.20   4.7869   4.7538  -0.7147   3.4934   0.9160   0.3604   7.9476
2059   536.56  3117.58   385.77   1.5000   1222.18   17.0799    560.64    9.72   17.40 1853.00  244.00   18.00   4.8367   4.8036  -0.7106   3.5293   0.9228   0.3633   7.9451
2060   540.11  3141.31   386.75   1.5000   1239.18   17.0004    562.47    9.71   17.20 1859.00  243.00   17.80   4.8851   4.8519  -0.7064   3.5644   0.9294   0.3661   7.9426
2061   543.57  3163.90   387.72   1.5000   1255.97   16.7881    561.94    9.69   17.10 1864.00  242.00   17.70   4.9301   4.8970  -0.7045   3.5986   0.9356   0.3689   7.9402
2062   546.92  3184.89   388.68   1.5000   1272.51   16.5421    561.19    9.66   17.00 1868.00  241.00   17.60   4.9733   4.9402  -0.7025   3.6314   0.9414   0.3717   7.9379
2063   550.15  3204.23   389.62   1.5000   1288.77   16.2597    560.38    9.64   17.00 1873.00  238.00   17.50   5.0147   4.9815  -0.7007   3.6628   0.9467   0.3744   7.9357
2064   553.24  3221.97   390.55   1.5000   1304.71   15.9381    559.35    9.61   16.90 1877.00  237.00   17.40   5.0537   5.0206  -0.6986   3.6926   0.9516   0.3770   7.9336
2065   556.17  3238.29   391.47   1.5000   1320.29   15.5740    558.27    9.59   16.80 1881.00  236.00   17.40   5.0881   5.0550  -0.6991   3.7209   0.9561   0.3796   7.9316
2066   558.95  3253.19   392.37   1.5000   1335.46   15.1743    556.98    9.56   16.80 1885.00  235.00   17.30   5.1234   5.0902  -0.6971   3.7474   0.9601   0.3822   7.9297
2067   561.54  3266.68   393.26   1.5000   1350.17   14.7153    555.63    9.53   16.70 1889.00  233.00   17.20   5.1556   5.1224  -0.6951   3.7721   0.9638   0.3848   7.9280
2068   563.93  3278.88   394.13   1.5000   1364.38   14.2032    554.16    9.50   16.60 1894.00  232.00   17.10   5.1854   5.1522  -0.6932   3.7948   0.9671   0.3872   7.9264
2069   566.10  3289.87   394.99   1.5000   1378.01   13.6342    552.48    9.47   16.50 1898.00  231.00   17.00   5.2126   5.1795  -0.6912   3.8153   0.9701   0.3897   7.9249
2070   568.03  3299.62   395.84   1.5000   1391.02   13.0041    550.75    9.44   16.50 1903.00  230.00   16.90   5.2375   5.2044  -0.6893   3.8335   0.9727   0.3921   7.9237
2071   569.69  3308.05   396.67   1.5000   1403.30   12.2858    548.89    9.39   16.30 1898.00  227.00   16.80   5.2587   5.2256  -0.6862   3.8491   0.9750   0.3944   7.9226
2072   571.06  3315.06   397.48   1.5000   1414.80   11.5005    546.91    9.35   16.20 1892.00  225.00   16.60   5.2798   5.2467  -0.6806   3.8619   0.9769   0.3968   7.9217
2073   572.11  3320.62   398.28   1.5000   1425.46   10.6602    544.80    9.31   16.10 1888.00  221.00   16.60   5.2920   5.2588  -0.6801   3.8717   0.9784   0.3990   7.9210
2074   572.82  3324.80   399.06   1.5000   1435.22    9.7549    542.57    9.27   16.00 1883.00  219.00   16.50   5.3034   5.2702  -0.6770   3.8783   0.9795   0.4012   7.9205
2075   573.17  3327.67   399.82   1.5000   1443.99    8.7731    540.21    9.22   15.90 1878.00  216.00   16.40   5.3108   5.2777  -0.6740   3.8816   0.9803   0.4034   7.9203
2076   573.14  3329.26   400.57   1.5000   1451.74    7.7521    537.66    9.17   15.80 1873.00  214.00   16.40   5.3120   5.2788  -0.6734   3.8813   0.9807   0.4055   7.9203
2077   572.73  3329.71   401.30   1.5000   1458.44    6.6947    535.06    9.13   15.60 1868.00  212.00   16.30   5.3111   5.2779  -0.6703   3.8775   0.9808   0.4075   7.9206
2078   571.93  3329.03   402.01   1.5000   1464.06    5.6259    532.34    9.09   15.50 1864.00  209.00   16.20   5.3064   5.2733  -0.6674   3.8700   0.9806   0.4096   7.9211
2079   570.74  3327.19   402.71   1.5000   1468.64    4.5771    529.51    9.04   15.40 1858.00  207.00   16.20   5.2956   5.2624  -0.6667   3.8589   0.9801   0.4115   7.9219
2080   569.21  3324.22   403.39   1.5000   1472.24    3.5998    526.55    9.00   15.30 1854.00  204.00   16.00   5.2857   5.2526  -0.6612   3.8446   0.9793   0.4135   7.9229
2081   567.37  3320.07   404.06   1.5000   1474.94    2.6992    523.00    8.94   15.20 1847.00  202.00   16.00   5.2678   5.2346  -0.6604   3.8272   0.9782   0.4153   7.9241
2082   565.25  3314.68   404.71   1.5000   1476.84    1.8956    519.26    8.90   15.00 1840.00  199.00   16.00   5.2461   5.2130  -0.6596   3.8073   0.9768   0.4172   7.9255
2083   562.91  3307.95   405.35   1.5000   1478.01    1.1749    515.43    8.85   15.00 1833.00  195.00   15.90   5.2252   5.1921  -0.6563   3.7852   0.9750   0.4189   7.9271
2084   560.39  3299.88   405.97   1.5000   1478.55    0.5439    511.42    8.80   14.90 1826.00  192.00   15.90   5.1990   5.1659  -0.6555   3.7612   0.9728   0.4207   7.9288
2085   557.71  3290.60   406.57   1.5000   1478.53   -0.0212    507.38    8.76   14.90 1820.00  190.00   15.80   5.1740   5.1408  -0.6523   3.7356   0.9703   0.4224   7.9306
2086   554.91  3280.15   407.16   1.5000   1478.00   -0.5307    503.30    8.70   14.80 1812.00  186.00   15.70   5.1465   5.1134  -0.6489   3.7088   0.9674   0.4240   7.9324
2087   552.01  3268.61   407.73   1.5000   1477.01   -0.9952    499.05    8.66   14.60 1806.00  183.00   15.70   5.1145   5.0814  -0.6482   3.6808   0.9643   0.4256   7.9344
2088   549.02  3256.04   408.29   1.5000   1475.58   -1.4231    494.70    8.61   14.60 1799.00  180.00   15.60   5.0847   5.0516  -0.6449   3.6518   0.9609   0.4272   7.9364
2089   545.96  3242.38   408.83   1.5000   1473.75   -1.8301    490.25    8.55   14.50 1792.00  177.00   15.60   5.0506   5.0175  -0.6441   3.6220   0.9572   0.4287   7.9385
2090   542.84  3227.73   409.35   1.5000   1471.55   -2.2019    485.63    8.50   14.40 1785.00  174.00   15.50   5.0179   4.9847  -0.6407   3.5913   0.9532   0.4302   7.9407
2091   539.66  3212.10   409.86   1.5000   1469.00   -2.5526    480.61    8.45   14.50 1784.00  173.00   15.50   4.9824   4.9492  -0.6406   3.5600   0.9489   0.4316   7.9429
2092   536.44  3195.56   410.36   1.5000   1466.11   -2.8860    475.45    8.40   14.50 1782.00  172.00   15.40   4.9480   4.9148  -0.6379   3.5280   0.9444   0.4330   7.9451
2093   533.17  3178.18   410.84   1.5000   1462.91   -3.2040    470.14    8.34   14.50 1781.00  171.00   15.40   4.9100   4.8769  -0.6378   3.4954   0.9396   0.4343   7.9474
2094   529.87  3160.00   411.30   1.5000   1459.40   -3.5095    464.80    8.29   14.50 1780.00  170.00   15.30   4.8737   4.8406  -0.6351   3.4623   0.9346   0.4356   7.9497
2095   526.54  3141.08   411.75   1.5000   1455.59   -3.8134    459.38    8.24   14.50 1778.00  170.00   15.30   4.8342   4.8010  -0.6349   3.4286   0.9293   0.4368   7.9521
2096   523.17  3121.36   412.18   1.5000   1451.49   -4.0976    453.88    8.18   14.60 1777.00  168.00   15.20   4.7965   4.7633  -0.6323   3.3944   0.9239   0.4381   7.9545
2097   519.78  3100.82   412.60   1.5000   1447.11   -4.3743    448.23    8.13   14.60 1776.00  167.00   15.20   4.7550   4.7218  -0.6321   3.3596   0.9181   0.4392   7.9569
2098   516.36  3079.56   413.01   1.5000   1442.47   -4.6427    442.55    8.07   14.70 1774.00  167.00   15.10   4.7159   4.6828  -0.6294   3.3244   0.9122   0.4403   7.9594
2099   512.92  3057.61   413.39   1.5000   1437.57   -4.9058    436.79    8.02   14.60 1772.00  165.00   15.10   4.6723   4.6392  -0.6291   3.2888   0.9060   0.4414   7.9619
2100   509.49  3035.03   413.77   1.5000   1432.52   -5.0444    430.89    7.97   14.60 1772.00  164.00   14.90   4.6338   4.6006  -0.6241   3.2529   0.8997   0.4425   7.9644
2101   506.12  3011.61   414.12   1.5000   1427.48   -5.0444    423.45    7.90   14.60 1772.00  164.00   14.90   4.5903   4.5572  -0.6241   3.2175   0.8931   0.4434   7.9668
2102   502.84  2987.19   414.46   1.5000   1422.43   -5.0444    415.99    7.83   14.60 1772.00  164.00   14.90   4.5472   4.5140  -0.6241   3.1828   0.8861   0.4444   7.9693
2103   499.64  2961.81   414.78   1.5000   1417.39   -5.0444    408.50    7.76   14.60 1772.00  164.00   14.90   4.5042   4.4710  -0.6241   3.1487   0.8789   0.4453   7.9716
2104   496.52  2935.55   415.08   1.5000   1412.34   -5.0444    400.97    7.69   14.60 1772.00  164.00   14.90   4.4614   4.4282  -0.6241   3.1152   0.8714   0.4461   7.9740
2105   493.47  2908.46   415.37   1.5000   1407.30   -5.0444    393.41    7.62   14.60 1772.00  164.00   14.90   4.4188   4.3856  -0.6241   3.0824   0.8636   0.4469   7.9762
2106   490.49  2880.58   415.64   1.5000   1402.26   -5.0444    385.82    7.55   14.60 1772.00  164.00   14.90   4.3763   4.3432  -0.6241   3.0501   0.8555   0.4477   7.9785
2107   487.58  2851.97   415.89   1.5000   1397.21   -5.0444    378.21    7.48   14.60 1772.00  164.00   14.90   4.3340   4.3009  -0.6241   3.0183   0.8472   0.4484   7.9807
2108   484.73  2822.67   416.14   1.5000   1392.17   -5.0444    370.57    7.48   14.60 1772.00  164.00   14.90   4.2919   4.2588  -0.6241   2.9870   0.8386   0.4490   7.9829
2109   481.95  2792.73   416.38   1.5000   1387.12   -5.0444    362.90    7.48   14.60 1772.00  164.00   14.90   4.2500   4.2168  -0.6241   2.9563   0.8298   0.4497   7.9850
2110   479.22  2762.19   416.62   1.5000   1382.08   -5.0444    355.20    7.48   14.60 1772.00  164.00   14.90   4.2082   4.1751  -0.6241   2.9260   0.8208   0.4504   7.9871
2111   476.55  2731.08   416.86   1.5000   1377.03   -5.0444    347.46    7.48   14.60 1772.00  164.00   14.90   4.1666   4.1334  -0.6241   2.8962   0.8116   0.4510   7.9892
2112   473.93  2699.44   417.09   1.5000   1371.99   -5.0444    339.71    7.48   14.60 1772.00  164.00   14.90   4.1251   4.0920  -0.6241   2.8668   0.8021   0.4517   7.9912
2113   471.37  2667.30   417.33   1.5000   1366.94   -5.0444    331.92    7.48   14.60 1772.00  164.00   14.90   4.0838   4.0506  -0.6241   2.8378   0.7925   0.4523   7.9932
2114   468.86  2634.70   417.56   1.5000   1361.90   -5.0444    324.10    7.48   14.60 1772.00  164.00   14.90   4.0426   4.0095  -0.6241   2.8093   0.7826   0.4530   7.9952
2115   466.39  2601.67   417.79   1.5000   1356.86   -5.0444    316.25    7.48   14.60 1772.00  164.00   14.90   4.0015   3.9684  -0.6241   2.7811   0.7725   0.4536   7.9971
2116   463.97  2568.23   418.01   1.5000   1351.81   -5.0444    308.38    7.48   14.60 1772.00  164.00   14.90   3.9606   3.9274  -0.6241   2.7534   0.7623   0.4542   7.9990
2117   461.60  2534.42   418.24   1.5000   1346.77   -5.0444    300.49    7.48   14.60 1772.00  164.00   14.90   3.9198   3.8866  -0.6241   2.7260   0.7518   0.4548   8.0009
2118   459.27  2500.25   418.46   1.5000   1341.72   -5.0444    292.55    7.48   14.60 1772.00  164.00   14.90   3.8790   3.8459  -0.6241   2.6989   0.7412   0.4555   8.0028
2119   456.98  2465.75   418.68   1.5000   1336.68   -5.0444    284.58    7.48   14.60 1772.00  164.00   14.90   3.8384   3.8053  -0.6241   2.6723   0.7304   0.4561   8.0046
2120   454.73  2430.95   418.90   1.5000   1331.63   -5.0444    276.60    7.48   14.60 1772.00  164.00   14.90   3.7979   3.7647  -0.6241   2.6460   0.7195   0.4567   8.0064
2121   452.52  2395.86   419.12   1.5000   1326.59   -5.0444    268.58    7.48   14.60 1772.00  164.00   14.90   3.7574   3.7243  -0.6241   2.6200   0.7083   0.4573   8.0082
2122   450.35  2360.50   419.33   1.5000   1321.54   -5.0444    260.52    7.48   14.60 1772.00  164.00   14.90   3.7171   3.6839  -0.6241   2.5943   0.6970   0.4579   8.0100
2123   448.22  2324.90   419.54   1.5000   1316.50   -5.0444    252.46    7.48   14.60 1772.00  164.00   14.90   3.6767   3.6436  -0.6241   2.5689   0.6855   0.4584   8.0118
2124   446.12  2289.14   419.75   1.5000   1311.46   -5.0444    244.74    7.48   14.60 1772.00  164.00   14.90   3.6365   3.6034  -0.6241   2.5439   0.6739   0.4590   8.0135
2125   444.05  2254.65   419.96   1.5000   1306.41   -5.0444    244.74    7.48   14.60 1772.00  164.00   14.90   3.5970   3.5639  -0.6241   2.5191   0.6626   0.4596   8.0152
2126   442.02  2222.72   420.17   1.5000   1301.37   -5.0444    244.74    7.48   14.60 1772.00  164.00   14.90   3.5588   3.5256  -0.6241   2.4947   0.6520   0.4602   8.0169
2127   440.02  2193.15   420.37   1.5000   1296.32   -5.0444    244.74    7.48   14.60 1772.00  164.00   14.90   3.5217   3.4886  -0.6241   2.4705   0.6422   0.4607   8.0185
2128   438.06  2165.78   420.58   1.5000   1291.28   -5.0444    244.74    7.48   14.60 1772.00  164.00   14.90   3.4858   3.4527  -0.6241   2.4466   0.6330   0.4613   8.0202
2129   436.12  2140.45   420.78   1.5000   1286.23   -5.0444    244.74    7.48   14.60 1772.00  164.00   14.90   3.4510   3.4179  -0.6241   2.4229   0.6245   0.4618   8.0218
2130   434.22  2117.02   420.98   1.5000   1281.19   -5.0444    244.74    7.48   14.60 1772.00  164.00   14.90   3.4172   3.3841  -0.6241   2.3996   0.6166   0.4624   8.0234
2131   432.34  2095.35   421.17   1.5000   1276.15   -5.0444    244.74    7.48   14.60 1772.00  164.00   14.90   3.3844   3.3513  -0.6241   2.3764   0.6092   0.4629   8.0250
2132   430.49  2075.31   421.37   1.5000   1271.10   -5.0444    244.74    7.48   14.60 1772.00  164.00   14.90   3.3525   3.3194  -0.6241   2.3536   0.6023   0.4635   8.0265
2133   428.67  2056.77   421.56   1.5000   1266.06   -5.0444    244.74    7.48   14.60 1772.00  164.00   14.90   3.3215   3.2883  -0.6241   2.3309   0.5959   0.4640   8.0281
2134   426.88  2039.64   421.76   1.5000   1261.01   -5.0444    244.74    7.48   14.60 1772.00  164.00   14.90   3.2913   3.2581  -0.6241   2.3086   0.5900   0.4645   8.0296
2135   425.11  2023.81   421.95   1.5000   1255.97   -5.0444    244.74    7.48   14.60 1772.00  164.00   14.90   3.2618   3.2287  -0.6241   2.2864   0.5845   0.4651   8.0311
2136   423.36  2009.18   422.13   1.5000   1250.92   -5.0444    244.74    7.48   14.60 1772.00  164.00   14.90   3.2331   3.2000  -0.6241   2.2645   0.5794   0.4656   8.0326
2137   421.65  1995.66   422.32   1.5000   1245.88   -5.0444    244.74    7.48   14.60 1772.00  164.00   14.90   3.2052   3.1720  -0.6241   2.2427   0.5747   0.4661   8.0341
2138   419.95  1983.17   422.51   1.5000   1240.83   -5.0444    244.74    7.48   14.60 1772.00  164.00   14.90   3.1778   3.1447  -0.6241   2.2212   0.5703   0.4666   8.0356
2139   418.28  1971.63   422.69   1.5000   1235.79   -5.0444    244.74    7.48   14.60 1772.00  164.00   14.90   3.1511   3.1180  -0.6241   2.2000   0.5662   0.4671   8.0370
2140   416.63  1960.98   422.87   1.5000   1230.75   -5.0444    244.74    7.48   14.60 1772.00  164.00   14.90   3.1251   3.0919  -0.6241   2.1789   0.5625   0.4676   8.0385
2141   415.01  1951.14   423.05   1.5000   1225.70   -5.0444    244.74    7.48   14.60 1772.00  164.00   14.90   3.0995   3.0664  -0.6241   2.1580   0.5590   0.4681   8.0399
2142   413.40  1942.05   423.23   1.5000   1220.66   -5.0444    244.74    7.48   14.60 1772.00  164.00   14.90   3.0746   3.0414  -0.6241   2.1373   0.5558   0.4686   8.0413
2143   411.82  1933.66   423.41   1.5000   1215.61   -5.0444    244.74    7.48   14.60 1772.00  164.00   14.90   3.0501   3.0169  -0.6241   2.1168   0.5528   0.4691   8.0427
2144   410.25  1925.91   423.58   1.5000   1210.57   -5.0444    244.74    7.48   14.60 1772.00  164.00   14.90   3.0261   2.9930  -0.6241   2.0965   0.5500   0.4696   8.0441
2145   408.71  1918.76   423.76   1.5000   1205.52   -5.0444    244.74    7.48   14.60 1772.00  164.00   14.90   3.0026   2.9694  -0.6241   2.0764   0.5475   0.4700   8.0455
2146   407.19  1912.16   423.93   1.5000   1200.48   -5.0444    244.74    7.48   14.60 1772.00  164.00   14.90   2.9795   2.9463  -0.6241   2.0565   0.5451   0.4705   8.0468
2147   405.69  1906.07   424.10   1.5000   1195.43   -5.0444    244.74    7.48   14.60 1772.00  164.00   14.90   2.9568   2.9237  -0.6241   2.0368   0.5429   0.4710   8.0482
2148   404.20  1900.45   424.27   1.5000   1190.39   -5.0444    244.74    7.48   14.60 1772.00  164.00   14.90   2.9345   2.9014  -0.6241   2.0172   0.5409   0.4714   8.0495
2149   402.73  1895.26   424.43   1.5000   1185.35   -5.0444    244.74    7.48   14.60 1772.00  164.00   14.90   2.9126   2.8795  -0.6241   1.9978   0.5390   0.4719   8.0508
2150   401.28  1890.47   424.60   1.5000   1180.30   -5.0444    244.74    7.48   14.60 1772.00  164.00   14.90   2.8911   2.8580  -0.6241   1.9785   0.5373   0.4723   8.0521
2151   399.85  1886.05   424.76   1.5000   1175.26   -5.0444    244.74    7.48   14.60 1772.00  164.00   14.90   2.8699   2.8368  -0.6241   1.9595   0.5357   0.4728   8.0534
2152   398.44  1881.97   424.93   1.5000   1170.21   -5.0444    244.74    7.48   14.60 1772.00  164.00   14.90   2.8490   2.8159  -0.6241   1.9406   0.5343   0.4732   8.0547
2153   397.04  1878.21   425.09   1.5000   1165.17   -5.0444    244.74    7.48   14.60 1772.00  164.00   14.90   2.8285   2.7953  -0.6241   1.9218   0.5329   0.4737   8.0560
2154   395.66  1874.74   425.25   1.5000   1160.12   -5.0444    244.74    7.48   14.60 1772.00  164.00   14.90   2.8082   2.7751  -0.6241   1.9032   0.5316   0.4741   8.0572
2155   394.30  1871.53   425.40   1.5000   1155.08   -5.0444    244.74    7.48   14.60 1772.00  164.00   14.90   2.7882   2.7551  -0.6241   1.8848   0.5305   0.4746   8.0585
2156   392.95  1868.58   425.56   1.5000   1150.04   -5.0444    244.74    7.48   14.60 1772.00  164.00   14.90   2.7685   2.7354  -0.6241   1.8665   0.5294   0.4750   8.0597
2157   391.61  1865.85   425.72   1.5000   1144.99   -5.0444    244.74    7.48   14.60 1772.00  164.00   14.90   2.7491   2.7159  -0.6241   1.8483   0.5284   0.4754   8.0610
2158   390.30  1863.34   425.87   1.5000   1139.95   -5.0444    244.74    7.48   14.60 1772.00  164.00   14.90   2.7299   2.6967  -0.6241   1.8303   0.5275   0.4758   8.0622
2159   388.99  1861.02   426.02   1.5000   1134.90   -5.0444    244.74    7.48   14.60 1772.00  164.00   14.90   2.7109   2.6777  -0.6241   1.8125   0.5267   0.4762   8.0634
2160   387.70  1858.88   426.17   1.5000   1129.86   -5.0444    244.74    7.48   14.60 1772.00  164.00   14.90   2.6921   2.6590  -0.6241   1.7947   0.5259   0.4767   8.0646
2161   386.43  1856.90   426.32   1.5000   1124.81   -5.0444    244.74    7.48   14.60 1772.00  164.00   14.90   2.6736   2.6405  -0.6241   1.7772   0.5252   0.4771   8.0658
2162   385.17  1855.08   426.47   1.5000   1119.77   -5.0444    244.74    7.48   14.60 1772.00  164.00   14.90   2.6553   2.6222  -0.6241   1.7597   0.5245   0.4775   8.0670
2163   383.92  1853.40   426.62   1.5000   1114.72   -5.0444    244.74    7.48   14.60 1772.00  164.00   14.90   2.6372   2.6041  -0.6241   1.7424   0.5239   0.4779   8.0681
2164   382.68  1851.85   426.76   1.5000   1109.68   -5.0444    244.74    7.48   14.60 1772.00  164.00   14.90   2.6193   2.5862  -0.6241   1.7252   0.5233   0.4783   8.0693
2165   381.46  1850.42   426.91   1.5000   1104.64   -5.0444    244.74    7.48   14.60 1772.00  164.00   14.90   2.6016   2.5684  -0.6241   1.7081   0.5228   0.4787   8.0705
2166   380.25  1849.10   427.05   1.5000   1099.59   -5.0444    244.74    7.48   14.60 1772.00  164.00   14.90   2.5840   2.5509  -0.6241   1.6912   0.5223   0.4791   8.0716
2167   379.06  1847.89   427.19   1.5000   1094.55   -5.0444    244.74    7.48   14.60 1772.00  164.00   14.90   2.5667   2.5335  -0.6241   1.6744   0.5219   0.4794   8.0727
2168   377.87  1846.77   427.33   1.5000   1089.50   -5.0444    244.74    7.48   14.60 1772.00  164.00   14.90   2.5495   2.5163  -0.6241   1.6577   0.5215   0.4798   8.0739
2169   376.70  1845.73   427.47   1.5000   1084.46   -5.0444    244.74    7.48   14.60 1772.00  164.00   14.90   2.5324   2.4993  -0.6241   1.6411   0.5211   0.4802   8.0750
2170   375.54  1844.78   427.61   1.5000   1079.41   -5.0444    244.74    7.48   14.60 1772.00  164.00   14.90   2.5155   2.4824  -0.6241   1.6246   0.5207   0.4806   8.0761
2171   374.39  1843.90   427.74   1.5000   1074.37   -5.0444    244.74    7.48   14.60 1772.00  164.00   14.90   2.4988   2.4657  -0.6241   1.6083   0.5204   0.4810   8.0772
2172   373.26  1843.09   427.88   1.5000   1069.32   -5.0444    244.74    7.48   14.60 1772.00  164.00   14.90   2.4822   2.4491  -0.6241   1.5921   0.5201   0.4813   8.0783
2173   372.13  1842.34   428.01   1.5000   1064.28   -5.0444    244.74    7.48   14.60 1772.00  164.00   14.90   2.4658   2.4327  -0.6241   1.5759   0.5199   0.4817   8.0794
2174   371.02  1841.65   428.15   1.5000   1059.24   -5.0444    244.74    7.48   14.60 1772.00  164.00   14.90   2.4495   2.4164  -0.6241   1.5599   0.5196   0.4821   8.0805
2175   369.91  1841.01   428.28   1.5000   1054.19   -5.0444    244.74    7.48   14.60 1772.00  164.00   14.90   2.4333   2.4002  -0.6241   1.5440   0.5194   0.4824   8.0815
2176   368.82  1840.42   428.41   1.5000   1049.15   -5.0444    244.74    7.48   14.60 1772.00  164.00   14.90   2.4173   2.3842  -0.6241   1.5282   0.5192   0.4828   8.0826
2177   367.74  1839.88   428.54   1.5000   1044.10   -5.0444    244.74    7.48   14.60 1772.00  164.00   14.90   2.4014   2.3683  -0.6241   1.5125   0.5190   0.4831   8.0837
2178   366.66  1839.38   428.66   1.5000   1039.06   -5.0444    244.74    7.48   14.60 1772.00  164.00   14.90   2.3856   2.3525  -0.6241   1.4969   0.5188   0.4835   8.0847
2179   365.60  1838.92   428.79   1.5000   1034.01   -5.0444    244.74    7.48   14.60 1772.00  164.00   14.90   2.3700   2.3368  -0.6241   1.4814   0.5186   0.4838   8.0858
2180   364.55  1838.50   428.92   1.5000   1028.97   -5.0444    244.74    7.48   14.60 1772.00  164.00   14.90   2.3544   2.3213  -0.6241   1.4660   0.5185   0.4842   8.0868
2181   363.50  1838.10   429.04   1.5000   1023.93   -5.0444    244.74    7.48   14.60 1772.00  164.00   14.90   2.3390   2.3058  -0.6241   1.4507   0.5183   0.4845   8.0878
2182   362.47  1837.74   429.16   1.5000   1018.88   -5.0444    244.74    7.48   14.60 1772.00  164.00   14.90   2.3237   2.2905  -0.6241   1.4355   0.5182   0.4848   8.0888
2183   361.44  1837.41   429.29   1.5000   1013.84   -5.0444    244.74    7.48   14.60 1772.00  164.00   14.90   2.3085   2.2753  -0.6241   1.4204   0.5181   0.4852   8.0899
2184   360.43  1837.10   429.41   1.5000   1008.79   -5.0444    244.74    7.48   14.60 1772.00  164.00   14.90   2.2933   2.2602  -0.6241   1.4053   0.5179   0.4855   8.0909
2185   359.42  1836.82   429.53   1.5000   1003.75   -5.0444    244.74    7.48   14.60 1772.00  164.00   14.90   2.2783   2.2452  -0.6241   1.3904   0.5178   0.4858   8.0919
2186   358.42  1836.56   429.64   1.5000    998.70   -5.0444    244.74    7.48   14.60 1772.00  164.00   14.90   2.2634   2.2303  -0.6241   1.3755   0.5177   0.4861   8.0929
2187   357.43  1836.32   429.76   1.5000    993.66   -5.0444    244.74    7.48   14.60 1772.00  164.00   14.90   2.2486   2.2155  -0.6241   1.3608   0.5177   0.4865   8.0939
2188   356.45  1836.09   429.88   1.5000    988.61   -5.0444    244.74    7.48   14.60 1772.00  164.00   14.90   2.2339   2.2008  -0.6241   1.3461   0.5176   0.4868   8.0948
2189   355.48  1835.89   429.99   1.5000    983.57   -5.0444    244.74    7.48   14.60 1772.00  164.00   14.90   2.2193   2.1862  -0.6241   1.3315   0.5175   0.4871   8.0958
2190   354.51  1835.70   430.11   1.5000    978.53   -5.0444    244.74    7.48   14.60 1772.00  164.00   14.90   2.2048   2.1716  -0.6241   1.3170   0.5174   0.4874   8.0968
2191   353.55  1835.52   430.22   1.5000    973.48   -5.0444    244.74    7.48   14.60 1772.00  164.00   14.90   2.1904   2.1572  -0.6241   1.3026   0.5174   0.4877   8.0978
2192   352.61  1835.36   430.33   1.5000    968.44   -5.0444    244.74    7.48   14.60 1772.00  164.00   14.90   2.1760   2.1429  -0.6241   1.2882   0.5173   0.4880   8.0987
2193   351.66  1835.22   430.44   1.5000    963.39   -5.0444    244.74    7.48   14.60 1772.00  164.00   14.90   2.1617   2.1286  -0.6241   1.2740   0.5173   0.4883   8.0997
2194   350.73  1835.08   430.55   1.5000    958.35   -5.0444    244.74    7.48   14.60 1772.00  164.00   14.90   2.1476   2.1144  -0.6241   1.2598   0.5172   0.4886   8.1006
2195   349.80  1834.95   430.66   1.5000    953.30   -5.0444    244.74    7.48   14.60 1772.00  164.00   14.90   2.1335   2.1003  -0.6241   1.2456   0.5172   0.4889   8.1016
2196   348.94  1836.26   430.79   1.5000    948.54   -4.7657    252.90    7.63   14.60 1772.00  164.00   14.90   2.1211   2.0880  -0.6241   1.2325   0.5176   0.4893   8.1025
2197   348.27  1841.76   430.96   1.5000    944.33   -4.2083    269.21    7.93   14.60 1772.00  164.00   14.90   2.1137   2.0806  -0.6241   1.2222   0.5196   0.4897   8.1031
2198   347.88  1853.96   431.20   1.5000    940.96   -3.3722    293.69    8.38   14.60 1772.00  164.00   14.90   2.1143   2.0812  -0.6241   1.2162   0.5241   0.4904   8.1035
2199   347.89  1875.14   431.55   1.5000    938.70   -2.2574    325.90    8.98   14.60 1772.00  164.00   14.90   2.1256   2.0924  -0.6241   1.2164   0.5318   0.4913   8.1035
2200   348.35  1904.53   432.01   1.5000    937.64   -1.0555    349.95    9.43   14.60 1772.00  164.00   14.90   2.1480   2.1148  -0.6241   1.2234   0.5424   0.4926   8.1031
2201   349.20  1938.65   432.54   1.5000    937.51   -0.1323    365.85    9.73   14.60 1772.00  164.00   14.90   2.1786   2.1454  -0.6241   1.2364   0.5546   0.4940   8.1022
2202   350.30  1974.29   433.11   1.5000    938.02    0.5122    373.59    9.88   14.60 1772.00  164.00   14.90   2.2136   2.1805  -0.6241   1.2532   0.5672   0.4956   8.1011
2203   351.52  2008.49   433.69   1.5000    938.90    0.8780    373.17    9.88   14.60 1772.00  164.00   14.90   2.2495   2.2164  -0.6241   1.2718   0.5792   0.4972   8.0998
2204   352.75  2038.51   434.26   1.5000    939.87    0.9651    364.59    9.73   14.60 1772.00  164.00   14.90   2.2833   2.2502  -0.6241   1.2904   0.5896   0.4987   8.0986
2205   353.87  2061.83   434.77   1.5000    940.64    0.7734    347.85    9.43   14.60 1772.00  164.00   14.90   2.3120   2.2788  -0.6241   1.3073   0.5977   0.5001   8.0974
2206   354.77  2076.08   435.19   1.5000    940.94    0.3031    322.96    8.98   14.60 1772.00  164.00   14.90   2.3329   2.2998  -0.6241   1.3210   0.6026   0.5012   8.0965
2207   355.36  2079.33   435.51   1.5000    940.50   -0.4459    291.16    8.43   14.60 1772.00  164.00   14.90   2.3438   2.3106  -0.6241   1.3298   0.6037   0.5021   8.0959
2208   355.54  2072.62   435.72   1.5000    939.02   -1.4736    267.53    7.97   14.60 1772.00  164.00   14.90   2.3435   2.3104  -0.6241   1.3325   0.6014   0.5026   8.0958
2209   355.22  2059.57   435.85   1.5000    936.31   -2.7189    252.06    7.66   14.60 1772.00  164.00   14.90   2.3328   2.2997  -0.6241   1.3277   0.5969   0.5030   8.0961
2210   354.45  2043.51   435.93   1.5000    932.62   -3.6854    244.74    7.50   14.60 1772.00  164.00   14.90   2.3138   2.2806  -0.6241   1.3161   0.5913   0.5032   8.0969
2211   353.37  2027.53   435.99   1.5000    928.24   -4.3760    245.58    7.48   14.60 1772.00  164.00   14.90   2.2900   2.2569  -0.6241   1.2997   0.5858   0.5034   8.0979
2212   352.10  2012.76   436.06   1.5000    923.45   -4.7901    244.74    7.62   14.60 1772.00  164.00   14.90   2.2642   2.2310  -0.6241   1.2806   0.5807   0.5036   8.0992
2213   350.79  2000.25   436.18   1.5000    918.53   -4.9255    252.06    7.91   14.60 1772.00  164.00   14.90   2.2386   2.2055  -0.6241   1.2606   0.5763   0.5039   8.1006
2214   349.53  1989.83   436.37   1.5000    913.75   -4.7822    251.22    8.35   14.60 1772.00  164.00   14.90   2.2151   2.1819  -0.6241   1.2415   0.5726   0.5044   8.1018
2215   348.33  1981.33   436.66   1.5000    908.83   -4.9175    258.53    8.83   14.60 1772.00  164.00   14.90   2.1935   2.1603  -0.6241   1.2231   0.5697   0.5052   8.1031
2216   347.17  1974.62   437.02   1.5000    904.05   -4.7742    257.69    9.16   14.60 1772.00  164.00   14.90   2.1735   2.1404  -0.6241   1.2054   0.5673   0.5062   8.1043
2217   346.13  1966.70   437.44   1.5000    899.48   -4.5793    248.69    9.33   14.60 1772.00  164.00   14.90   2.1548   2.1216  -0.6241   1.1893   0.5645   0.5073   8.1053
2218   345.13  1957.66   437.90   1.5000    894.81   -4.6630    247.85    9.62   14.60 1772.00  164.00   14.90   2.1363   2.1032  -0.6241   1.1739   0.5613   0.5085   8.1064
2219   344.18  1950.16   438.42   1.5000    890.34   -4.4681    253.58   10.03   14.60 1772.00  164.00   14.90   2.1194   2.0863  -0.6241   1.1592   0.5587   0.5099   8.1074
2220   343.28  1943.82   439.01   1.5000    885.79   -4.5518    251.15   10.28   14.60 1772.00  164.00   14.90   2.1039   2.0707  -0.6241   1.1451   0.5564   0.5115   8.1083
2221   342.29  1938.54   439.67   1.5000    880.88   -4.9143    256.88   10.68   14.60 1772.00  164.00   14.90   2.0877   2.0546  -0.6241   1.1298   0.5545   0.5133   8.1093
2222   341.23  1934.25   440.38   1.5000    875.88   -4.9980    254.45   10.94   14.60 1772.00  164.00   14.90   2.0710   2.0378  -0.6241   1.1133   0.5530   0.5152   8.1104
2223   340.22  1930.86   441.16   1.5000    871.08   -4.8030    260.18   11.34   14.60 1772.00  164.00   14.90   2.0555   2.0224  -0.6241   1.0974   0.5518   0.5173   8.1115
2224   339.38  1928.32   442.03   1.5000    866.75   -4.3294    257.75   11.89   14.60 1772.00  164.00   14.90   2.0432   2.0101  -0.6241   1.0841   0.5509   0.5196   8.1124
2225   338.68  1923.68   443.02   1.5000    862.61   -4.1344    247.17   12.60   14.60 1772.00  164.00   14.90   2.0327   1.9995  -0.6241   1.0732   0.5492   0.5223   8.1131
2226   338.01  1917.13   444.13   1.5000    858.40   -4.2182    244.74   13.16   14.60 1772.00  164.00   14.90   2.0218   1.9887  -0.6241   1.0626   0.5469   0.5253   8.1138
2227   337.37  1911.66   445.33   1.5000    854.37   -4.0232    250.47   13.59   14.60 1772.00  164.00   14.90   2.0121   1.9790  -0.6241   1.0524   0.5449   0.5285   8.1145
2228   336.75  1910.04   446.60   1.5000    850.26   -4.1070    264.36   13.89   14.60 1772.00  164.00   14.90   2.0048   1.9717  -0.6241   1.0426   0.5443   0.5319   8.1151
2229   336.03  1914.84   447.94   1.5000    845.80   -4.4694    286.40   14.34   14.60 1772.00  164.00   14.90   1.9992   1.9661  -0.6241   1.0312   0.5461   0.5355   8.1159
2230   335.23  1927.67   449.34   1.5000    841.24   -4.5531    312.35   14.67   14.60 1772.00  164.00   14.90   1.9963   1.9631  -0.6241   1.0184   0.5507   0.5392   8.1167
2231   334.46  1950.04   450.79   1.5000    836.88   -4.3582    346.46   14.90   14.60 1772.00  164.00   14.90   1.9985   1.9653  -0.6241   1.0062   0.5586   0.5431   8.1176
2232   333.72  1984.06   452.26   1.5000    832.44   -4.4419    388.72   14.97   14.60 1772.00  164.00   14.90   2.0067   1.9735  -0.6241   0.9945   0.5706   0.5470   8.1183
2233   332.90  2028.87   453.71   1.5000    827.64   -4.8044    422.83   14.90   14.60 1772.00  164.00   14.90   2.0182   1.9851  -0.6241   0.9813   0.5863   0.5508   8.1192
2234   331.97  2083.66   455.15   1.5000    822.59   -5.0444    465.10   14.97   14.60 1772.00  164.00   14.90   2.0321   1.9990  -0.6241   0.9663   0.6052   0.5546   8.1202
2235   331.01  2150.57   456.58   1.5000    817.59   -5.0057    515.52   14.97   14.60 1772.00  164.00   14.90   2.0505   2.0174  -0.6241   0.9508   0.6279   0.5584   8.1212
2236   330.15  2228.72   457.99   1.5000    812.90   -4.6883    557.78   14.82   14.60 1772.00  164.00   14.90   2.0747   2.0415  -0.6241   0.9369   0.6540   0.5621   8.1222
2237   329.38  2317.34   459.36   1.5000    808.25   -4.6497    608.21   14.75   14.60 1772.00  164.00   14.90   2.1038   2.0707  -0.6241   0.9244   0.6831   0.5658   8.1230
2238   328.61  2415.72   460.72   1.5000    803.54   -4.7108    650.47   14.82   14.60 1772.00  164.00   14.90   2.1361   2.1029  -0.6241   0.9120   0.7146   0.5693   8.1238
2239   327.88  2520.35   462.07   1.5000    799.05   -4.4932    684.58   14.82   14.60 1772.00  164.00   14.90   2.1704   2.1373  -0.6241   0.9001   0.7475   0.5729   8.1246
2240   327.19  2630.88   463.42   1.5000    794.49   -4.5544    726.84   14.97   14.60 1772.00  164.00   14.90   2.2066   2.1734  -0.6241   0.8889   0.7814   0.5764   8.1254
2241   326.47  2746.96   464.78   1.5000    789.84   -4.6524    760.95   14.97   14.60 1772.00  164.00   14.90   2.2432   2.2100  -0.6241   0.8772   0.8163   0.5800   8.1261
2242   325.78  2865.42   466.12   1.5000    785.37   -4.4717    786.90   14.97   14.60 1772.00  164.00   14.90   2.2798   2.2466  -0.6241   0.8658   0.8511   0.5835   8.1269
2243   325.10  2983.33   467.46   1.5000    780.80   -4.5697    804.69   14.97   14.60 1772.00  164.00   14.90   2.3154   2.2822  -0.6241   0.8547   0.8850   0.5870   8.1276
2244   324.33  3097.92   468.78   1.5000    775.85   -4.9464    814.32   14.97   14.60 1772.00  164.00   14.90   2.3471   2.3139  -0.6241   0.8421   0.9173   0.5904   8.1285
2245   323.47  3206.64   470.08   1.5000    770.81   -5.0444    815.80   14.97   14.60 1772.00  164.00   14.90   2.3742   2.3411  -0.6241   0.8279   0.9474   0.5938   8.1294
2246   322.64  3307.08   471.38   1.5000    765.94   -4.8637    809.12   14.97   14.60 1772.00  164.00   14.90   2.3982   2.3651  -0.6241   0.8142   0.9747   0.5972   8.1303
2247   321.84  3396.98   472.66   1.5000    760.98   -4.9617    794.28   14.97   14.60 1772.00  164.00   14.90   2.4185   2.3854  -0.6241   0.8010   0.9988   0.6006   8.1312
2248   321.08  3474.21   473.94   1.5000    756.20   -4.7810    771.28   14.97   14.60 1772.00  164.00   14.90   2.4345   2.4014  -0.6241   0.7882   1.0192   0.6039   8.1320
2249   320.33  3537.78   475.20   1.5000    751.32   -4.8790    745.82   14.97   14.60 1772.00  164.00   14.90   2.4461   2.4130  -0.6241   0.7758   1.0359   0.6071   8.1329
2250   319.62  3586.75   476.45   1.5000    746.62   -4.6983    712.20   14.97   14.60 1772.00  164.00   14.90   2.4531   2.4200  -0.6241   0.7639   1.0486   0.6104   8.1337
2251   318.92  3619.20   477.68   1.5000    741.83   -4.7964    670.42   14.97   14.60 1772.00  164.00   14.90   2.4550   2.4218  -0.6241   0.7523   1.0570   0.6136   8.1344
2252   318.16  3636.25   478.91   1.5000    736.78   -5.0444    636.80   14.97   14.60 1772.00  164.00   14.90   2.4507   2.4175  -0.6241   0.7395   1.0614   0.6167   8.1353
2253   317.36  3638.90   480.12   1.5000    731.77   -5.0137    595.02   14.97   14.60 1772.00  164.00   14.90   2.4410   2.4079  -0.6241   0.7260   1.0620   0.6198   8.1362
2254   316.64  3628.09   481.32   1.5000    727.06   -4.7044    561.40   14.97   14.60 1772.00  164.00   14.90   2.4285   2.3953  -0.6241   0.7139   1.0593   0.6229   8.1370
2255   316.00  3607.60   482.52   1.5000    722.39   -4.6737    535.94   14.97   14.60 1772.00  164.00   14.90   2.4141   2.3809  -0.6241   0.7032   1.0540   0.6260   8.1377
2256   315.32  3578.04   483.70   1.5000    717.47   -4.9218    502.32   14.97   14.60 1772.00  164.00   14.90   2.3959   2.3628  -0.6241   0.6916   1.0463   0.6290   8.1384
2257   314.59  3540.04   484.87   1.5000    712.58   -4.8911    476.86   14.97   14.60 1772.00  164.00   14.90   2.3743   2.3411  -0.6241   0.6793   1.0365   0.6320   8.1393
2258   313.94  3494.14   486.03   1.5000    708.00   -4.5818    443.24   14.97   14.60 1772.00  164.00   14.90   2.3513   2.3181  -0.6241   0.6683   1.0245   0.6350   8.1400
2259   313.37  3440.89   487.17   1.5000    703.44   -4.5511    417.78   14.97   14.60 1772.00  164.00   14.90   2.3269   2.2938  -0.6241   0.6586   1.0105   0.6379   8.1406
2260   312.75  3383.66   488.31   1.5000    698.65   -4.7991    400.47   14.97   14.60 1772.00  164.00   14.90   2.3002   2.2671  -0.6241   0.6480   0.9953   0.6409   8.1413
2261   312.09  3325.60   489.44   1.5000    693.88   -4.7685    391.33   14.97   14.60 1772.00  164.00   14.90   2.2722   2.2391  -0.6241   0.6366   0.9797   0.6437   8.1421
2262   311.38  3269.65   490.55   1.5000    688.86   -5.0165    390.34   14.97   14.60 1772.00  164.00   14.90   2.2441   2.2109  -0.6241   0.6245   0.9646   0.6466   8.1429
2263   310.62  3218.56   491.66   1.5000    683.82   -5.0444    397.51   14.97   14.60 1772.00  164.00   14.90   2.2165   2.1834  -0.6241   0.6116   0.9507   0.6494   8.1437
2264   309.93  3174.88   492.76   1.5000    679.02   -4.7936    412.84   14.97   14.60 1772.00  164.00   14.90   2.1923   2.1592  -0.6241   0.5996   0.9387   0.6522   8.1445
2265   309.40  3141.00   493.84   1.5000    674.76   -4.2640    436.32   14.97   14.60 1772.00  164.00   14.90   2.1744   2.1413  -0.6241   0.5905   0.9293   0.6549   8.1451
2266   309.03  3119.12   494.92   1.5000    670.75   -4.0132    467.97   14.97   14.60 1772.00  164.00   14.90   2.1634   2.1303  -0.6241   0.5842   0.9232   0.6577   8.1455
2267   308.70  3111.29   495.98   1.5000    666.70   -4.0411    507.77   14.97   14.60 1772.00  164.00   14.90   2.1579   2.1248  -0.6241   0.5784   0.9211   0.6604   8.1459
2268   308.28  3119.43   497.04   1.5000    662.36   -4.3476    555.73   14.97   14.60 1772.00  164.00   14.90   2.1566   2.1234  -0.6241   0.5711   0.9233   0.6631   8.1464
2269   307.78  3142.46   498.08   1.5000    657.98   -4.3755    595.53   14.97   14.60 1772.00  164.00   14.90   2.1590   2.1259  -0.6241   0.5625   0.9297   0.6657   8.1470
2270   307.33  3176.66   499.12   1.5000    653.86   -4.1247    628.17   14.97   14.60 1772.00  164.00   14.90   2.1661   2.1330  -0.6241   0.5546   0.9392   0.6683   8.1475
2271   306.92  3221.45   500.15   1.5000    649.70   -4.1526    668.96   14.97   14.60 1772.00  164.00   14.90   2.1774   2.1443  -0.6241   0.5475   0.9515   0.6709   8.1479
2272   306.55  3276.13   501.16   1.5000    645.80   -3.9017    701.59   14.97   14.60 1772.00  164.00   14.90   2.1926   2.1594  -0.6241   0.5411   0.9664   0.6735   8.1484
2273   306.22  3337.18   502.17   1.5000    641.87   -3.9296    726.06   14.97   14.60 1772.00  164.00   14.90   2.2103   2.1772  -0.6241   0.5353   0.9828   0.6760   8.1488
2274   305.92  3404.18   503.17   1.5000    638.19   -3.6788    758.69   14.97   14.60 1772.00  164.00   14.90   2.2304   2.1972  -0.6241   0.5302   1.0007   0.6785   8.1491
2275   305.67  3476.76   504.16   1.5000    634.49   -3.7066    783.17   14.97   14.60 1772.00  164.00   14.90   2.2525   2.2194  -0.6241   0.5256   1.0199   0.6810   8.1494
2276   305.32  3551.70   505.14   1.5000    630.47   -4.0132    799.48   14.97   14.60 1772.00  164.00   14.90   2.2736   2.2405  -0.6241   0.5196   1.0395   0.6835   8.1498
2277   304.90  3626.01   506.11   1.5000    626.43   -4.0411    807.64   14.97   14.60 1772.00  164.00   14.90   2.2928   2.2596  -0.6241   0.5123   1.0587   0.6859   8.1503
2278   304.41  3696.86   507.07   1.5000    622.09   -4.3476    807.64   14.97   14.60 1772.00  164.00   14.90   2.3092   2.2761  -0.6241   0.5037   1.0769   0.6883   8.1508
2279   303.85  3764.52   508.02   1.5000    617.71   -4.3755    815.80   14.97   14.60 1772.00  164.00   14.90   2.3232   2.2900  -0.6241   0.4939   1.0940   0.6907   8.1515
2280   303.23  3829.20   508.97   1.5000    613.03   -4.6821    815.80   14.97   14.60 1772.00  164.00   14.90   2.3348   2.3017  -0.6241   0.4830   1.1102   0.6931   8.1522
2281   302.56  3889.69   509.90   1.5000    608.32   -4.7100    815.80   14.97   14.60 1772.00  164.00   14.90   2.3439   2.3107  -0.6241   0.4711   1.1253   0.6954   8.1530
2282   301.82  3946.27   510.83   1.5000    603.30   -5.0165    815.80   14.97   14.60 1772.00  164.00   14.90   2.3505   2.3174  -0.6241   0.4581   1.1393   0.6977   8.1538
2283   301.04  3999.21   511.75   1.5000    598.26   -5.0444    815.80   14.97   14.60 1772.00  164.00   14.90   2.3550   2.3218  -0.6241   0.4442   1.1523   0.7000   8.1548
2284   300.32  4048.75   512.66   1.5000    593.46   -4.7936    815.80   14.97   14.60 1772.00  164.00   14.90   2.3594   2.3262  -0.6241   0.4315   1.1643   0.7023   8.1556
2285   299.66  4095.12   513.56   1.5000    588.64   -4.8214    815.80   14.97   14.60 1772.00  164.00   14.90   2.3638   2.3307  -0.6241   0.4198   1.1756   0.7045   8.1564
2286   299.06  4138.53   514.45   1.5000    584.07   -4.5706    815.80   14.97   14.60 1772.00  164.00   14.90   2.3682   2.3351  -0.6241   0.4090   1.1860   0.7067   8.1571
2287   298.51  4179.17   515.33   1.5000    579.47   -4.5985    815.80   14.97   14.60 1772.00  164.00   14.90   2.3726   2.3395  -0.6241   0.3992   1.1957   0.7089   8.1577
2288   298.01  4217.23   516.21   1.5000    575.12   -4.3476    815.80   14.97   14.60 1772.00  164.00   14.90   2.3771   2.3439  -0.6241   0.3902   1.2048   0.7111   8.1583
2289   297.55  4252.89   517.08   1.5000    570.75   -4.3755    815.80   14.97   14.60 1772.00  164.00   14.90   2.3815   2.3484  -0.6241   0.3821   1.2132   0.7133   8.1588
2290   297.02  4286.28   517.94   1.5000    566.07   -4.6821    815.80   14.97   14.60 1772.00  164.00   14.90   2.3839   2.3507  -0.6241   0.3725   1.2211   0.7154   8.1595
2291   296.42  4317.57   518.79   1.5000    561.36   -4.7100    815.80   14.97   14.60 1772.00  164.00   14.90   2.3843   2.3512  -0.6241   0.3617   1.2285   0.7175   8.1602
2292   295.76  4346.89   519.63   1.5000    556.34   -5.0165    815.80   14.97   14.60 1772.00  164.00   14.90   2.3830   2.3498  -0.6241   0.3498   1.2354   0.7196   8.1610
2293   295.04  4374.36   520.47   1.5000    551.30   -5.0444    815.80   14.97   14.60 1772.00  164.00   14.90   2.3800   2.3468  -0.6241   0.3367   1.2418   0.7217   8.1618
2294   294.37  4400.11   521.30   1.5000    546.50   -4.7936    815.80   14.97   14.60 1772.00  164.00   14.90   2.3775   2.3444  -0.6241   0.3247   1.2478   0.7237   8.1626
2295   293.89  4424.24   522.12   1.5000    542.24   -4.2640    815.80   14.97   14.60 1772.00  164.00   14.90   2.3776   2.3445  -0.6241   0.3159   1.2534   0.7258   8.1632
2296   293.56  4446.86   522.93   1.5000    538.23   -4.0132    815.80   14.97   14.60 1772.00  164.00   14.90   2.3802   2.3471  -0.6241   0.3100   1.2586   0.7278   8.1636
2297   293.27  4468.06   523.73   1.5000    534.18   -4.0411    815.80   14.97   14.60 1772.00  164.00   14.90   2.3830   2.3499  -0.6241   0.3046   1.2635   0.7297   8.1639
2298   293.01  4487.94   524.53   1.5000    530.39   -3.7902    815.80   14.97   14.60 1772.00  164.00   14.90   2.3859   2.3528  -0.6241   0.2999   1.2681   0.7317   8.1642
2299   292.78  4506.58   525.32   1.5000    526.58   -3.8181    815.80   14.97   14.60 1772.00  164.00   14.90   2.3890   2.3559  -0.6241   0.2957   1.2724   0.7337   8.1645
2300   292.48  4524.05   526.11   1.5000    522.57   -4.0056    815.80   14.97   14.60 1772.00  164.00   14.90   2.3907   2.3575  -0.6241   0.2904   1.2764   0.7356   8.1649
2301   292.05  4540.44   526.88   1.5000    518.10   -4.4718    815.80   14.97   14.60 1772.00  164.00   14.90   2.3893   2.3561  -0.6241   0.2824   1.2801   0.7375   8.1654
2302   291.47  4555.81   527.65   1.5000    513.44   -4.6593    815.80   14.97   14.60 1772.00  164.00   14.90   2.3851   2.3519  -0.6241   0.2718   1.2836   0.7394   8.1661
2303   290.89  4570.22   528.41   1.5000    508.87   -4.5681    815.80   14.97   14.60 1772.00  164.00   14.90   2.3804   2.3472  -0.6241   0.2612   1.2869   0.7412   8.1668
2304   290.30  4583.73   529.16   1.5000    504.12   -4.7556    815.80   14.97   14.60 1772.00  164.00   14.90   2.3752   2.3421  -0.6241   0.2503   1.2900   0.7431   8.1675
2305   289.69  4596.41   529.91   1.5000    499.45   -4.6644    815.80   14.97   14.60 1772.00  164.00   14.90   2.3696   2.3365  -0.6241   0.2392   1.2929   0.7449   8.1682
2306   289.08  4608.29   530.65   1.5000    494.60   -4.8519    815.80   14.97   14.60 1772.00  164.00   14.90   2.3635   2.3304  -0.6241   0.2279   1.2956   0.7467   8.1689
2307   288.46  4619.45   531.39   1.5000    489.84   -4.7607    815.80   14.97   14.60 1772.00  164.00   14.90   2.3571   2.3239  -0.6241   0.2164   1.2981   0.7485   8.1697
2308   287.95  4629.91   532.11   1.5000    485.45   -4.3908    815.80   14.97   14.60 1772.00  164.00   14.90   2.3523   2.3192  -0.6241   0.2069   1.3005   0.7503   8.1703
2309   287.65  4639.72   532.83   1.5000    481.71   -3.7422    815.80   14.97   14.60 1772.00  164.00   14.90   2.3514   2.3182  -0.6241   0.2014   1.3027   0.7521   8.1707
2310   287.55  4648.92   533.54   1.5000    478.33   -3.3723    815.80   14.97   14.60 1772.00  164.00   14.90   2.3539   2.3208  -0.6241   0.1996   1.3047   0.7538   8.1708
2311   287.52  4657.55   534.25   1.5000    475.05   -3.2811    815.80   14.97   14.60 1772.00  164.00   14.90   2.3576   2.3245  -0.6241   0.1990   1.3067   0.7555   8.1708
2312   287.56  4665.65   534.95   1.5000    472.14   -2.9112    815.80   14.97   14.60 1772.00  164.00   14.90   2.3624   2.3292  -0.6241   0.1998   1.3085   0.7573   8.1708
2313   287.67  4673.25   535.64   1.5000    469.32   -2.8200    815.80   14.97   14.60 1772.00  164.00   14.90   2.3682   2.3350  -0.6241   0.2017   1.3102   0.7589   8.1707
2314   287.72  4680.38   536.33   1.5000    466.31   -3.0075    815.80   14.97   14.60 1772.00  164.00   14.90   2.3728   2.3397  -0.6241   0.2026   1.3118   0.7606   8.1706
2315   287.60  4687.07   537.01   1.5000    462.84   -3.4737    815.80   14.97   14.60 1772.00  164.00   14.90   2.3743   2.3412  -0.6241   0.2005   1.3133   0.7623   8.1707
2316   287.22  4693.34   537.69   1.5000    458.62   -4.2186    815.80   14.97   14.60 1772.00  164.00   14.90   2.3707   2.3375  -0.6241   0.1934   1.3148   0.7639   8.1712
2317   286.60  4699.23   538.35   1.5000    453.94   -4.6849    815.80   14.97   14.60 1772.00  164.00   14.90   2.3624   2.3292  -0.6241   0.1818   1.3161   0.7655   8.1720
2318   285.86  4704.75   539.01   1.5000    449.06   -4.8724    815.80   14.97   14.60 1772.00  164.00   14.90   2.3518   2.3186  -0.6241   0.1680   1.3173   0.7671   8.1729
2319   285.13  4709.94   539.67   1.5000    444.28   -4.7812    815.80   14.97   14.60 1772.00  164.00   14.90   2.3412   2.3081  -0.6241   0.1544   1.3185   0.7687   8.1738
2320   284.52  4714.80   540.32   1.5000    439.87   -4.4113    815.80   14.97   14.60 1772.00  164.00   14.90   2.3329   2.2997  -0.6241   0.1430   1.3196   0.7703   8.1745
2321   284.11  4719.36   540.96   1.5000    435.97   -3.8977    815.80   14.97   14.60 1772.00  164.00   14.90   2.3281   2.2950  -0.6241   0.1354   1.3206   0.7719   8.1750
2322   283.98  4723.65   541.60   1.5000    432.87   -3.1054    815.80   14.97   14.60 1772.00  164.00   14.90   2.3284   2.2953  -0.6241   0.1329   1.3215   0.7734   8.1752
2323   284.10  4727.66   542.23   1.5000    430.28   -2.5918    815.80   14.97   14.60 1772.00  164.00   14.90   2.3333   2.3002  -0.6241   0.1351   1.3224   0.7750   8.1750
2324   284.34  4731.43   542.86   1.5000    427.92   -2.3569    815.80   14.97   14.60 1772.00  164.00   14.90   2.3404   2.3073  -0.6241   0.1395   1.3233   0.7765   8.1747
2325   284.57  4734.97   543.48   1.5000    425.52   -2.4008    815.80   14.97   14.60 1772.00  164.00   14.90   2.3473   2.3142  -0.6241   0.1439   1.3241   0.7780   8.1744
2326   284.69  4738.29   544.09   1.5000    422.80   -2.7233    815.80   14.97   14.60 1772.00  164.00   14.90   2.3520   2.3189  -0.6241   0.1461   1.3248   0.7795   8.1743
2327   284.69  4741.40   544.70   1.5000    419.95   -2.8406    815.80   14.97   14.60 1772.00  164.00   14.90   2.3544   2.3212  -0.6241   0.1461   1.3255   0.7809   8.1743
2328   284.56  4744.33   545.30   1.5000    416.72   -3.2367    815.80   14.97   14.60 1772.00  164.00   14.90   2.3543   2.3212  -0.6241   0.1437   1.3262   0.7824   8.1744
2329   284.32  4747.07   545.90   1.5000    413.36   -3.3540    815.80   14.97   14.60 1772.00  164.00   14.90   2.3520   2.3189  -0.6241   0.1392   1.3268   0.7838   8.1747
2330   283.97  4749.64   546.49   1.5000    409.61   -3.7501    815.80   14.97   14.60 1772.00  164.00   14.90   2.3477   2.3146  -0.6241   0.1327   1.3274   0.7852   8.1752
2331   283.41  4752.06   547.07   1.5000    405.19   -4.4248    815.80   14.97   14.60 1772.00  164.00   14.90   2.3393   2.3062  -0.6241   0.1222   1.3279   0.7867   8.1759
2332   282.65  4754.32   547.65   1.5000    400.37   -4.8209    815.80   14.97   14.60 1772.00  164.00   14.90   2.3271   2.2939  -0.6241   0.1078   1.3284   0.7881   8.1768
2333   281.82  4756.45   548.23   1.5000    395.43   -4.9382    815.80   14.97   14.60 1772.00  164.00   14.90   2.3134   2.2802  -0.6241   0.0921   1.3289   0.7894   8.1778
2334   281.04  4758.45   548.80   1.5000    390.65   -4.7769    815.80   14.97   14.60 1772.00  164.00   14.90   2.3005   2.2673  -0.6241   0.0772   1.3293   0.7908   8.1788
2335   280.29  4760.32   549.36   1.5000    385.76   -4.8942    815.80   14.97   14.60 1772.00  164.00   14.90   2.2882   2.2551  -0.6241   0.0631   1.3297   0.7922   8.1797
2336   279.58  4762.08   549.92   1.5000    381.03   -4.7329    815.80   14.97   14.60 1772.00  164.00   14.90   2.2766   2.2435  -0.6241   0.0496   1.3301   0.7935   8.1806
2337   279.02  4763.73   550.47   1.5000    376.73   -4.2928    815.80   14.97   14.60 1772.00  164.00   14.90   2.2677   2.2346  -0.6241   0.0388   1.3305   0.7948   8.1813
2338   278.59  4765.28   551.02   1.5000    372.60   -4.1315    815.80   14.97   14.60 1772.00  164.00   14.90   2.2613   2.2282  -0.6241   0.0306   1.3308   0.7962   8.1818
2339   278.29  4766.73   551.57   1.5000    368.91   -3.6914    815.80   14.97   14.60 1772.00  164.00   14.90   2.2572   2.2241  -0.6241   0.0248   1.3312   0.7975   8.1822
2340   278.10  4768.09   552.11   1.5000    365.38   -3.5301    815.80   14.97   14.60 1772.00  164.00   14.90   2.2553   2.2222  -0.6241   0.0212   1.3315   0.7988   8.1824
2341   277.90  4769.37   552.64   1.5000    361.73   -3.6474    815.80   14.97   14.60 1772.00  164.00   14.90   2.2532   2.2200  -0.6241   0.0174   1.3318   0.8000   8.1827
2342   277.58  4770.57   553.17   1.5000    357.69   -4.0435    815.80   14.97   14.60 1772.00  164.00   14.90   2.2487   2.2155  -0.6241   0.0112   1.3320   0.8013   8.1831
2343   277.15  4771.70   553.69   1.5000    353.53   -4.1608    815.80   14.97   14.60 1772.00  164.00   14.90   2.2420   2.2089  -0.6241   0.0030   1.3323   0.8026   8.1836
2344   276.74  4772.76   554.21   1.5000    349.53   -3.9995    815.80   14.97   14.60 1772.00  164.00   14.90   2.2355   2.2024  -0.6241  -0.0051   1.3325   0.8038   8.1842
2345   276.45  4773.75   554.72   1.5000    345.97   -3.5594    815.80   14.97   14.60 1772.00  164.00   14.90   2.2315   2.1984  -0.6241  -0.0106   1.3327   0.8050   8.1845
2346   276.39  4774.68   555.23   1.5000    343.13   -2.8407    815.80   14.97   14.60 1772.00  164.00   14.90   2.2320   2.1989  -0.6241  -0.0117   1.3329   0.8063   8.1846
2347   276.56  4775.56   555.74   1.5000    340.73   -2.4006    815.80   14.97   14.60 1772.00  164.00   14.90   2.2367   2.2035  -0.6241  -0.0085   1.3331   0.8075   8.1844
2348   276.93  4776.38   556.23   1.5000    339.05   -1.6819    815.80   14.97   14.60 1772.00  164.00   14.90   2.2452   2.2121  -0.6241  -0.0014   1.3333   0.8087   8.1839
2349   277.49  4777.15   556.73   1.5000    337.80   -1.2418    815.80   14.97   14.60 1772.00  164.00   14.90   2.2574   2.2243  -0.6241   0.0094   1.3335   0.8098   8.1832
2350   278.11  4777.87   557.22   1.5000    336.72   -1.0805    815.80   14.97   14.60 1772.00  164.00   14.90   2.2709   2.2377  -0.6241   0.0214   1.3336   0.8110   8.1824
2351   278.69  4778.55   557.71   1.5000    335.53   -1.1978    815.80   14.97   14.60 1772.00  164.00   14.90   2.2832   2.2501  -0.6241   0.0324   1.3338   0.8122   8.1817
2352   279.10  4779.18   558.19   1.5000    333.93   -1.5939    815.80   14.97   14.60 1772.00  164.00   14.90   2.2926   2.2594  -0.6241   0.0404   1.3339   0.8133   8.1812
2353   279.37  4779.78   558.66   1.5000    332.22   -1.7112    815.80   14.97   14.60 1772.00  164.00   14.90   2.2991   2.2660  -0.6241   0.0456   1.3341   0.8145   8.1809
2354   279.57  4780.34   559.13   1.5000    330.38   -1.8414    815.80   14.97   14.60 1772.00  164.00   14.90   2.3042   2.2710  -0.6241   0.0493   1.3342   0.8156   8.1806
2355   279.76  4780.87   559.60   1.5000    328.69   -1.6928    815.80   14.97   14.60 1772.00  164.00   14.90   2.3090   2.2758  -0.6241   0.0528   1.3343   0.8167   8.1804
2356   279.93  4781.36   560.07   1.5000    326.86   -1.8229    815.80   14.97   14.60 1772.00  164.00   14.90   2.3135   2.2804  -0.6241   0.0561   1.3344   0.8178   8.1802
2357   280.09  4781.82   560.52   1.5000    325.19   -1.6744    815.80   14.97   14.60 1772.00  164.00   14.90   2.3179   2.2847  -0.6241   0.0592   1.3345   0.8189   8.1800
2358   280.24  4782.26   560.98   1.5000    323.39   -1.8045    815.80   14.97   14.60 1772.00  164.00   14.90   2.3220   2.2889  -0.6241   0.0621   1.3346   0.8200   8.1798
2359   280.27  4782.67   561.43   1.5000    321.17   -2.2134    815.80   14.97   14.60 1772.00  164.00   14.90   2.3237   2.2906  -0.6241   0.0626   1.3347   0.8211   8.1797
2360   280.18  4783.05   561.88   1.5000    318.83   -2.3435    815.80   14.97   14.60 1772.00  164.00   14.90   2.3232   2.2901  -0.6241   0.0609   1.3348   0.8221   8.1799
2361   279.98  4783.41   562.32   1.5000    316.08   -2.7523    815.80   14.97   14.60 1772.00  164.00   14.90   2.3206   2.2875  -0.6241   0.0571   1.3349   0.8232   8.1801
2362   279.56  4783.75   562.76   1.5000    312.64   -3.4399    815.80   14.97   14.60 1772.00  164.00   14.90   2.3138   2.2807  -0.6241   0.0492   1.3350   0.8242   8.1806
2363   278.94  4784.06   563.19   1.5000    308.79   -3.8487    815.80   14.97   14.60 1772.00  164.00   14.90   2.3031   2.2700  -0.6241   0.0373   1.3350   0.8252   8.1814
2364   278.25  4784.36   563.62   1.5000    304.81   -3.9789    815.80   14.97   14.60 1772.00  164.00   14.90   2.2910   2.2578  -0.6241   0.0240   1.3351   0.8263   8.1823
2365   277.60  4784.64   564.05   1.5000    300.98   -3.8303    815.80   14.97   14.60 1772.00  164.00   14.90   2.2796   2.2464  -0.6241   0.0115   1.3352   0.8273   8.1831
2366   277.10  4784.90   564.47   1.5000    297.58   -3.4030    815.80   14.97   14.60 1772.00  164.00   14.90   2.2711   2.2379  -0.6241   0.0019   1.3352   0.8283   8.1837
2367   276.85  4785.15   564.89   1.5000    294.88   -2.6971    815.80   14.97   14.60 1772.00  164.00   14.90   2.2675   2.2343  -0.6241  -0.0028   1.3353   0.8293   8.1840
2368   276.96  4785.38   565.30   1.5000    293.17   -1.7124    815.80   14.97   14.60 1772.00  164.00   14.90   2.2705   2.2374  -0.6241  -0.0008   1.3353   0.8303   8.1839
2369   277.39  4785.59   565.71   1.5000    292.16   -1.0065    815.80   14.97   14.60 1772.00  164.00   14.90   2.2798   2.2467  -0.6241   0.0074   1.3354   0.8312   8.1833
2370   278.00  4785.80   566.12   1.5000    291.58   -0.5792    815.80   14.97   14.60 1772.00  164.00   14.90   2.2927   2.2596  -0.6241   0.0192   1.3354   0.8322   8.1826
2371   278.67  4785.99   566.52   1.5000    291.15   -0.4306    815.80   14.97   14.60 1772.00  164.00   14.90   2.3067   2.2735  -0.6241   0.0322   1.3355   0.8331   8.1817
2372   279.29  4786.17   566.92   1.5000    290.59   -0.5608    815.80   14.97   14.60 1772.00  164.00   14.90   2.3195   2.2864  -0.6241   0.0440   1.3355   0.8341   8.1810
2373   279.75  4786.33   567.31   1.5000    289.62   -0.9696    815.80   14.97   14.60 1772.00  164.00   14.90   2.3292   2.2961  -0.6241   0.0527   1.3355   0.8350   8.1804
2374   279.94  4786.49   567.70   1.5000    287.96   -1.6572    815.80   14.97   14.60 1772.00  164.00   14.90   2.3339   2.3008  -0.6241   0.0564   1.3356   0.8360   8.1801
2375   279.89  4786.64   568.09   1.5000    285.90   -2.0660    815.80   14.97   14.60 1772.00  164.00   14.90   2.3340   2.3009  -0.6241   0.0555   1.3356   0.8369   8.1802
2376   279.74  4786.78   568.48   1.5000    283.70   -2.1961    815.80   14.97   14.60 1772.00  164.00   14.90   2.3320   2.2989  -0.6241   0.0525   1.3356   0.8378   8.1804
2377   279.48  4786.91   568.86   1.5000    281.09   -2.6050    815.80   14.97   14.60 1772.00  164.00   14.90   2.3281   2.2950  -0.6241   0.0477   1.3357   0.8387   8.1807
2378   279.02  4787.03   569.23   1.5000    277.80   -3.2925    815.80   14.97   14.60 1772.00  164.00   14.90   2.3202   2.2870  -0.6241   0.0388   1.3357   0.8396   8.1813
2379   278.36  4787.15   569.61   1.5000    274.10   -3.7014    815.80   14.97   14.60 1772.00  164.00   14.90   2.3084   2.2753  -0.6241   0.0261   1.3357   0.8405   8.1821
2380   277.63  4787.25   569.98   1.5000    270.27   -3.8315    815.80   14.97   14.60 1772.00  164.00   14.90   2.2953   2.2622  -0.6241   0.0120   1.3357   0.8413   8.1830
2381   276.94  4787.35   570.34   1.5000    266.59   -3.6829    815.80   14.97   14.60 1772.00  164.00   14.90   2.2831   2.2499  -0.6241  -0.0011   1.3358   0.8422   8.1839
2382   276.30  4787.45   570.71   1.5000    262.77   -3.8131    815.80   14.97   14.60 1772.00  164.00   14.90   2.2716   2.2384  -0.6241  -0.0135   1.3358   0.8430   8.1847
2383   275.57  4787.54   571.06   1.5000    258.55   -4.2219    815.80   14.97   14.60 1772.00  164.00   14.90   2.2585   2.2253  -0.6241  -0.0275   1.3358   0.8439   8.1856
2384   274.77  4787.62   571.42   1.5000    254.20   -4.3521    815.80   14.97   14.60 1772.00  164.00   14.90   2.2438   2.2107  -0.6241  -0.0431   1.3358   0.8447   8.1866
2385   274.01  4787.70   571.77   1.5000    250.00   -4.2035    815.80   14.97   14.60 1772.00  164.00   14.90   2.2299   2.1967  -0.6241  -0.0579   1.3358   0.8456   8.1876
2386   273.29  4787.77   572.12   1.5000    245.66   -4.3336    815.80   14.97   14.60 1772.00  164.00   14.90   2.2166   2.1835  -0.6241  -0.0721   1.3358   0.8464   8.1885
2387   272.59  4787.84   572.47   1.5000    241.48   -4.1851    815.80   14.97   14.60 1772.00  164.00   14.90   2.2039   2.1707  -0.6241  -0.0856   1.3359   0.8472   8.1894
2388   272.04  4787.91   572.81   1.5000    237.72   -3.7578    815.80   14.97   14.60 1772.00  164.00   14.90   2.1939   2.1608  -0.6241  -0.0964   1.3359   0.8480   8.1901
2389   271.74  4787.97   573.15   1.5000    234.67   -3.0519    815.80   14.97   14.60 1772.00  164.00   14.90   2.1888   2.1556  -0.6241  -0.1024   1.3359   0.8488   8.1905
2390   271.66  4788.03   573.49   1.5000    232.04   -2.6246    815.80   14.97   14.60 1772.00  164.00   14.90   2.1881   2.1550  -0.6241  -0.1040   1.3359   0.8496   8.1906
2391   271.68  4788.08   573.82   1.5000    229.57   -2.4760    815.80   14.97   14.60 1772.00  164.00   14.90   2.1893   2.1562  -0.6241  -0.1036   1.3359   0.8504   8.1906
2392   271.79  4788.13   574.15   1.5000    227.52   -2.0488    815.80   14.97   14.60 1772.00  164.00   14.90   2.1923   2.1592  -0.6241  -0.1014   1.3359   0.8512   8.1904
2393   271.99  4788.18   574.48   1.5000    225.62   -1.9002    815.80   14.97   14.60 1772.00  164.00   14.90   2.1970   2.1639  -0.6241  -0.0975   1.3359   0.8519   8.1902
2394   272.15  4788.22   574.81   1.5000    223.59   -2.0304    815.80   14.97   14.60 1772.00  164.00   14.90   2.2011   2.1679  -0.6241  -0.0943   1.3359   0.8527   8.1900
2395   272.18  4788.26   575.13   1.5000    221.15   -2.4392    815.80   14.97   14.60 1772.00  164.00   14.90   2.2023   2.1692  -0.6241  -0.0938   1.3360   0.8535   8.1899
2396   272.07  4788.30   575.45   1.5000    218.58   -2.5693    815.80   14.97   14.60 1772.00  164.00   14.90   2.2011   2.1680  -0.6241  -0.0958   1.3360   0.8542   8.1901
2397   271.97  4788.34   575.76   1.5000    216.16   -2.4208    815.80   14.97   14.60 1772.00  164.00   14.90   2.1998   2.1667  -0.6241  -0.0979   1.3360   0.8550   8.1902
2398   271.98  4788.37   576.07   1.5000    214.16   -1.9935    815.80   14.97   14.60 1772.00  164.00   14.90   2.2008   2.1676  -0.6241  -0.0977   1.3360   0.8557   8.1902
2399   272.21  4788.40   576.38   1.5000    212.88   -1.2876    815.80   14.97   14.60 1772.00  164.00   14.90   2.2061   2.1729  -0.6241  -0.0932   1.3360   0.8564   8.1899
2400   272.65  4788.44   576.69   1.5000    212.02   -0.8603    815.80   14.97   14.60 1772.00  164.00   14.90   2.2154   2.1823  -0.6241  -0.0846   1.3360   0.8571   8.1893
2401   273.16  4788.46   576.99   1.5000    211.30   -0.7117    815.80   14.97   14.60 1772.00  164.00   14.90   2.2262   2.1931  -0.6241  -0.0745   1.3360   0.8579   8.1887
2402   273.63  4788.49   577.29   1.5000    210.46   -0.8419    815.80   14.97   14.60 1772.00  164.00   14.90   2.2362   2.2031  -0.6241  -0.0653   1.3360   0.8586   8.1881
2403   273.95  4788.52   577.59   1.5000    209.21   -1.2507    815.80   14.97   14.60 1772.00  164.00   14.90   2.2432   2.2101  -0.6241  -0.0590   1.3360   0.8593   8.1877
2404   274.02  4788.54   577.89   1.5000    207.27   -1.9383    815.80   14.97   14.60 1772.00  164.00   14.90   2.2453   2.2121  -0.6241  -0.0577   1.3360   0.8600   8.1876
2405   273.86  4788.56   578.18   1.5000    204.93   -2.3471    815.80   14.97   14.60 1772.00  164.00   14.90   2.2428   2.2097  -0.6241  -0.0609   1.3360   0.8606   8.1878
2406   273.60  4788.58   578.47   1.5000    202.45   -2.4773    815.80   14.97   14.60 1772.00  164.00   14.90   2.2384   2.2052  -0.6241  -0.0660   1.3360   0.8613   8.1881
2407   273.35  4788.60   578.76   1.5000    200.12   -2.3287    815.80   14.97   14.60 1772.00  164.00   14.90   2.2344   2.2012  -0.6241  -0.0707   1.3360   0.8620   8.1884
2408   273.25  4788.62   579.04   1.5000    198.22   -1.9014    815.80   14.97   14.60 1772.00  164.00   14.90   2.2329   2.1998  -0.6241  -0.0729   1.3360   0.8627   8.1886
2409   273.37  4788.64   579.32   1.5000    197.02   -1.1955    815.80   14.97   14.60 1772.00  164.00   14.90   2.2362   2.2030  -0.6241  -0.0703   1.3360   0.8633   8.1884
2410   273.72  4788.65   579.60   1.5000    196.26   -0.7682    815.80   14.97   14.60 1772.00  164.00   14.90   2.2436   2.2105  -0.6241  -0.0635   1.3360   0.8640   8.1880
2411   274.21  4788.67   579.88   1.5000    195.91   -0.3466    815.80   14.97   14.60 1772.00  164.00   14.90   2.2539   2.2208  -0.6241  -0.0539   1.3360   0.8646   8.1873
2412   274.78  4788.68   580.15   1.5000    195.71   -0.2036    815.80   14.97   14.60 1772.00  164.00   14.90   2.2656   2.2325  -0.6241  -0.0429   1.3360   0.8653   8.1866
2413   275.42  4788.69   580.42   1.5000    195.92    0.2181    815.80   14.97   14.60 1772.00  164.00   14.90   2.2788   2.2456  -0.6241  -0.0305   1.3361   0.8659   8.1858
2414   276.14  4788.71   580.69   1.5000    196.28    0.3610    815.80   14.97   14.60 1772.00  164.00   14.90   2.2932   2.2601  -0.6241  -0.0167   1.3361   0.8665   8.1849
2415   276.80  4788.72   580.96   1.5000    196.51    0.2253    815.80   14.97   14.60 1772.00  164.00   14.90   2.3067   2.2736  -0.6241  -0.0038   1.3361   0.8671   8.1841
2416   277.31  4788.73   581.22   1.5000    196.32   -0.1891    815.80   14.97   14.60 1772.00  164.00   14.90   2.3172   2.2840  -0.6241   0.0060   1.3361   0.8678   8.1834
2417   277.56  4788.74   581.48   1.5000    195.44   -0.8823    815.80   14.97   14.60 1772.00  164.00   14.90   2.3226   2.2895  -0.6241   0.0108   1.3361   0.8684   8.1831
2418   277.57  4788.75   581.74   1.5000    194.14   -1.2967    815.80   14.97   14.60 1772.00  164.00   14.90   2.3235   2.2904  -0.6241   0.0111   1.3361   0.8690   8.1831
2419   277.37  4788.76   582.00   1.5000    192.15   -1.9899    815.80   14.97   14.60 1772.00  164.00   14.90   2.3202   2.2871  -0.6241   0.0071   1.3361   0.8696   8.1834
2420   276.96  4788.77   582.25   1.5000    189.75   -2.4043    815.80   14.97   14.60 1772.00  164.00   14.90   2.3129   2.2797  -0.6241  -0.0009   1.3361   0.8702   8.1839
2421   276.47  4788.78   582.50   1.5000    187.21   -2.5400    815.80   14.97   14.60 1772.00  164.00   14.90   2.3041   2.2709  -0.6241  -0.0103   1.3361   0.8708   8.1845
2422   276.02  4788.78   582.75   1.5000    184.81   -2.3971    815.80   14.97   14.60 1772.00  164.00   14.90   2.2960   2.2628  -0.6241  -0.0190   1.3361   0.8713   8.1851
2423   275.60  4788.79   583.00   1.5000    182.28   -2.5328    815.80   14.97   14.60 1772.00  164.00   14.90   2.2885   2.2554  -0.6241  -0.0270   1.3361   0.8719   8.1856
2424   275.21  4788.80   583.24   1.5000    179.89   -2.3899    815.80   14.97   14.60 1772.00  164.00   14.90   2.2816   2.2485  -0.6241  -0.0346   1.3361   0.8725   8.1861
2425   274.96  4788.80   583.49   1.5000    177.92   -1.9682    815.80   14.97   14.60 1772.00  164.00   14.90   2.2774   2.2443  -0.6241  -0.0394   1.3361   0.8731   8.1864
2426   274.84  4788.81   583.73   1.5000    176.09   -1.8252    815.80   14.97   14.60 1772.00  164.00   14.90   2.2756   2.2425  -0.6241  -0.0418   1.3361   0.8736   8.1865
2427   274.83  4788.81   583.97   1.5000    174.69   -1.4036    815.80   14.97   14.60 1772.00  164.00   14.90   2.2761   2.2429  -0.6241  -0.0419   1.3361   0.8742   8.1866
2428   275.05  4788.82   584.20   1.5000    173.99   -0.7032    815.80   14.97   14.60 1772.00  164.00   14.90   2.2809   2.2477  -0.6241  -0.0377   1.3361   0.8747   8.1863
2429   275.47  4788.82   584.43   1.5000    173.71   -0.2816    815.80   14.97   14.60 1772.00  164.00   14.90   2.2897   2.2565  -0.6241  -0.0295   1.3361   0.8753   8.1857
2430   275.98  4788.83   584.67   1.5000    173.57   -0.1386    815.80   14.97   14.60 1772.00  164.00   14.90   2.3000   2.2668  -0.6241  -0.0198   1.3361   0.8758   8.1851
2431   276.44  4788.83   584.89   1.5000    173.29   -0.2743    815.80   14.97   14.60 1772.00  164.00   14.90   2.3095   2.2763  -0.6241  -0.0108   1.3361   0.8763   8.1845
2432   276.75  4788.84   585.12   1.5000    172.60   -0.6888    815.80   14.97   14.60 1772.00  164.00   14.90   2.3161   2.2829  -0.6241  -0.0048   1.3361   0.8769   8.1841
2433   276.93  4788.84   585.35   1.5000    171.78   -0.8245    815.80   14.97   14.60 1772.00  164.00   14.90   2.3200   2.2869  -0.6241  -0.0014   1.3361   0.8774   8.1839
2434   276.98  4788.84   585.57   1.5000    170.54   -1.2390    815.80   14.97   14.60 1772.00  164.00   14.90   2.3216   2.2884  -0.6241  -0.0004   1.3361   0.8779   8.1838
2435   276.80  4788.85   585.79   1.5000    168.61   -1.9321    815.80   14.97   14.60 1772.00  164.00   14.90   2.3187   2.2856  -0.6241  -0.0038   1.3361   0.8784   8.1841
2436   276.41  4788.85   586.01   1.5000    166.26   -2.3465    815.80   14.97   14.60 1772.00  164.00   14.90   2.3117   2.2786  -0.6241  -0.0114   1.3361   0.8789   8.1846
2437   275.94  4788.85   586.22   1.5000    163.78   -2.4823    815.80   14.97   14.60 1772.00  164.00   14.90   2.3031   2.2699  -0.6241  -0.0206   1.3361   0.8794   8.1852
2438   275.50  4788.86   586.44   1.5000    161.44   -2.3393    815.80   14.97   14.60 1772.00  164.00   14.90   2.2951   2.2620  -0.6241  -0.0291   1.3361   0.8799   8.1857
2439   275.20  4788.86   586.65   1.5000    159.52   -1.9177    815.80   14.97   14.60 1772.00  164.00   14.90   2.2899   2.2568  -0.6241  -0.0347   1.3361   0.8804   8.1861
2440   275.04  4788.86   586.86   1.5000    157.75   -1.7747    815.80   14.97   14.60 1772.00  164.00   14.90   2.2873   2.2542  -0.6241  -0.0379   1.3361   0.8809   8.1863
2441   275.00  4788.86   587.07   1.5000    156.40   -1.3530    815.80   14.97   14.60 1772.00  164.00   14.90   2.2871   2.2539  -0.6241  -0.0387   1.3361   0.8814   8.1863
2442   275.07  4788.87   587.28   1.5000    155.19   -1.2101    815.80   14.97   14.60 1772.00  164.00   14.90   2.2890   2.2558  -0.6241  -0.0373   1.3361   0.8819   8.1863
2443   275.13  4788.87   587.48   1.5000    153.84   -1.3458    815.80   14.97   14.60 1772.00  164.00   14.90   2.2906   2.2575  -0.6241  -0.0361   1.3361   0.8824   8.1862
2444   275.06  4788.87   587.68   1.5000    152.08   -1.7602    815.80   14.97   14.60 1772.00  164.00   14.90   2.2898   2.2567  -0.6241  -0.0374   1.3361   0.8828   8.1863
2445   274.88  4788.87   587.89   1.5000    150.18   -1.8960    815.80   14.97   14.60 1772.00  164.00   14.90   2.2868   2.2536  -0.6241  -0.0410   1.3361   0.8833   8.1865
2446   274.71  4788.87   588.08   1.5000    148.43   -1.7530    815.80   14.97   14.60 1772.00  164.00   14.90   2.2839   2.2508  -0.6241  -0.0444   1.3361   0.8838   8.1867
2447   274.54  4788.87   588.28   1.5000    146.54   -1.8888    815.80   14.97   14.60 1772.00  164.00   14.90   2.2812   2.2480  -0.6241  -0.0476   1.3361   0.8842   8.1869
2448   274.38  4788.88   588.48   1.5000    144.80   -1.7458    815.80   14.97   14.60 1772.00  164.00   14.90   2.2785   2.2454  -0.6241  -0.0507   1.3361   0.8847   8.1871
2449   274.34  4788.88   588.67   1.5000    143.47   -1.3241    815.80   14.97   14.60 1772.00  164.00   14.90   2.2783   2.2451  -0.6241  -0.0515   1.3361   0.8851   8.1872
2450   274.42  4788.88   588.86   1.5000    142.29   -1.1812    815.80   14.97   14.60 1772.00  164.00   14.90   2.2802   2.2471  -0.6241  -0.0500   1.3361   0.8856   8.1871
2451   274.59  4788.88   589.05   1.5000    141.53   -0.7595    815.80   14.97   14.60 1772.00  164.00   14.90   2.2841   2.2510  -0.6241  -0.0466   1.3361   0.8860   8.1869
2452   274.87  4788.88   589.24   1.5000    140.91   -0.6166    815.80   14.97   14.60 1772.00  164.00   14.90   2.2900   2.2568  -0.6241  -0.0412   1.3361   0.8865   8.1865
2453   275.12  4788.88   589.43   1.5000    140.16   -0.7523    815.80   14.97   14.60 1772.00  164.00   14.90   2.2953   2.2622  -0.6241  -0.0363   1.3361   0.8869   8.1862
2454   275.24  4788.88   589.61   1.5000    138.99   -1.1667    815.80   14.97   14.60 1772.00  164.00   14.90   2.2980   2.2649  -0.6241  -0.0341   1.3361   0.8873   8.1860
2455   275.23  4788.88   589.79   1.5000    137.69   -1.3025    815.80   14.97   14.60 1772.00  164.00   14.90   2.2983   2.2652  -0.6241  -0.0343   1.3361   0.8877   8.1861
2456   275.14  4788.88   589.97   1.5000    136.16   -1.5373    815.80   14.97   14.60 1772.00  164.00   14.90   2.2971   2.2640  -0.6241  -0.0359   1.3361   0.8882   8.1862
2457   275.02  4788.88   590.15   1.5000    134.66   -1.4934    815.80   14.97   14.60 1772.00  164.00   14.90   2.2952   2.2621  -0.6241  -0.0383   1.3361   0.8886   8.1863
2458   274.98  4788.89   590.33   1.5000    133.49   -1.1708    815.80   14.97   14.60 1772.00  164.00   14.90   2.2950   2.2618  -0.6241  -0.0390   1.3361   0.8890   8.1864
2459   275.02  4788.89   590.51   1.5000    132.36   -1.1270    815.80   14.97   14.60 1772.00  164.00   14.90   2.2962   2.2630  -0.6241  -0.0383   1.3361   0.8894   8.1863
2460   275.08  4788.89   590.68   1.5000    131.33   -1.0372    815.80   14.97   14.60 1772.00  164.00   14.90   2.2978   2.2647  -0.6241  -0.0371   1.3361   0.8898   8.1862
2461   275.12  4788.89   590.85   1.5000    130.10   -1.2262    815.80   14.97   14.60 1772.00  164.00   14.90   2.2989   2.2657  -0.6241  -0.0364   1.3361   0.8902   8.1862
2462   275.12  4788.89   591.03   1.5000    128.96   -1.1364    815.80   14.97   14.60 1772.00  164.00   14.90   2.2995   2.2663  -0.6241  -0.0363   1.3361   0.8906   8.1862
2463   275.11  4788.89   591.20   1.5000    127.64   -1.3254    815.80   14.97   14.60 1772.00  164.00   14.90   2.2996   2.2665  -0.6241  -0.0366   1.3361   0.8910   8.1862
2464   275.07  4788.89   591.36   1.5000    126.40   -1.2357    815.80   14.97   14.60 1772.00  164.00   14.90   2.2993   2.2662  -0.6241  -0.0373   1.3361   0.8914   8.1863
2465   275.07  4788.89   591.53   1.5000    125.25   -1.1517    815.80   14.97   14.60 1772.00  164.00   14.90   2.2997   2.2665  -0.6241  -0.0373   1.3361   0.8918   8.1863
2466   275.04  4788.89   591.69   1.5000    123.90   -1.3465    815.80   14.97   14.60 1772.00  164.00   14.90   2.2996   2.2664  -0.6241  -0.0379   1.3361   0.8922   8.1863
2467   274.99  4788.89   591.86   1.5000    122.64   -1.2625    815.80   14.97   14.60 1772.00  164.00   14.90   2.2990   2.2659  -0.6241  -0.0389   1.3361   0.8925   8.1864
2468   274.92  4788.89   592.02   1.5000    121.19   -1.4573    815.80   14.97   14.60 1772.00  164.00   14.90   2.2980   2.2649  -0.6241  -0.0403   1.3361   0.8929   8.1864
2469   274.82  4788.89   592.18   1.5000    119.81   -1.3733    815.80   14.97   14.60 1772.00  164.00   14.90   2.2966   2.2635  -0.6241  -0.0421   1.3361   0.8933   8.1866
2470   274.76  4788.89   592.34   1.5000    118.50   -1.3120    815.80   14.97   14.60 1772.00  164.00   14.90   2.2959   2.2627  -0.6241  -0.0433   1.3361   0.8936   8.1866
2471   274.79  4788.89   592.50   1.5000    117.53   -0.9720    815.80   14.97   14.60 1772.00  164.00   14.90   2.2967   2.2636  -0.6241  -0.0428   1.3361   0.8940   8.1866
2472   274.89  4788.89   592.65   1.5000    116.62   -0.9106    815.80   14.97   14.60 1772.00  164.00   14.90   2.2991   2.2659  -0.6241  -0.0408   1.3361   0.8944   8.1865
2473   274.95  4788.89   592.81   1.5000    115.49   -1.1280    815.80   14.97   14.60 1772.00  164.00   14.90   2.3006   2.2675  -0.6241  -0.0397   1.3361   0.8947   8.1864
2474   274.96  4788.89   592.96   1.5000    114.42   -1.0666    815.80   14.97   14.60 1772.00  164.00   14.90   2.3013   2.2682  -0.6241  -0.0394   1.3361   0.8951   8.1864
2475   275.06  4788.89   593.11   1.5000    113.70   -0.7266    815.80   14.97   14.60 1772.00  164.00   14.90   2.3036   2.2705  -0.6241  -0.0375   1.3361   0.8954   8.1863
2476   275.23  4788.89   593.26   1.5000    113.03   -0.6653    815.80   14.97   14.60 1772.00  164.00   14.90   2.3073   2.2742  -0.6241  -0.0342   1.3361   0.8958   8.1861
2477   275.47  4788.89   593.41   1.5000    112.71   -0.3252    815.80   14.97   14.60 1772.00  164.00   14.90   2.3123   2.2792  -0.6241  -0.0295   1.3361   0.8961   8.1857
2478   275.77  4788.89   593.56   1.5000    112.44   -0.2639    815.80   14.97   14.60 1772.00  164.00   14.90   2.3186   2.2855  -0.6241  -0.0237   1.3361   0.8965   8.1854
2479   276.02  4788.89   593.70   1.5000    111.96   -0.4812    815.80   14.97   14.60 1772.00  164.00   14.90   2.3238   2.2907  -0.6241  -0.0188   1.3361   0.8968   8.1851
2480   276.11  4788.89   593.85   1.5000    110.98   -0.9773    815.80   14.97   14.60 1772.00  164.00   14.90   2.3258   2.2927  -0.6241  -0.0172   1.3361   0.8971   8.1849
2481   276.04  4788.89   593.99   1.5000    109.79   -1.1947    815.80   14.97   14.60 1772.00  164.00   14.90   2.3249   2.2918  -0.6241  -0.0185   1.3361   0.8975   8.1850
2482   275.95  4788.89   594.13   1.5000    108.66   -1.1333    815.80   14.97   14.60 1772.00  164.00   14.90   2.3235   2.2903  -0.6241  -0.0203   1.3361   0.8978   8.1851
2483   275.92  4788.89   594.27   1.5000    107.72   -0.9325    815.80   14.97   14.60 1772.00  164.00   14.90   2.3233   2.2902  -0.6241  -0.0208   1.3361   0.8981   8.1852
2484   276.04  4788.90   594.41   1.5000    107.27   -0.4531    815.80   14.97   14.60 1772.00  164.00   14.90   2.3259   2.2928  -0.6241  -0.0186   1.3361   0.8984   8.1850
2485   276.28  4788.90   594.55   1.5000    107.02   -0.2523    815.80   14.97   14.60 1772.00  164.00   14.90   2.3311   2.2979  -0.6241  -0.0138   1.3361   0.8988   8.1847
2486   276.54  4788.90   594.69   1.5000    106.69   -0.3302    815.80   14.97   14.60 1772.00  164.00   14.90   2.3364   2.3032  -0.6241  -0.0089   1.3361   0.8991   8.1844
2487   276.80  4788.90   594.82   1.5000    106.56   -0.1295    815.80   14.97   14.60 1772.00  164.00   14.90   2.3418   2.3087  -0.6241  -0.0038   1.3361   0.8994   8.1841
2488   277.08  4788.90   594.96   1.5000    106.35   -0.2074    815.80   14.97   14.60 1772.00  164.00   14.90   2.3474   2.3143  -0.6241   0.0015   1.3361   0.8997   8.1837
2489   277.24  4788.90   595.09   1.5000    105.79   -0.5640    815.80   14.97   14.60 1772.00  164.00   14.90   2.3510   2.3178  -0.6241   0.0047   1.3361   0.9000   8.1835
2490   277.31  4788.90   595.22   1.5000    105.14   -0.6420    815.80   14.97   14.60 1772.00  164.00   14.90   2.3526   2.3195  -0.6241   0.0060   1.3361   0.9003   8.1834
2491   277.40  4788.90   595.35   1.5000    104.70   -0.4412    815.80   14.97   14.60 1772.00  164.00   14.90   2.3547   2.3216  -0.6241   0.0078   1.3361   0.9006   8.1833
2492   277.52  4788.90   595.48   1.5000    104.18   -0.5191    815.80   14.97   14.60 1772.00  164.00   14.90   2.3573   2.3242  -0.6241   0.0100   1.3361   0.9009   8.1832
2493   277.54  4788.90   595.61   1.5000    103.31   -0.8758    815.80   14.97   14.60 1772.00  164.00   14.90   2.3581   2.3249  -0.6241   0.0104   1.3361   0.9012   8.1831
2494   277.47  4788.90   595.73   1.5000    102.35   -0.9537    815.80   14.97   14.60 1772.00  164.00   14.90   2.3571   2.3240  -0.6241   0.0091   1.3361   0.9015   8.1832
2495   277.32  4788.90   595.86   1.5000    101.04   -1.3103    815.80   14.97   14.60 1772.00  164.00   14.90   2.3546   2.3215  -0.6241   0.0063   1.3361   0.9018   8.1834
2496   276.98  4788.90   595.98   1.5000     99.10   -1.9457    815.80   14.97   14.60 1772.00  164.00   14.90   2.3484   2.3152  -0.6241  -0.0003   1.3361   0.9021   8.1838
2497   276.46  4788.90   596.11   1.5000     96.80   -2.3023    815.80   14.97   14.60 1772.00  164.00   14.90   2.3386   2.3055  -0.6241  -0.0104   1.3361   0.9024   8.1845
2498   275.77  4788.90   596.23   1.5000     93.86   -2.9376    815.80   14.97   14.60 1772.00  164.00   14.90   2.3256   2.2925  -0.6241  -0.0237   1.3361   0.9026   8.1854
2499   274.81  4788.90   596.35   1.5000     90.01   -3.8517    815.80   14.97   14.60 1772.00  164.00   14.90   2.3073   2.2741  -0.6241  -0.0424   1.3361   0.9029   8.1866
2500   273.47  4788.90   596.47   1.5000     84.96   -5.0444    815.80   14.97   14.60 1772.00  164.00   14.90   2.2816   2.2484  -0.6241  -0.0684   1.3361   0.9032   8.1883
