YEAR RADTTL RADANT RADAER RADCO2 RADCH4 RADN2O RADSO2 RADO3TRP RADO3STR RADrOH RADNOx RADEESC RADSF6 RADCO RADVOC RADCRBAER RADAERIND RADH20STR
1750  -0.0069  -0.0029  -0.0213   0.0000   0.0061   0.0089  -0.0023   0.0010   0.0010   0.0010   0.0010   0.0010   0.0000   0.0010   0.0010  -0.0112  -0.0079   0.0002
1751  -0.0367  -0.0007  -0.0215   0.0018   0.0066   0.0090  -0.0023   0.0010   0.0010   0.0010   0.0010   0.0010   0.0000   0.0010   0.0010  -0.0113  -0.0079   0.0003
1752  -0.0548   0.0012  -0.0216   0.0034   0.0070   0.0090  -0.0023   0.0010   0.0010   0.0010   0.0010   0.0010   0.0000   0.0010   0.0010  -0.0113  -0.0080   0.0003
1753  -0.0498   0.0032  -0.0218   0.0049   0.0075   0.0091  -0.0023   0.0010   0.0010   0.0010   0.0010   0.0010   0.0000   0.0010   0.0010  -0.0114  -0.0080   0.0003
1754  -0.0610   0.0050  -0.0219   0.0064   0.0079   0.0092  -0.0023   0.0010   0.0010   0.0010   0.0010   0.0010   0.0000   0.0010   0.0010  -0.0115  -0.0081   0.0003
1755  -0.0711   0.0069  -0.0220   0.0079   0.0084   0.0092  -0.0023   0.0010   0.0010   0.0010   0.0010   0.0010   0.0000   0.0010   0.0010  -0.0116  -0.0081   0.0003
1756  -0.0682   0.0088  -0.0222   0.0094   0.0089   0.0093  -0.0023   0.0010   0.0010   0.0010   0.0010   0.0010   0.0000   0.0010   0.0010  -0.0117  -0.0081   0.0004
1757  -0.0503   0.0107  -0.0224   0.0109   0.0093   0.0093  -0.0024   0.0010   0.0010   0.0010   0.0010   0.0010   0.0000   0.0010   0.0010  -0.0118  -0.0082   0.0004
1758  -0.0404   0.0126  -0.0225   0.0124   0.0098   0.0094  -0.0024   0.0010   0.0010   0.0010   0.0010   0.0010   0.0000   0.0010   0.0010  -0.0119  -0.0082   0.0004
1759  -0.0305   0.0145  -0.0226   0.0140   0.0102   0.0095  -0.0024   0.0010   0.0010   0.0010   0.0010   0.0010   0.0000   0.0010   0.0010  -0.0120  -0.0083   0.0004
1760  -0.0084   0.0166  -0.0228   0.0156   0.0107   0.0096  -0.0024   0.0010   0.0010   0.0010   0.0010   0.0010   0.0000   0.0010   0.0010  -0.0120  -0.0083   0.0004
1761  -0.0414   0.0186  -0.0229   0.0172   0.0111   0.0096  -0.0024   0.0010   0.0010   0.0010   0.0010   0.0010   0.0000   0.0010   0.0010  -0.0121  -0.0084   0.0004
1762  -0.0224   0.0206  -0.0230   0.0189   0.0115   0.0097  -0.0024   0.0010   0.0010   0.0010   0.0010   0.0010   0.0000   0.0010   0.0010  -0.0122  -0.0084   0.0005
1763  -0.0343   0.0227  -0.0232   0.0206   0.0120   0.0098  -0.0024   0.0010   0.0010   0.0010   0.0010   0.0010   0.0000   0.0010   0.0010  -0.0123  -0.0085   0.0005
1764  -0.0532   0.0248  -0.0233   0.0224   0.0124   0.0098  -0.0025   0.0010   0.0010   0.0010   0.0010   0.0010   0.0000   0.0010   0.0010  -0.0124  -0.0085   0.0005
1765  -0.0519   0.0271  -0.0235   0.0242   0.0128   0.0099  -0.0025   0.0010   0.0010   0.0010   0.0010   0.0010   0.0000   0.0010   0.0010  -0.0124  -0.0086   0.0005
1766  -0.1616   0.0294  -0.0236   0.0261   0.0132   0.0100  -0.0025   0.0010   0.0010   0.0010   0.0010   0.0010   0.0000   0.0010   0.0010  -0.0125  -0.0086   0.0005
1767  -0.0623   0.0317  -0.0238   0.0281   0.0136   0.0101  -0.0025   0.0010   0.0010   0.0010   0.0010   0.0010   0.0000   0.0010   0.0010  -0.0126  -0.0086   0.0005
1768   0.0132   0.0342  -0.0239   0.0302   0.0141   0.0101  -0.0025   0.0010   0.0010   0.0010   0.0010   0.0010   0.0000   0.0010   0.0010  -0.0127  -0.0087   0.0006
1769   0.0348   0.0368  -0.0240   0.0324   0.0145   0.0102  -0.0025   0.0010   0.0010   0.0010   0.0010   0.0010   0.0000   0.0010   0.0010  -0.0128  -0.0087   0.0006
1770   0.0573   0.0393  -0.0242   0.0345   0.0149   0.0103  -0.0025   0.0010   0.0010   0.0010   0.0010   0.0010   0.0000   0.0010   0.0010  -0.0129  -0.0088   0.0006
1771   0.0423   0.0413  -0.0248   0.0368   0.0153   0.0104  -0.0026   0.0010   0.0010   0.0010   0.0010   0.0010   0.0000   0.0010   0.0010  -0.0130  -0.0092   0.0006
1772   0.0208   0.0438  -0.0251   0.0391   0.0156   0.0104  -0.0027   0.0010   0.0010   0.0010   0.0010   0.0010   0.0000   0.0010   0.0010  -0.0132  -0.0092   0.0006
1773  -0.0077   0.0463  -0.0253   0.0415   0.0159   0.0105  -0.0027   0.0010   0.0010   0.0010   0.0010   0.0010   0.0000   0.0010   0.0010  -0.0134  -0.0093   0.0006
1774  -0.0400   0.0490  -0.0256   0.0439   0.0163   0.0106  -0.0027   0.0010   0.0010   0.0010   0.0010   0.0010   0.0000   0.0010   0.0010  -0.0135  -0.0094   0.0006
1775  -0.0444   0.0516  -0.0259   0.0463   0.0166   0.0107  -0.0027   0.0010   0.0010   0.0010   0.0010   0.0010   0.0000   0.0010   0.0010  -0.0137  -0.0095   0.0007
1776  -0.2659   0.0541  -0.0261   0.0488   0.0169   0.0108  -0.0027   0.0010   0.0010   0.0010   0.0010   0.0010   0.0000   0.0010   0.0010  -0.0138  -0.0095   0.0007
1777  -0.0062   0.0568  -0.0264   0.0513   0.0173   0.0108  -0.0028   0.0010   0.0010   0.0010   0.0010   0.0010   0.0000   0.0010   0.0010  -0.0140  -0.0096   0.0007
1778   0.0755   0.0595  -0.0266   0.0538   0.0176   0.0109  -0.0028   0.0010   0.0010   0.0010   0.0010   0.0010   0.0000   0.0010   0.0010  -0.0142  -0.0097   0.0007
1779   0.0611   0.0621  -0.0269   0.0563   0.0179   0.0110  -0.0028   0.0010   0.0010   0.0010   0.0010   0.0010   0.0000   0.0010   0.0010  -0.0143  -0.0098   0.0007
1780   0.0648   0.0648  -0.0272   0.0588   0.0183   0.0111  -0.0028   0.0010   0.0010   0.0010   0.0010   0.0010   0.0000   0.0010   0.0010  -0.0145  -0.0098   0.0007
1781   0.0231   0.0671  -0.0278   0.0614   0.0185   0.0111  -0.0029   0.0010   0.0010   0.0010   0.0010   0.0010   0.0000   0.0010   0.0010  -0.0146  -0.0102   0.0007
1782   0.0558   0.0698  -0.0279   0.0639   0.0188   0.0112  -0.0030   0.0010   0.0010   0.0010   0.0010   0.0010   0.0000   0.0010   0.0010  -0.0147  -0.0103   0.0007
1783  -0.4204   0.0726  -0.0281   0.0665   0.0190   0.0113  -0.0030   0.0010   0.0010   0.0010   0.0010   0.0010   0.0000   0.0010   0.0010  -0.0148  -0.0103   0.0008
1784  -0.3707   0.0753  -0.0283   0.0690   0.0193   0.0114  -0.0030   0.0010   0.0010   0.0010   0.0010   0.0010   0.0000   0.0010   0.0010  -0.0149  -0.0104   0.0008
1785  -0.0200   0.0780  -0.0285   0.0716   0.0195   0.0114  -0.0030   0.0010   0.0010   0.0010   0.0010   0.0010   0.0000   0.0010   0.0010  -0.0150  -0.0104   0.0008
1786   0.0467   0.0807  -0.0286   0.0741   0.0198   0.0115  -0.0030   0.0010   0.0010   0.0010   0.0010   0.0010   0.0000   0.0010   0.0010  -0.0151  -0.0105   0.0008
1787   0.0673   0.0833  -0.0288   0.0766   0.0200   0.0116  -0.0030   0.0010   0.0010   0.0010   0.0010   0.0010   0.0000   0.0010   0.0010  -0.0153  -0.0105   0.0008
1788  -0.4520   0.0860  -0.0290   0.0791   0.0203   0.0117  -0.0031   0.0010   0.0010   0.0010   0.0010   0.0010   0.0000   0.0010   0.0010  -0.0154  -0.0106   0.0008
1789  -0.2063   0.0887  -0.0292   0.0817   0.0205   0.0117  -0.0031   0.0010   0.0010   0.0010   0.0010   0.0010   0.0000   0.0010   0.0010  -0.0155  -0.0106   0.0008
1790  -0.0007   0.0913  -0.0294   0.0842   0.0208   0.0118  -0.0031   0.0010   0.0010   0.0010   0.0010   0.0010   0.0000   0.0010   0.0010  -0.0156  -0.0107   0.0008
1791   0.1028   0.0938  -0.0299   0.0866   0.0212   0.0119  -0.0032   0.0010   0.0010   0.0010   0.0010   0.0010   0.0000   0.0010   0.0010  -0.0157  -0.0111   0.0008
1792   0.0735   0.0965  -0.0300   0.0891   0.0215   0.0120  -0.0032   0.0010   0.0010   0.0010   0.0010   0.0010   0.0000   0.0010   0.0010  -0.0157  -0.0111   0.0009
1793   0.0803   0.0993  -0.0301   0.0915   0.0219   0.0121  -0.0032   0.0010   0.0010   0.0010   0.0010   0.0010   0.0000   0.0010   0.0010  -0.0158  -0.0111   0.0009
1794   0.0590   0.1020  -0.0303   0.0938   0.0223   0.0122  -0.0032   0.0010   0.0010   0.0010   0.0010   0.0010   0.0000   0.0010   0.0010  -0.0159  -0.0112   0.0009
1795   0.0636   0.1046  -0.0304   0.0960   0.0227   0.0122  -0.0032   0.0010   0.0010   0.0010   0.0010   0.0010   0.0000   0.0010   0.0010  -0.0159  -0.0112   0.0009
1796   0.0451   0.1071  -0.0305   0.0982   0.0231   0.0123  -0.0032   0.0010   0.0010   0.0010   0.0010   0.0010   0.0000   0.0010   0.0010  -0.0160  -0.0113   0.0009
1797   0.0473   0.1093  -0.0311   0.1004   0.0235   0.0124  -0.0033   0.0010   0.0010   0.0010   0.0010   0.0010   0.0000   0.0010   0.0010  -0.0161  -0.0116   0.0009
1798   0.0367   0.1117  -0.0312   0.1024   0.0239   0.0125  -0.0034   0.0010   0.0010   0.0010   0.0010   0.0010   0.0000   0.0010   0.0010  -0.0162  -0.0117   0.0009
1799   0.0380   0.1140  -0.0313   0.1044   0.0243   0.0126  -0.0034   0.0010   0.0010   0.0010   0.0010   0.0010   0.0000   0.0010   0.0010  -0.0163  -0.0117   0.0010
1800   0.0349   0.1159  -0.0320   0.1064   0.0247   0.0127  -0.0035   0.0010   0.0010   0.0010   0.0010   0.0010   0.0000   0.0010   0.0010  -0.0164  -0.0121   0.0010
1801   0.0432   0.1182  -0.0321   0.1082   0.0252   0.0128  -0.0035   0.0010   0.0010   0.0010   0.0010   0.0010   0.0000   0.0010   0.0010  -0.0165  -0.0121   0.0010
1802   0.0626   0.1196  -0.0331   0.1100   0.0257   0.0128  -0.0037   0.0010   0.0010   0.0010   0.0010   0.0010   0.0000   0.0010   0.0010  -0.0166  -0.0128   0.0010
1803   0.0441   0.1221  -0.0330   0.1117   0.0263   0.0129  -0.0036   0.0010   0.0010   0.0010   0.0010   0.0010   0.0000   0.0010   0.0010  -0.0168  -0.0126   0.0010
1804   0.0322   0.1242  -0.0332   0.1133   0.0268   0.0130  -0.0036   0.0010   0.0010   0.0010   0.0010   0.0010   0.0000   0.0010   0.0010  -0.0169  -0.0126   0.0011
1805   0.0391   0.1261  -0.0335   0.1149   0.0274   0.0131  -0.0037   0.0010   0.0010   0.0010   0.0010   0.0010   0.0000   0.0010   0.0010  -0.0171  -0.0127   0.0011
1806   0.0375   0.1275  -0.0341   0.1163   0.0279   0.0132  -0.0038   0.0010   0.0010   0.0010   0.0010   0.0010   0.0000   0.0010   0.0010  -0.0172  -0.0131   0.0011
1807   0.0172   0.1292  -0.0344   0.1176   0.0284   0.0133  -0.0038   0.0010   0.0010   0.0010   0.0010   0.0010   0.0000   0.0010   0.0010  -0.0174  -0.0132   0.0011
1808   0.0118   0.1308  -0.0346   0.1187   0.0290   0.0134  -0.0038   0.0010   0.0010   0.0010   0.0010   0.0010   0.0000   0.0010   0.0010  -0.0175  -0.0132   0.0011
1809  -4.0716   0.1324  -0.0348   0.1198   0.0296   0.0135  -0.0038   0.0010   0.0010   0.0010   0.0010   0.0010   0.0000   0.0010   0.0010  -0.0177  -0.0133   0.0012
1810  -2.2811   0.1339  -0.0351   0.1210   0.0301   0.0136  -0.0039   0.0010   0.0010   0.0010   0.0010   0.0010   0.0000   0.0010   0.0010  -0.0178  -0.0134   0.0012
1811  -0.5018   0.1352  -0.0357   0.1222   0.0306   0.0137  -0.0040   0.0010   0.0010   0.0010   0.0010   0.0010   0.0000   0.0010   0.0010  -0.0179  -0.0138   0.0012
1812  -0.4441   0.1369  -0.0359   0.1234   0.0312   0.0139  -0.0040   0.0010   0.0010   0.0010   0.0010   0.0010   0.0000   0.0010   0.0010  -0.0180  -0.0138   0.0012
1813  -0.3944   0.1386  -0.0360   0.1246   0.0317   0.0140  -0.0040   0.0010   0.0010   0.0010   0.0010   0.0010   0.0000   0.0010   0.0010  -0.0181  -0.0139   0.0013
1814  -0.0689   0.1401  -0.0362   0.1256   0.0323   0.0141  -0.0040   0.0010   0.0010   0.0010   0.0010   0.0010   0.0000   0.0010   0.0010  -0.0183  -0.0139   0.0013
1815  -4.0588   0.1412  -0.0368   0.1265   0.0329   0.0142  -0.0041   0.0010   0.0010   0.0010   0.0010   0.0010   0.0000   0.0010   0.0010  -0.0184  -0.0143   0.0013
1816  -4.0047   0.1423  -0.0374   0.1274   0.0335   0.0143  -0.0042   0.0010   0.0010   0.0010   0.0010   0.0010   0.0000   0.0010   0.0010  -0.0185  -0.0147   0.0013
1817  -0.9057   0.1433  -0.0380   0.1284   0.0340   0.0144  -0.0043   0.0010   0.0010   0.0010   0.0010   0.0010   0.0000   0.0010   0.0010  -0.0186  -0.0150   0.0013
1818  -0.0402   0.1448  -0.0381   0.1294   0.0345   0.0146  -0.0044   0.0010   0.0010   0.0010   0.0010   0.0010   0.0000   0.0010   0.0010  -0.0187  -0.0151   0.0014
1819   0.0183   0.1463  -0.0383   0.1304   0.0350   0.0147  -0.0044   0.0010   0.0010   0.0010   0.0010   0.0010   0.0000   0.0010   0.0010  -0.0188  -0.0151   0.0014
1820   0.0306   0.1476  -0.0385   0.1312   0.0356   0.0148  -0.0044   0.0010   0.0010   0.0010   0.0010   0.0010   0.0000   0.0010   0.0010  -0.0189  -0.0152   0.0014
1821   0.0327   0.1487  -0.0387   0.1319   0.0361   0.0149  -0.0044   0.0010   0.0010   0.0010   0.0010   0.0010   0.0000   0.0010   0.0010  -0.0190  -0.0153   0.0014
1822  -0.0916   0.1494  -0.0394   0.1325   0.0366   0.0151  -0.0045   0.0010   0.0010   0.0010   0.0010   0.0010   0.0000   0.0010   0.0010  -0.0192  -0.0157   0.0015
1823  -1.1420   0.1500  -0.0400   0.1331   0.0372   0.0152  -0.0046   0.0010   0.0010   0.0010   0.0010   0.0010   0.0000   0.0010   0.0010  -0.0193  -0.0161   0.0015
1824  -0.3850   0.1510  -0.0403   0.1336   0.0377   0.0153  -0.0047   0.0010   0.0010   0.0010   0.0010   0.0010   0.0000   0.0010   0.0010  -0.0195  -0.0161   0.0015
1825   0.0186   0.1516  -0.0409   0.1341   0.0383   0.0155  -0.0048   0.0010   0.0010   0.0010   0.0010   0.0010   0.0000   0.0010   0.0010  -0.0196  -0.0165   0.0015
1826   0.0805   0.1525  -0.0411   0.1345   0.0388   0.0156  -0.0048   0.0010   0.0010   0.0010   0.0010   0.0010   0.0000   0.0010   0.0010  -0.0197  -0.0166   0.0015
1827   0.0998   0.1528  -0.0418   0.1348   0.0394   0.0157  -0.0049   0.0010   0.0010   0.0010   0.0010   0.0010   0.0000   0.0010   0.0010  -0.0199  -0.0170   0.0016
1828   0.1035   0.1535  -0.0420   0.1350   0.0399   0.0159  -0.0049   0.0010   0.0010   0.0010   0.0010   0.0010   0.0000   0.0010   0.0010  -0.0201  -0.0170   0.0016
1829   0.1060   0.1540  -0.0423   0.1351   0.0405   0.0160  -0.0049   0.0010   0.0010   0.0010   0.0010   0.0010   0.0000   0.0010   0.0010  -0.0202  -0.0171   0.0016
1830  -0.6469   0.1521  -0.0449   0.1350   0.0411   0.0162  -0.0055   0.0010   0.0010   0.0010   0.0010   0.0010   0.0000   0.0010   0.0010  -0.0204  -0.0190   0.0016
1831  -1.3960   0.1530  -0.0447   0.1350   0.0416   0.0163  -0.0054   0.0010   0.0010   0.0010   0.0010   0.0010   0.0000   0.0010   0.0010  -0.0205  -0.0188   0.0016
1832  -0.4126   0.1534  -0.0449   0.1349   0.0421   0.0165  -0.0055   0.0010   0.0010   0.0010   0.0010   0.0010   0.0000   0.0010   0.0010  -0.0206  -0.0188   0.0017
1833   0.0213   0.1533  -0.0455   0.1348   0.0427   0.0166  -0.0056   0.0010   0.0010   0.0010   0.0010   0.0010   0.0000   0.0010   0.0010  -0.0208  -0.0192   0.0017
1834   0.0916   0.1536  -0.0457   0.1346   0.0432   0.0168  -0.0056   0.0010   0.0010   0.0010   0.0010   0.0010   0.0000   0.0010   0.0010  -0.0209  -0.0193   0.0017
1835  -1.5074   0.1536  -0.0463   0.1343   0.0437   0.0170  -0.0057   0.0010   0.0010   0.0010   0.0010   0.0010   0.0000   0.0010   0.0010  -0.0210  -0.0196   0.0017
1836  -0.7688   0.1522  -0.0482   0.1341   0.0443   0.0171  -0.0061   0.0010   0.0010   0.0010   0.0010   0.0010   0.0000   0.0010   0.0010  -0.0211  -0.0209   0.0018
1837  -0.0265   0.1525  -0.0484   0.1339   0.0448   0.0173  -0.0061   0.0010   0.0010   0.0010   0.0010   0.0010   0.0000   0.0010   0.0010  -0.0213  -0.0210   0.0018
1838   0.1855   0.1525  -0.0491   0.1338   0.0454   0.0175  -0.0062   0.0010   0.0010   0.0010   0.0010   0.0010   0.0000   0.0010   0.0010  -0.0214  -0.0214   0.0018
1839   0.1808   0.1528  -0.0497   0.1340   0.0459   0.0176  -0.0063   0.0010   0.0010   0.0010   0.0010   0.0010   0.0000   0.0010   0.0010  -0.0216  -0.0218   0.0018
1840   0.1640   0.1530  -0.0507   0.1345   0.0465   0.0178  -0.0065   0.0010   0.0010   0.0010   0.0010   0.0010   0.0000   0.0010   0.0010  -0.0217  -0.0225   0.0018
1841   0.1441   0.1541  -0.0514   0.1353   0.0472   0.0180  -0.0066   0.0010   0.0010   0.0010   0.0010   0.0010   0.0000   0.0010   0.0010  -0.0219  -0.0228   0.0019
1842   0.1110   0.1550  -0.0524   0.1363   0.0479   0.0182  -0.0068   0.0010   0.0010   0.0010   0.0010   0.0010   0.0000   0.0010   0.0010  -0.0220  -0.0235   0.0019
1843   0.0995   0.1565  -0.0531   0.1376   0.0486   0.0184  -0.0069   0.0010   0.0010   0.0010   0.0010   0.0010   0.0000   0.0010   0.0010  -0.0222  -0.0239   0.0019
1844   0.1009   0.1579  -0.0541   0.1391   0.0493   0.0186  -0.0071   0.0010   0.0010   0.0010   0.0010   0.0010   0.0000   0.0010   0.0010  -0.0223  -0.0246   0.0020
1845   0.1148   0.1588  -0.0559   0.1409   0.0500   0.0188  -0.0075   0.0010   0.0010   0.0010   0.0010   0.0010   0.0000   0.0010   0.0010  -0.0225  -0.0259   0.0020
1846   0.0894   0.1614  -0.0561   0.1428   0.0506   0.0190  -0.0076   0.0010   0.0010   0.0010   0.0010   0.0010   0.0000   0.0010   0.0010  -0.0226  -0.0260   0.0020
1847  -0.0780   0.1630  -0.0575   0.1449   0.0513   0.0192  -0.0078   0.0010   0.0010   0.0010   0.0010   0.0010   0.0000   0.0010   0.0010  -0.0228  -0.0269   0.0020
1848   0.1335   0.1655  -0.0582   0.1470   0.0520   0.0194  -0.0080   0.0010   0.0010   0.0010   0.0010   0.0010   0.0000   0.0010   0.0010  -0.0229  -0.0273   0.0021
1849   0.1653   0.1673  -0.0596   0.1493   0.0528   0.0196  -0.0082   0.0010   0.0010   0.0010   0.0010   0.0010   0.0000   0.0010   0.0010  -0.0230  -0.0283   0.0021
1850   0.1784   0.1674  -0.0626   0.1516   0.0533   0.0199  -0.0088   0.0010   0.0010   0.0010   0.0010   0.0010   0.0000   0.0010   0.0010  -0.0238  -0.0300   0.0021
1851   0.1602   0.1712  -0.0628   0.1539   0.0537   0.0201  -0.0088   0.0010   0.0010   0.0010   0.0010   0.0010   0.0000   0.0010   0.0010  -0.0239  -0.0301   0.0021
1852   0.1537   0.1737  -0.0648   0.1563   0.0547   0.0203  -0.0091   0.0010   0.0010   0.0010   0.0010   0.0010   0.0000   0.0010   0.0010  -0.0244  -0.0313   0.0022
1853   0.1463   0.1783  -0.0658   0.1589   0.0554   0.0205  -0.0093   0.0010   0.0010   0.0010   0.0010   0.0010   0.0000   0.0010   0.0010  -0.0246  -0.0320   0.0022
1854  -0.0651   0.1789  -0.0700   0.1614   0.0564   0.0208  -0.0103   0.0010   0.0010   0.0010   0.0010   0.0010   0.0000   0.0010   0.0010  -0.0247  -0.0351   0.0022
1855   0.0894   0.1824  -0.0710   0.1640   0.0570   0.0210  -0.0104   0.0010   0.0010   0.0010   0.0010   0.0010   0.0000   0.0010   0.0010  -0.0248  -0.0357   0.0023
1856   0.0926   0.1846  -0.0733   0.1667   0.0576   0.0213  -0.0109   0.0010   0.0010   0.0010   0.0010   0.0010   0.0000   0.0010   0.0010  -0.0250  -0.0373   0.0023
1857   0.0299   0.1889  -0.0740   0.1693   0.0586   0.0215  -0.0110   0.0010   0.0010   0.0010   0.0010   0.0010   0.0000   0.0010   0.0010  -0.0252  -0.0377   0.0023
1858   0.1489   0.1929  -0.0748   0.1721   0.0594   0.0218  -0.0112   0.0010   0.0010   0.0010   0.0010   0.0010   0.0000   0.0010   0.0010  -0.0254  -0.0382   0.0024
1859   0.1726   0.1966  -0.0771   0.1748   0.0603   0.0220  -0.0117   0.0010   0.0010   0.0010   0.0010   0.0010   0.0000   0.0010   0.0010  -0.0256  -0.0398   0.0024
1860   0.1890   0.1980  -0.0806   0.1776   0.0611   0.0223  -0.0124   0.0010   0.0010   0.0010   0.0010   0.0010   0.0000   0.0010   0.0010  -0.0259  -0.0423   0.0024
1861   0.2040   0.2010  -0.0826   0.1805   0.0619   0.0226  -0.0128   0.0010   0.0010   0.0010   0.0010   0.0010   0.0000   0.0010   0.0010  -0.0261  -0.0436   0.0025
1862   0.2028   0.2058  -0.0825   0.1832   0.0627   0.0229  -0.0129   0.0010   0.0010   0.0010   0.0010   0.0010   0.0000   0.0010   0.0010  -0.0259  -0.0438   0.0025
1863   0.1896   0.2076  -0.0856   0.1857   0.0636   0.0232  -0.0135   0.0010   0.0010   0.0010   0.0010   0.0010   0.0000   0.0010   0.0010  -0.0261  -0.0460   0.0025
1864   0.1773   0.2093  -0.0894   0.1883   0.0644   0.0234  -0.0144   0.0010   0.0010   0.0010   0.0010   0.0010   0.0000   0.0010   0.0010  -0.0263  -0.0488   0.0025
1865   0.1722   0.2112  -0.0925   0.1908   0.0654   0.0237  -0.0150   0.0010   0.0010   0.0010   0.0010   0.0010   0.0000   0.0010   0.0010  -0.0265  -0.0510   0.0026
1866   0.1698   0.2148  -0.0940   0.1934   0.0665   0.0240  -0.0153   0.0010   0.0010   0.0010   0.0010   0.0010   0.0000   0.0010   0.0010  -0.0267  -0.0520   0.0026
1867   0.1700   0.2160  -0.0974   0.1961   0.0671   0.0243  -0.0161   0.0010   0.0010   0.0010   0.0010   0.0010   0.0000   0.0010   0.0010  -0.0269  -0.0544   0.0027
1868   0.1833   0.2193  -0.0992   0.1989   0.0681   0.0246  -0.0165   0.0010   0.0010   0.0010   0.0010   0.0010   0.0000   0.0010   0.0010  -0.0270  -0.0557   0.0027
1869   0.2008   0.2208  -0.1027   0.2019   0.0688   0.0250  -0.0172   0.0010   0.0010   0.0010   0.0010   0.0010   0.0000   0.0010   0.0010  -0.0272  -0.0582   0.0027
1870   0.2160   0.2250  -0.1049   0.2049   0.0699   0.0253  -0.0177   0.0010   0.0010   0.0010   0.0010   0.0010   0.0000   0.0010   0.0010  -0.0274  -0.0598   0.0028
1871   0.2473   0.2263  -0.1094   0.2082   0.0709   0.0256  -0.0187   0.0010   0.0010   0.0010   0.0010   0.0010   0.0000   0.0010   0.0010  -0.0277  -0.0630   0.0028
1872   0.2433   0.2243  -0.1174   0.2122   0.0716   0.0259  -0.0204   0.0010   0.0010   0.0010   0.0010   0.0010   0.0000   0.0010   0.0010  -0.0285  -0.0685   0.0028
1873   0.2481   0.2271  -0.1217   0.2170   0.0726   0.0263  -0.0214   0.0010   0.0010   0.0010   0.0010   0.0010   0.0000   0.0010   0.0010  -0.0288  -0.0716   0.0029
1874   0.2377   0.2377  -0.1181   0.2220   0.0732   0.0266  -0.0205   0.0010   0.0010   0.0010   0.0010   0.0010   0.0000   0.0010   0.0010  -0.0290  -0.0687   0.0029
1875   0.2225   0.2405  -0.1240   0.2273   0.0743   0.0270  -0.0218   0.0010   0.0010   0.0010   0.0010   0.0010   0.0000   0.0010   0.0010  -0.0293  -0.0730   0.0029
1876   0.2060   0.2470  -0.1256   0.2328   0.0753   0.0273  -0.0221   0.0010   0.0010   0.0010   0.0010   0.0010   0.0000   0.0010   0.0010  -0.0295  -0.0740   0.0030
1877   0.1963   0.2533  -0.1272   0.2386   0.0760   0.0277  -0.0224   0.0010   0.0010   0.0010   0.0010   0.0010   0.0000   0.0010   0.0010  -0.0297  -0.0750   0.0030
1878   0.1965   0.2605  -0.1283   0.2446   0.0770   0.0280  -0.0226   0.0010   0.0010   0.0010   0.0010   0.0010   0.0000   0.0010   0.0010  -0.0299  -0.0757   0.0030
1879   0.1979   0.2629  -0.1342   0.2508   0.0777   0.0284  -0.0240   0.0010   0.0010   0.0010   0.0010   0.0010   0.0000   0.0010   0.0010  -0.0302  -0.0800   0.0031
1880   0.1901   0.2611  -0.1448   0.2572   0.0787   0.0288  -0.0265   0.0010   0.0010   0.0010   0.0010   0.0010   0.0000   0.0010   0.0010  -0.0306  -0.0878   0.0031
1881   0.2140   0.2680  -0.1483   0.2640   0.0798   0.0292  -0.0272   0.0010   0.0010   0.0010   0.0010   0.0010   0.0000   0.0010   0.0010  -0.0310  -0.0901   0.0032
1882   0.2140   0.2720  -0.1532   0.2704   0.0809   0.0295  -0.0284   0.0010   0.0010   0.0010   0.0010   0.0010   0.0000   0.0010   0.0010  -0.0309  -0.0939   0.0032
1883  -0.5222   0.2738  -0.1599   0.2762   0.0821   0.0299  -0.0299   0.0010   0.0010   0.0010   0.0010   0.0010   0.0000   0.0010   0.0010  -0.0312  -0.0987   0.0033
1884  -1.8715   0.2805  -0.1614   0.2820   0.0831   0.0303  -0.0302   0.0010   0.0010   0.0010   0.0010   0.0010   0.0000   0.0010   0.0010  -0.0314  -0.0997   0.0033
1885  -0.4611   0.2869  -0.1628   0.2878   0.0839   0.0307  -0.0306   0.0010   0.0010   0.0010   0.0010   0.0010   0.0000   0.0010   0.0010  -0.0316  -0.1007   0.0033
1886   0.1159   0.2929  -0.1648   0.2934   0.0847   0.0311  -0.0310   0.0010   0.0010   0.0010   0.0010   0.0010   0.0000   0.0010   0.0010  -0.0319  -0.1020   0.0034
1887   0.2312   0.2962  -0.1702   0.2986   0.0858   0.0315  -0.0322   0.0010   0.0010   0.0010   0.0010   0.0010   0.0000   0.0010   0.0010  -0.0321  -0.1059   0.0034
1888   0.2315   0.2905  -0.1831   0.3033   0.0869   0.0319  -0.0353   0.0010   0.0010   0.0010   0.0010   0.0010   0.0000   0.0010   0.0010  -0.0324  -0.1154   0.0034
1889   0.2400   0.2970  -0.1834   0.3075   0.0880   0.0323  -0.0353   0.0010   0.0010   0.0010   0.0010   0.0010   0.0000   0.0010   0.0010  -0.0326  -0.1154   0.0035
1890  -0.3822   0.2928  -0.1939   0.3114   0.0889   0.0327  -0.0387   0.0010   0.0010   0.0010   0.0010   0.0010   0.0000   0.0010   0.0010  -0.0295  -0.1256   0.0035
1891  -0.1471   0.2919  -0.2014   0.3153   0.0902   0.0331  -0.0404   0.0010   0.0010   0.0010   0.0010   0.0010   0.0000   0.0010   0.0010  -0.0300  -0.1309   0.0036
1892   0.1553   0.2923  -0.2088   0.3191   0.0917   0.0335  -0.0422   0.0010   0.0010   0.0010   0.0010   0.0010   0.0000   0.0010   0.0010  -0.0304  -0.1362   0.0036
1893   0.2781   0.2911  -0.2163   0.3227   0.0929   0.0339  -0.0439   0.0010   0.0010   0.0010   0.0010   0.0010   0.0000   0.0010   0.0010  -0.0309  -0.1414   0.0037
1894   0.3146   0.2896  -0.2237   0.3262   0.0939   0.0344  -0.0457   0.0010   0.0010   0.0010   0.0010   0.0010   0.0000   0.0010   0.0010  -0.0314  -0.1466   0.0037
1895   0.3185   0.2885  -0.2310   0.3298   0.0950   0.0348  -0.0474   0.0010   0.0010   0.0010   0.0010   0.0010   0.0000   0.0010   0.0010  -0.0318  -0.1517   0.0038
1896   0.3079   0.2879  -0.2383   0.3334   0.0966   0.0352  -0.0492   0.0010   0.0010   0.0010   0.0010   0.0010   0.0000   0.0010   0.0010  -0.0323  -0.1569   0.0038
1897   0.2759   0.2869  -0.2457   0.3372   0.0977   0.0357  -0.0509   0.0010   0.0010   0.0010   0.0010   0.0010   0.0000   0.0010   0.0010  -0.0327  -0.1620   0.0039
1898   0.2623   0.2873  -0.2529   0.3412   0.0988   0.0361  -0.0527   0.0010   0.0010   0.0010   0.0010   0.0010   0.0000   0.0010   0.0010  -0.0332  -0.1670   0.0039
1899   0.2584   0.2874  -0.2602   0.3456   0.1003   0.0366  -0.0544   0.0010   0.0010   0.0010   0.0010   0.0010   0.0000   0.0010   0.0010  -0.0336  -0.1721   0.0040
1900   0.2436   0.2876  -0.2674   0.3503   0.1015   0.0371  -0.0562   0.0010   0.0010   0.0010   0.0010   0.0010   0.0000   0.0010   0.0010  -0.0341  -0.1771   0.0040
1901   0.2307   0.2857  -0.2782   0.3555   0.1035   0.0375  -0.0589   0.0010   0.0010   0.0010   0.0010   0.0010   0.0000   0.0010   0.0010  -0.0345  -0.1848   0.0041
1902  -0.1105   0.2845  -0.2889   0.3613   0.1057   0.0380  -0.0616   0.0010   0.0010   0.0010   0.0010   0.0010   0.0000   0.0010   0.0010  -0.0349  -0.1924   0.0042
1903  -1.4764   0.2846  -0.2995   0.3674   0.1078   0.0385  -0.0643   0.0010   0.0010   0.0010   0.0010   0.0010   0.0000   0.0010   0.0010  -0.0353  -0.1999   0.0043
1904  -0.3496   0.2844  -0.3101   0.3740   0.1101   0.0390  -0.0670   0.0010   0.0010   0.0010   0.0010   0.0010   0.0000   0.0010   0.0010  -0.0357  -0.2074   0.0044
1905   0.1389   0.2849  -0.3206   0.3808   0.1126   0.0395  -0.0697   0.0010   0.0010   0.0010   0.0010   0.0010   0.0000   0.0010   0.0010  -0.0361  -0.2148   0.0045
1906   0.2538   0.2858  -0.3311   0.3880   0.1152   0.0400  -0.0724   0.0010   0.0010   0.0010   0.0010   0.0010   0.0000   0.0010   0.0010  -0.0365  -0.2222   0.0046
1907   0.1178   0.2868  -0.3415   0.3956   0.1174   0.0405  -0.0751   0.0010   0.0010   0.0010   0.0010   0.0010   0.0000   0.0010   0.0010  -0.0369  -0.2295   0.0047
1908   0.2201   0.2881  -0.3518   0.4031   0.1199   0.0410  -0.0778   0.0010   0.0010   0.0010   0.0010   0.0010   0.0000   0.0010   0.0010  -0.0373  -0.2367   0.0048
1909   0.2396   0.2906  -0.3621   0.4105   0.1226   0.0415  -0.0805   0.0010   0.0010   0.0010   0.0010   0.0010   0.0000   0.0010   0.0010  -0.0377  -0.2439   0.0049
1910   0.2460   0.2920  -0.3723   0.4180   0.1251   0.0421  -0.0832   0.0010   0.0010   0.0010   0.0010   0.0010   0.0000   0.0010   0.0010  -0.0381  -0.2510   0.0050
1911   0.2456   0.2976  -0.3777   0.4252   0.1274   0.0426  -0.0846   0.0010   0.0010   0.0010   0.0010   0.0010   0.0000   0.0010   0.0010  -0.0384  -0.2547   0.0050
1912  -0.0140   0.3030  -0.3831   0.4319   0.1298   0.0431  -0.0860   0.0010   0.0010   0.0010   0.0010   0.0010   0.0000   0.0010   0.0010  -0.0389  -0.2583   0.0051
1913   0.0405   0.3085  -0.3885   0.4383   0.1326   0.0437  -0.0874   0.0010   0.0010   0.0010   0.0010   0.0010   0.0000   0.0010   0.0010  -0.0393  -0.2619   0.0053
1914   0.2667   0.3147  -0.3939   0.4443   0.1355   0.0443  -0.0888   0.0010   0.0010   0.0010   0.0010   0.0010   0.0000   0.0010   0.0010  -0.0397  -0.2655   0.0054
1915   0.3180   0.3190  -0.3993   0.4496   0.1382   0.0448  -0.0901   0.0010   0.0010   0.0010   0.0010   0.0010   0.0000   0.0010   0.0010  -0.0401  -0.2690   0.0055
1916   0.3837   0.3237  -0.4046   0.4550   0.1411   0.0454  -0.0915   0.0010   0.0010   0.0010   0.0010   0.0010   0.0000   0.0010   0.0010  -0.0405  -0.2726   0.0056
1917   0.3786   0.3286  -0.4099   0.4608   0.1438   0.0460  -0.0929   0.0010   0.0010   0.0010   0.0010   0.0010   0.0000   0.0010   0.0010  -0.0409  -0.2761   0.0057
1918   0.4158   0.3338  -0.4152   0.4666   0.1468   0.0466  -0.0943   0.0010   0.0010   0.0010   0.0010   0.0010   0.0000   0.0010   0.0010  -0.0413  -0.2797   0.0058
1919   0.3777   0.3387  -0.4206   0.4719   0.1500   0.0472  -0.0957   0.0010   0.0010   0.0010   0.0010   0.0010   0.0000   0.0010   0.0010  -0.0417  -0.2832   0.0059
1920   0.3605   0.3445  -0.4258   0.4773   0.1529   0.0478  -0.0971   0.0010   0.0010   0.0010   0.0010   0.0010   0.0000   0.0010   0.0010  -0.0421  -0.2867   0.0061
1921   0.3288   0.3488  -0.4318   0.4831   0.1555   0.0484  -0.0986   0.0010   0.0010   0.0010   0.0010   0.0010   0.0000   0.0010   0.0010  -0.0426  -0.2906   0.0062
1922   0.1864   0.3534  -0.4378   0.4889   0.1585   0.0491  -0.1002   0.0010   0.0010   0.0010   0.0010   0.0010   0.0000   0.0010   0.0010  -0.0431  -0.2945   0.0063
1923   0.3049   0.3589  -0.4437   0.4954   0.1615   0.0497  -0.1017   0.0010   0.0010   0.0010   0.0010   0.0010   0.0000   0.0010   0.0010  -0.0436  -0.2983   0.0064
1924   0.3179   0.3649  -0.4496   0.5026   0.1645   0.0503  -0.1033   0.0010   0.0010   0.0010   0.0010   0.0010   0.0000   0.0010   0.0010  -0.0442  -0.3022   0.0065
1925   0.3340   0.3720  -0.4555   0.5098   0.1675   0.0509  -0.1048   0.0010   0.0010   0.0010   0.0010   0.0010   0.0000   0.0010   0.0010  -0.0447  -0.3060   0.0066
1926   0.3572   0.3782  -0.4614   0.5170   0.1705   0.0516  -0.1064   0.0010   0.0010   0.0010   0.0010   0.0010   0.0000   0.0010   0.0010  -0.0452  -0.3098   0.0068
1927   0.4068   0.3848  -0.4673   0.5247   0.1735   0.0522  -0.1079   0.0010   0.0010   0.0010   0.0010   0.0010   0.0000   0.0010   0.0010  -0.0457  -0.3136   0.0069
1928   0.2980   0.3920  -0.4731   0.5328   0.1765   0.0528  -0.1095   0.0010   0.0010   0.0010   0.0010   0.0010   0.0000   0.0010   0.0010  -0.0463  -0.3174   0.0070
1929   0.0821   0.3991  -0.4790   0.5410   0.1794   0.0535  -0.1110   0.0010   0.0010   0.0010   0.0010   0.0010   0.0000   0.0010   0.0010  -0.0468  -0.3212   0.0071
1930   0.2827   0.4057  -0.4848   0.5490   0.1820   0.0541  -0.1126   0.0010   0.0010   0.0010   0.0010   0.0010   0.0000   0.0010   0.0010  -0.0473  -0.3249   0.0072
1931   0.2599   0.4139  -0.4893   0.5560   0.1848   0.0547  -0.1138   0.0010   0.0010   0.0010   0.0010   0.0010   0.0000   0.0010   0.0010  -0.0478  -0.3278   0.0073
1932   0.3508   0.4198  -0.4938   0.5621   0.1874   0.0553  -0.1149   0.0010   0.0010   0.0010   0.0010   0.0010   0.0000   0.0010   0.0010  -0.0483  -0.3306   0.0074
1933   0.3883   0.4253  -0.4984   0.5674   0.1902   0.0559  -0.1161   0.0010   0.0010   0.0010   0.0010   0.0010   0.0000   0.0010   0.0010  -0.0488  -0.3335   0.0075
1934   0.4165   0.4305  -0.5028   0.5726   0.1927   0.0565  -0.1173   0.0010   0.0010   0.0010   0.0010   0.0010   0.0000   0.0010   0.0010  -0.0492  -0.3363   0.0077
1935   0.4452   0.4352  -0.5073   0.5777   0.1951   0.0571  -0.1185   0.0010   0.0010   0.0010   0.0010   0.0010   0.0000   0.0010   0.0010  -0.0497  -0.3391   0.0077
1936   0.5001   0.4411  -0.5118   0.5826   0.1976   0.0576  -0.1197   0.0010   0.0010   0.0010   0.0010   0.0010   0.0000   0.0010   0.0010  -0.0502  -0.3419   0.0078
1937   0.4915   0.4455  -0.5163   0.5873   0.1999   0.0582  -0.1209   0.0010   0.0010   0.0010   0.0010   0.0010   0.0000   0.0010   0.0010  -0.0507  -0.3447   0.0079
1938   0.5091   0.4491  -0.5208   0.5910   0.2024   0.0587  -0.1221   0.0010   0.0010   0.0010   0.0010   0.0010   0.0000   0.0010   0.0010  -0.0512  -0.3475   0.0080
1939   0.5156   0.4516  -0.5252   0.5939   0.2047   0.0592  -0.1233   0.0010   0.0010   0.0010   0.0010   0.0010   0.0000   0.0010   0.0010  -0.0517  -0.3503   0.0081
1940   0.5061   0.4541  -0.5297   0.5966   0.2072   0.0596  -0.1244   0.0010   0.0010   0.0010   0.0010   0.0010   0.0000   0.0010   0.0010  -0.0521  -0.3531   0.0082
1941   0.4697   0.4507  -0.5404   0.5992   0.2099   0.0601  -0.1275   0.0010   0.0010   0.0010   0.0010   0.0010   0.0000   0.0010   0.0010  -0.0527  -0.3602   0.0083
1942   0.4387   0.4477  -0.5511   0.6013   0.2125   0.0607  -0.1305   0.0010   0.0010   0.0010   0.0010   0.0010   0.0000   0.0010   0.0010  -0.0533  -0.3672   0.0084
1943   0.4172   0.4432  -0.5616   0.6032   0.2147   0.0613  -0.1336   0.0010   0.0010   0.0010   0.0010   0.0010   0.0000   0.0010   0.0010  -0.0539  -0.3742   0.0085
1944   0.4359   0.4389  -0.5722   0.6049   0.2172   0.0619  -0.1366   0.0010   0.0010   0.0010   0.0010   0.0010   0.0000   0.0010   0.0010  -0.0544  -0.3811   0.0086
1945   0.4699   0.4339  -0.5827   0.6058   0.2199   0.0625  -0.1397   0.0010   0.0010   0.0010   0.0010   0.0010   0.0000   0.0010   0.0010  -0.0550  -0.3880   0.0087
1946   0.4606   0.4286  -0.5931   0.6062   0.2224   0.0631  -0.1427   0.0010   0.0010   0.0010   0.0010   0.0010   0.0000   0.0010   0.0010  -0.0556  -0.3948   0.0088
1947   0.4880   0.4260  -0.6035   0.6078   0.2255   0.0638  -0.1458   0.0010   0.0010   0.0010   0.0010   0.0010   0.0000   0.0010   0.0010  -0.0562  -0.4016   0.0090
1948   0.5617   0.4237  -0.6138   0.6105   0.2285   0.0645  -0.1488   0.0010   0.0010   0.0010   0.0010   0.0010   0.0000   0.0010   0.0010  -0.0567  -0.4083   0.0091
1949   0.5181   0.4221  -0.6241   0.6138   0.2316   0.0652  -0.1518   0.0010   0.0010   0.0010   0.0010   0.0010   0.0000   0.0010   0.0010  -0.0573  -0.4150   0.0092
1950   0.5079   0.4219  -0.6344   0.6182   0.2351   0.0659  -0.1549   0.0010   0.0010   0.0010   0.0010   0.0010   0.0000   0.0010   0.0010  -0.0579  -0.4216   0.0093
1951   0.4302   0.4162  -0.6578   0.6239   0.2386   0.0667  -0.1619   0.0010   0.0010   0.0010   0.0010   0.0010   0.0000   0.0010   0.0010  -0.0592  -0.4367   0.0095
1952   0.4317   0.4117  -0.6810   0.6303   0.2425   0.0674  -0.1690   0.0010   0.0010   0.0010   0.0010   0.0010   0.0000   0.0010   0.0010  -0.0605  -0.4515   0.0096
1953   0.3807   0.4077  -0.7040   0.6374   0.2470   0.0682  -0.1760   0.0010   0.0010   0.0010   0.0010   0.0010   0.0000   0.0010   0.0010  -0.0618  -0.4662   0.0098
1954   0.3858   0.4058  -0.7267   0.6453   0.2512   0.0690  -0.1831   0.0010   0.0010   0.0010   0.0010   0.0010   0.0000   0.0010   0.0010  -0.0631  -0.4805   0.0100
1955   0.4638   0.4058  -0.7492   0.6545   0.2557   0.0698  -0.1901   0.0010   0.0010   0.0010   0.0010   0.0010   0.0000   0.0010   0.0010  -0.0644  -0.4947   0.0102
1956   0.4709   0.4079  -0.7715   0.6653   0.2604   0.0706  -0.1972   0.0010   0.0010   0.0010   0.0010   0.0010   0.0000   0.0010   0.0010  -0.0657  -0.5086   0.0103
1957   0.5316   0.4116  -0.7936   0.6770   0.2653   0.0715  -0.2042   0.0010   0.0010   0.0010   0.0010   0.0010   0.0000   0.0010   0.0010  -0.0670  -0.5223   0.0105
1958   0.5776   0.4156  -0.8154   0.6895   0.2703   0.0723  -0.2113   0.0010   0.0010   0.0010   0.0010   0.0010   0.0000   0.0010   0.0010  -0.0683  -0.5358   0.0107
1959   0.5624   0.4214  -0.8371   0.7025   0.2753   0.0731  -0.2183   0.0010   0.0010   0.0010   0.0010   0.0010   0.0000   0.0010   0.0010  -0.0696  -0.5491   0.0109
1960   0.5901   0.4301  -0.8585   0.7174   0.2806   0.0739  -0.2254   0.0010   0.0010   0.0010   0.0010   0.0010   0.0000   0.0010   0.0010  -0.0710  -0.5622   0.0112
1961   0.5684   0.4324  -0.8848   0.7303   0.2860   0.0747  -0.2343   0.0010   0.0010   0.0010   0.0010   0.0010   0.0000   0.0010   0.0010  -0.0720  -0.5785   0.0114
1962   0.5034   0.4344  -0.9107   0.7417   0.2917   0.0756  -0.2432   0.0010   0.0010   0.0010   0.0010   0.0010   0.0000   0.0010   0.0010  -0.0731  -0.5944   0.0116
1963  -0.4467   0.4363  -0.9364   0.7532   0.2974   0.0766  -0.2521   0.0010   0.0010   0.0010   0.0010   0.0010   0.0000   0.0010   0.0010  -0.0741  -0.6102   0.0118
1964  -0.2762   0.4408  -0.9618   0.7655   0.3031   0.0776  -0.2610   0.0010   0.0010   0.0010   0.0010   0.0010   0.0000   0.0010   0.0010  -0.0752  -0.6256   0.0121
1965   0.2824   0.4454  -0.9869   0.7764   0.3093   0.0787  -0.2699   0.0010   0.0010   0.0010   0.0010   0.0010   0.0001   0.0010   0.0010  -0.0763  -0.6407   0.0123
1966   0.4524   0.4574  -1.0118   0.7939   0.3153   0.0799  -0.2788   0.0010   0.0010   0.0010   0.0010   0.0010   0.0001   0.0010   0.0010  -0.0774  -0.6556   0.0125
1967   0.4814   0.4664  -1.0365   0.8074   0.3214   0.0812  -0.2877   0.0010   0.0010   0.0010   0.0010   0.0010   0.0001   0.0010   0.0010  -0.0784  -0.6703   0.0128
1968   0.3088   0.4788  -1.0609   0.8239   0.3278   0.0825  -0.2967   0.0010   0.0010   0.0010   0.0010   0.0010   0.0001   0.0010   0.0010  -0.0795  -0.6847   0.0130
1969   0.2363   0.4973  -1.0850   0.8445   0.3343   0.0840  -0.3056   0.0010   0.0010   0.0010   0.0010   0.0010   0.0001   0.0010   0.0010  -0.0805  -0.6989   0.0133
1970   0.4821   0.5141  -1.1090   0.8622   0.3410   0.0854  -0.3145   0.0010   0.0010   0.0010   0.0010   0.0010   0.0001   0.0010   0.0010  -0.0816  -0.7129   0.0136
1971   0.5997   0.5347  -1.1266   0.8769   0.3474   0.0870  -0.3210   0.0010   0.0010   0.0010   0.0010   0.0010   0.0001   0.0010   0.0010  -0.0827  -0.7229   0.0138
1972   0.6040   0.5630  -1.1441   0.8981   0.3540   0.0886  -0.3275   0.0010   0.0010   0.0010   0.0010   0.0010   0.0001   0.0010   0.0010  -0.0839  -0.7328   0.0141
1973   0.6267   0.5937  -1.1616   0.9219   0.3607   0.0903  -0.3340   0.0010   0.0010   0.0010   0.0010   0.0010   0.0002   0.0010   0.0010  -0.0850  -0.7426   0.0144
1974   0.6000   0.6170  -1.1789   0.9364   0.3673   0.0921  -0.3404   0.0010   0.0010   0.0010   0.0010   0.0010   0.0002   0.0010   0.0010  -0.0862  -0.7523   0.0146
1975   0.3642   0.6452  -1.1962   0.9551   0.3739   0.0940  -0.3469   0.0010   0.0010   0.0010   0.0010   0.0010   0.0002   0.0010   0.0010  -0.0873  -0.7619   0.0149
1976   0.5895   0.6735  -1.2133   0.9733   0.3804   0.0960  -0.3534   0.0010   0.0010   0.0010   0.0010   0.0010   0.0002   0.0010   0.0010  -0.0884  -0.7714   0.0152
1977   0.7569   0.7099  -1.2303   0.9987   0.3870   0.0982  -0.3599   0.0010   0.0010   0.0010   0.0010   0.0010   0.0003   0.0010   0.0010  -0.0895  -0.7808   0.0154
1978   0.8264   0.7434  -1.2472   1.0213   0.3939   0.1006  -0.3664   0.0010   0.0010   0.0010   0.0010   0.0010   0.0003   0.0010   0.0010  -0.0907  -0.7901   0.0157
1979   0.9175   0.7795  -1.2640   1.0459   0.4003   0.1029  -0.3729   0.0010   0.0010   0.0010   0.0010   0.0010   0.0004   0.0010   0.0010  -0.0918  -0.7993   0.0159
1980   0.9639   0.8099  -1.2808   1.0716   0.4072   0.1052  -0.3794   0.0010   0.0010   0.0010   0.0010   0.0010   0.0004   0.0010   0.0010  -0.0929  -0.8084   0.0162
1981   0.9913   0.8393  -1.2920   1.0941   0.4151   0.1076  -0.3837   0.0010   0.0010   0.0010   0.0010   0.0010   0.0005   0.0010   0.0010  -0.0940  -0.8144   0.0165
1982   0.2469   0.8719  -1.3033   1.1168   0.4228   0.1100  -0.3880   0.0010   0.0010   0.0010   0.0010   0.0010   0.0005   0.0010   0.0010  -0.0951  -0.8203   0.0168
1983   0.1540   0.9060  -1.3145   1.1432   0.4306   0.1124  -0.3922   0.0010   0.0010   0.0010   0.0010   0.0010   0.0006   0.0010   0.0010  -0.0961  -0.8261   0.0172
1984   0.7456   0.9336  -1.3257   1.1624   0.4378   0.1148  -0.3965   0.0010   0.0010   0.0010   0.0010   0.0010   0.0007   0.0010   0.0010  -0.0972  -0.8320   0.0175
1985   0.9319   0.9629  -1.3368   1.1838   0.4430   0.1172  -0.4008   0.0010   0.0010   0.0010   0.0010   0.0010   0.0008   0.0010   0.0010  -0.0983  -0.8377   0.0177
1986   0.9814   0.9954  -1.3479   1.2083   0.4477   0.1196  -0.4051   0.0010   0.0010   0.0010   0.0010   0.0010   0.0008   0.0010   0.0010  -0.0993  -0.8435   0.0178
1987   1.0387   1.0337  -1.3590   1.2376   0.4526   0.1220  -0.4093   0.0010   0.0010   0.0010   0.0010   0.0010   0.0009   0.0010   0.0010  -0.1004  -0.8492   0.0180
1988   1.1312   1.0712  -1.3700   1.2665   0.4567   0.1246  -0.4136   0.0010   0.0010   0.0010   0.0010   0.0010   0.0010   0.0010   0.0010  -0.1015  -0.8549   0.0182
1989   1.2498   1.1018  -1.3810   1.2889   0.4607   0.1274  -0.4179   0.0010   0.0010   0.0010   0.0010   0.0010   0.0011   0.0010   0.0010  -0.1025  -0.8605   0.0184
1990   1.2717   1.1327  -1.3919   1.3120   0.4643   0.1299  -0.4222   0.0010   0.0010   0.0010   0.0010   0.0010   0.0012   0.0010   0.0010  -0.1036  -0.8661   0.0185
1991   0.3944   1.1584  -1.3998   1.3294   0.4679   0.1322  -0.4252   0.0010   0.0010   0.0010   0.0010   0.0010   0.0013   0.0010   0.0010  -0.1046  -0.8700   0.0187
1992  -0.0927   1.1803  -1.4077   1.3466   0.4709   0.1343  -0.4282   0.0010   0.0010   0.0010   0.0010   0.0010   0.0014   0.0010   0.0010  -0.1055  -0.8740   0.0188
1993   0.8482   1.1992  -1.4155   1.3622   0.4726   0.1365  -0.4312   0.0010   0.0010   0.0010   0.0010   0.0010   0.0015   0.0010   0.0010  -0.1065  -0.8779   0.0188
1994   1.1960   1.2220  -1.4234   1.3850   0.4749   0.1387  -0.4342   0.0010   0.0010   0.0010   0.0010   0.0010   0.0017   0.0010   0.0010  -0.1074  -0.8817   0.0189
1995   1.2363   1.2493  -1.4312   1.4117   0.4774   0.1411  -0.4372   0.0010   0.0010   0.0010   0.0010   0.0010   0.0018   0.0010   0.0010  -0.1084  -0.8856   0.0190
1996   1.2484   1.2724  -1.4390   1.4360   0.4783   0.1436  -0.4403   0.0010   0.0010   0.0010   0.0010   0.0010   0.0019   0.0010   0.0010  -0.1093  -0.8894   0.0191
1997   1.3010   1.2970  -1.4468   1.4628   0.4796   0.1462  -0.4433   0.0010   0.0010   0.0010   0.0010   0.0010   0.0020   0.0010   0.0010  -0.1102  -0.8933   0.0191
1998   1.3918   1.3308  -1.4546   1.4957   0.4831   0.1491  -0.4463   0.0010   0.0010   0.0010   0.0010   0.0010   0.0022   0.0010   0.0010  -0.1112  -0.8971   0.0193
1999   1.4477   1.3517  -1.4623   1.5165   0.4859   0.1522  -0.4493   0.0010   0.0010   0.0010   0.0010   0.0010   0.0023   0.0010   0.0010  -0.1121  -0.9009   0.0194
2000   1.5080   1.3740  -1.4701   1.5408   0.4865   0.1556  -0.4523   0.0010   0.0010   0.0010   0.0010   0.0010   0.0024   0.0010   0.0010  -0.1131  -0.9047   0.0194
