YEAR RADCO2 RADCH4 RADN2O RADHAL RADODS RADSF6 RADO3 RADSO2 RADCRBAER RADAERIND RADH2OSTR RADVOL RADSOL RADMIS RADTTL RADANTL RADANTO RADSOLL RADSOLO RADTTLL RADTTLO RADTTL TAL TSS GMT
1750   0.00000   0.00612   0.00895   0.00312   0.00000   0.00001   0.00000  -0.00227  -0.01117  -0.00790   0.00024  -0.00400   0.00000   0.00000  -0.00691  -0.01420   0.00170   0.00000   0.00000  -0.01820  -0.00230  -0.00691   0.00000   0.00000   0.00000
1751   0.00180   0.00659   0.00898   0.00312   0.00000   0.00001   0.00000  -0.00228  -0.01127  -0.00794   0.00026  -0.00200  -0.03400   0.00000  -0.03674  -0.01213   0.00391  -0.03032  -0.03569  -0.04445  -0.03378  -0.03674  -0.00866  -0.00200  -0.00393
1752   0.00340   0.00703   0.00903   0.00312   0.00000   0.00001   0.00000  -0.00230  -0.01135  -0.00798   0.00028  -0.00100  -0.05500   0.00000  -0.05476  -0.01022   0.00593  -0.04905  -0.05773  -0.06027  -0.05280  -0.05476  -0.01666  -0.00571  -0.00889
1753   0.00493   0.00749   0.00909   0.00312   0.00000   0.00001   0.00000  -0.00231  -0.01144  -0.00802   0.00030  -0.00100  -0.05200   0.00000  -0.04984  -0.00840   0.00787  -0.04637  -0.05458  -0.05577  -0.04770  -0.04984  -0.02065  -0.00909  -0.01244
1754   0.00642   0.00792   0.00915   0.00312   0.00000   0.00001   0.00000  -0.00232  -0.01152  -0.00806   0.00031  -0.00100  -0.06500   0.00000  -0.06097  -0.00660   0.00978  -0.05797  -0.06822  -0.06557  -0.05945  -0.06097  -0.02586  -0.01200  -0.01602
1755   0.00790   0.00839   0.00921   0.00312   0.00000   0.00001   0.00000  -0.00233  -0.01159  -0.00810   0.00033  -0.00100  -0.07700   0.00000  -0.07107  -0.00477   0.01171  -0.06867  -0.08082  -0.07444  -0.07011  -0.07107  -0.03146  -0.01533  -0.02000
1756   0.00939   0.00887   0.00928   0.00312   0.00000   0.00001   0.00000  -0.00234  -0.01169  -0.00815   0.00035  -0.00100  -0.07600   0.00000  -0.06817  -0.00297   0.01365  -0.06778  -0.07977  -0.07175  -0.06712  -0.06817  -0.03485  -0.01831  -0.02311
1757   0.01089   0.00930   0.00935   0.00312   0.00000   0.00001   0.00000  -0.00236  -0.01179  -0.00821   0.00037  -0.00100  -0.06000   0.00000  -0.05033  -0.00123   0.01552  -0.05351  -0.06298  -0.05574  -0.04845  -0.05033  -0.03419  -0.01976  -0.02394
1758   0.01241   0.00976   0.00941   0.00312   0.00000   0.00001   0.00000  -0.00237  -0.01186  -0.00825   0.00039  -0.00100  -0.05200   0.00000  -0.04039   0.00064   0.01749  -0.04637  -0.05458  -0.04673  -0.03809  -0.04039  -0.03265  -0.01978  -0.02351
1759   0.01397   0.01019   0.00948   0.00312   0.00000   0.00001   0.00000  -0.00239  -0.01196  -0.00829   0.00040  -0.00100  -0.04400   0.00000  -0.03047   0.00247   0.01946  -0.03924  -0.04618  -0.03777  -0.02772  -0.03047  -0.03026  -0.01909  -0.02233
1760   0.01557   0.01065   0.00955   0.00312   0.00000   0.00001   0.00000  -0.00240  -0.01203  -0.00833   0.00042  -0.00100  -0.02400   0.00000  -0.00844   0.00442   0.02151  -0.02140  -0.02519  -0.01798  -0.00468  -0.00844  -0.02479  -0.01726  -0.01944
1761   0.01721   0.01107   0.00963   0.00312   0.00000   0.00001   0.00000  -0.00241  -0.01213  -0.00837   0.00044  -0.00100  -0.05900   0.00000  -0.04144   0.00633   0.02355  -0.05262  -0.06193  -0.04729  -0.03937  -0.04144  -0.02811  -0.01653  -0.01989
1762   0.01887   0.01149   0.00970   0.00312   0.00000   0.00001   0.00000  -0.00242  -0.01220  -0.00842   0.00045  -0.00100  -0.04200   0.00000  -0.02240   0.00830   0.02563  -0.03746  -0.04408  -0.03015  -0.01946  -0.02240  -0.02587  -0.01668  -0.01935
1763   0.02058   0.01196   0.00977   0.00312   0.00000   0.00001   0.00000  -0.00243  -0.01228  -0.00846   0.00047  -0.00100  -0.05600   0.00000  -0.03426   0.01037   0.02780  -0.04994  -0.05878  -0.04057  -0.03198  -0.03426  -0.02708  -0.01646  -0.01954
1764   0.02235   0.01238   0.00985   0.00312   0.00000   0.00001   0.00000  -0.00245  -0.01237  -0.00852   0.00049  -0.00100  -0.07700   0.00000  -0.05315   0.01238   0.02994  -0.06867  -0.08082  -0.05729  -0.05188  -0.05315  -0.03132  -0.01776  -0.02170
1765   0.02420   0.01279   0.00992   0.00312   0.00000   0.00001   0.00000  -0.00246  -0.01245  -0.00856   0.00051  -0.00100  -0.07800   0.00000  -0.05193   0.01453   0.03220  -0.06956  -0.08187  -0.05603  -0.05067  -0.05193  -0.03354  -0.01956  -0.02362
1766   0.02613   0.01321   0.01000   0.00312   0.00000   0.00001   0.00000  -0.00248  -0.01255  -0.00860   0.00052  -0.11200  -0.07900   0.00000  -0.16165   0.01671   0.03451  -0.07045  -0.08292  -0.16574  -0.16040  -0.16165  -0.05855  -0.02596  -0.03541
1767   0.02813   0.01363   0.01007   0.00312   0.00000   0.00001   0.00000  -0.00249  -0.01262  -0.00864   0.00054  -0.05800  -0.03600   0.00000  -0.06226   0.01903   0.03694  -0.03211  -0.03779  -0.07107  -0.05885  -0.06226  -0.05155  -0.03123  -0.03712
1768   0.03022   0.01409   0.01015   0.00312   0.00000   0.00001   0.00000  -0.00250  -0.01272  -0.00869   0.00056  -0.00900  -0.01200   0.00000   0.01323   0.02143   0.03946  -0.01070  -0.01260   0.00172   0.01787   0.01323  -0.03467  -0.02716  -0.02934
1769   0.03236   0.01451   0.01022   0.00312   0.00000   0.00001   0.00000  -0.00251  -0.01279  -0.00873   0.00057  -0.00200   0.00000   0.00000   0.03476   0.02388   0.04202   0.00000   0.00000   0.02188   0.04002   0.03476  -0.02180  -0.02004  -0.02055
1770   0.03454   0.01492   0.01030   0.00312   0.00000   0.00001   0.00000  -0.00253  -0.01289  -0.00877   0.00059  -0.00100   0.01900   0.00000   0.05730   0.02632   0.04460   0.01694   0.01994   0.04227   0.06354   0.05730  -0.00929  -0.01291  -0.01186
1771   0.03680   0.01528   0.01037   0.00312   0.00000   0.00001   0.00000  -0.00264  -0.01304  -0.00916   0.00060  -0.00100   0.00200   0.00000   0.04234   0.02817   0.04672   0.00178   0.00210   0.02895   0.04782   0.04234  -0.00389  -0.00721  -0.00624
1772   0.03911   0.01558   0.01045   0.00312   0.00000   0.00001   0.00000  -0.00266  -0.01321  -0.00923   0.00062  -0.00100  -0.02200   0.00000   0.02079   0.03046   0.04924  -0.01962  -0.02309   0.00984   0.02515   0.02079  -0.00344  -0.00448  -0.00418
1773   0.04148   0.01592   0.01052   0.00312   0.00000   0.00001   0.00000  -0.00268  -0.01335  -0.00931   0.00063  -0.00100  -0.05300   0.00000  -0.00766   0.03286   0.05184  -0.04727  -0.05563  -0.01541  -0.00479  -0.00766  -0.00753  -0.00447  -0.00536
1774   0.04388   0.01629   0.01060   0.00312   0.00000   0.00001   0.00000  -0.00270  -0.01350  -0.00937   0.00064  -0.00100  -0.08800   0.00000  -0.04004   0.03534   0.05453  -0.07848  -0.09236  -0.04414  -0.03884  -0.04004  -0.01543  -0.00702  -0.00946
1775   0.04632   0.01663   0.01068   0.00312   0.00000   0.00001   0.00000  -0.00272  -0.01367  -0.00945   0.00066  -0.00100  -0.09500   0.00000  -0.04445   0.03777   0.05719  -0.08472  -0.09971  -0.04796  -0.04353  -0.04445  -0.02063  -0.01040  -0.01337
1776   0.04878   0.01693   0.01075   0.00312   0.00000   0.00001   0.00000  -0.00275  -0.01384  -0.00954   0.00067  -0.25200  -0.06800   0.00000  -0.26587   0.04017   0.05983  -0.06064  -0.07137  -0.27247  -0.26355  -0.26587  -0.07168  -0.02326  -0.03730
1777   0.05127   0.01728   0.01083   0.00312   0.00000   0.00001   0.00000  -0.00277  -0.01402  -0.00960   0.00068  -0.04100  -0.02200   0.00000  -0.00620   0.04268   0.06257  -0.01962  -0.02309  -0.01794  -0.00152  -0.00620  -0.04408  -0.03100  -0.03479
1778   0.05377   0.01763   0.01090   0.00312   0.00000   0.00001   0.00000  -0.00279  -0.01416  -0.00968   0.00070  -0.00500   0.02100   0.00000   0.07549   0.04523   0.06532   0.01873   0.02204   0.05895   0.08236   0.07549  -0.01818  -0.02106  -0.02022
1779   0.05630   0.01794   0.01098   0.00312   0.00000   0.00001   0.00000  -0.00281  -0.01433  -0.00977   0.00071  -0.00200   0.00100   0.00000   0.06113   0.04770   0.06802   0.00089   0.00105   0.04659   0.06707   0.06113  -0.00652  -0.01127  -0.00989
1780   0.05883   0.01827   0.01105   0.00312   0.00000   0.00001   0.00000  -0.00284  -0.01451  -0.00985   0.00072  -0.00100   0.00100   0.00000   0.06481   0.05022   0.07078   0.00089   0.00105   0.05011   0.07083   0.06481   0.00261  -0.00464  -0.00254
1781   0.06138   0.01852   0.01113   0.00312   0.00000   0.00001   0.00000  -0.00294  -0.01463  -0.01020   0.00073  -0.00100  -0.04300   0.00000   0.02312   0.05235   0.07315  -0.03835  -0.04513   0.01300   0.02702   0.02312   0.00123  -0.00129  -0.00056
1782   0.06394   0.01875   0.01121   0.00312   0.00000   0.00001   0.00000  -0.00296  -0.01473  -0.01026   0.00074  -0.00100  -0.01300   0.00000   0.05582   0.05495   0.07589  -0.01159  -0.01364   0.04236   0.06124   0.05582   0.00835   0.00111   0.00321
1783   0.06649   0.01905   0.01128   0.00312   0.00000   0.00001   0.00000  -0.00297  -0.01482  -0.01030   0.00075  -0.44000  -0.05300   0.00000  -0.42040   0.05765   0.07871  -0.04727  -0.05563  -0.42962  -0.41692  -0.42040  -0.08759  -0.01736  -0.03772
1784   0.06905   0.01928   0.01136   0.00312   0.00000   0.00001   0.00000  -0.00299  -0.01492  -0.01037   0.00076  -0.38100  -0.06500   0.00000  -0.37070   0.06025   0.08145  -0.05797  -0.06822  -0.37872  -0.36777  -0.37070  -0.12533  -0.05051  -0.07221
1785   0.07159   0.01952   0.01144   0.00312   0.00000   0.00001   0.00000  -0.00300  -0.01505  -0.01041   0.00077  -0.05100  -0.04700   0.00000  -0.02001   0.06282   0.08419  -0.04192  -0.04933  -0.03009  -0.01614  -0.02001  -0.07957  -0.05636  -0.06309
1786   0.07412   0.01975   0.01151   0.00312   0.00000   0.00001   0.00000  -0.00302  -0.01514  -0.01047   0.00078  -0.00800  -0.02600   0.00000   0.04666   0.06539   0.08690  -0.02319  -0.02729   0.03421   0.05161   0.04666  -0.04928  -0.04245  -0.04443
1787   0.07663   0.02000   0.01159   0.00312   0.00000   0.00001   0.00000  -0.00304  -0.01527  -0.01053   0.00079  -0.00200  -0.01400   0.00000   0.06730   0.06791   0.08959  -0.01249  -0.01469   0.05342   0.07289   0.06730  -0.02823  -0.02930  -0.02899
1788   0.07914   0.02031   0.01167   0.00312   0.00000   0.00001   0.00000  -0.00305  -0.01536  -0.01060   0.00080  -0.54500   0.00700   0.00000  -0.45197   0.07054   0.09236   0.00624   0.00735  -0.46822  -0.44530  -0.45197  -0.12537  -0.04298  -0.06687
1789   0.08166   0.02052   0.01175   0.00312   0.00000   0.00001   0.00000  -0.00307  -0.01546  -0.01064   0.00081  -0.30700   0.01200   0.00000  -0.20630   0.07312   0.09507   0.01070   0.01260  -0.22318  -0.19934  -0.20630  -0.12013  -0.06556  -0.08138
1790   0.08417   0.02077   0.01183   0.00312   0.00000   0.00001   0.00000  -0.00308  -0.01558  -0.01070   0.00082  -0.06900  -0.02300   0.00000  -0.00065   0.07564   0.09776  -0.02051  -0.02414  -0.01387   0.00462  -0.00065  -0.08144  -0.06120  -0.06707
1791   0.08664   0.02116   0.01191   0.00312   0.00000   0.00001   0.00000  -0.00319  -0.01566  -0.01105   0.00084  -0.00800   0.01700   0.00000   0.10278   0.07795   0.10024   0.01516   0.01784   0.08511   0.11008   0.10278  -0.04327  -0.04465  -0.04425
1792   0.08907   0.02153   0.01199   0.00312   0.00000   0.00001   0.00000  -0.00320  -0.01573  -0.01109   0.00085  -0.00300  -0.02000   0.00000   0.07354   0.08065   0.10304  -0.01784  -0.02099   0.05981   0.07905   0.07354  -0.02669  -0.02964  -0.02878
1793   0.09145   0.02192   0.01207   0.00312   0.00000   0.00001   0.00000  -0.00321  -0.01580  -0.01113   0.00087  -0.00200  -0.01700   0.00000   0.08029   0.08332   0.10581  -0.01516  -0.01784   0.06616   0.08597   0.08029  -0.01286  -0.01957  -0.01762
1794   0.09377   0.02234   0.01215   0.00312   0.00000   0.00001   0.00000  -0.00322  -0.01588  -0.01118   0.00088  -0.00100  -0.04200   0.00000   0.05900   0.08596   0.10856  -0.03746  -0.04408   0.04750   0.06347   0.05900  -0.00660  -0.01235  -0.01068
1795   0.09603   0.02274   0.01223   0.00312   0.00000   0.00001   0.00000  -0.00323  -0.01593  -0.01122   0.00090  -0.00100  -0.04000   0.00000   0.06365   0.08855   0.11122  -0.03567  -0.04198   0.05188   0.06824   0.06365   0.00022  -0.00724  -0.00508
1796   0.09821   0.02311   0.01232   0.00312   0.00000   0.00001   0.00000  -0.00325  -0.01603  -0.01126   0.00091  -0.00100  -0.06100   0.00000   0.04515   0.09096   0.11376  -0.05440  -0.06403   0.03556   0.04873   0.04515   0.00221  -0.00357  -0.00190
1797   0.10035   0.02351   0.01240   0.00312   0.00000   0.00001   0.00000  -0.00335  -0.01610  -0.01161   0.00093  -0.00100  -0.06100   0.00000   0.04726   0.09295   0.11592  -0.05440  -0.06403   0.03755   0.05090   0.04726   0.00531  -0.00114   0.00073
1798   0.10244   0.02392   0.01249   0.00312   0.00000   0.00001   0.00000  -0.00336  -0.01617  -0.01165   0.00095  -0.00100  -0.07400   0.00000   0.03673   0.09535   0.11842  -0.06599  -0.07767   0.02835   0.03976   0.03673   0.00609   0.00070   0.00227
1799   0.10444   0.02427   0.01257   0.00312   0.00000   0.00001   0.00000  -0.00337  -0.01627  -0.01169   0.00096  -0.00100  -0.07500   0.00000   0.03804   0.09756   0.12077  -0.06689  -0.07872   0.02967   0.04105   0.03804   0.00775   0.00200   0.00367
1800   0.10637   0.02468   0.01266   0.00312   0.00000   0.00001   0.00000  -0.00349  -0.01639  -0.01209   0.00098  -0.00100  -0.08000   0.00000   0.03485   0.09920   0.12265  -0.07134  -0.08397   0.02686   0.03769   0.03485   0.00872   0.00318   0.00479
1801   0.10822   0.02520   0.01275   0.00312   0.00000   0.00001   0.00000  -0.00350  -0.01649  -0.01213   0.00100  -0.00100  -0.07400   0.00000   0.04318   0.10143   0.12502  -0.06599  -0.07767   0.03443   0.04635   0.04318   0.01152   0.00456   0.00658
1802   0.11000   0.02574   0.01284   0.00312   0.00000   0.00001   0.00000  -0.00370  -0.01664  -0.01281   0.00102  -0.00100  -0.05600   0.00000   0.06258   0.10259   0.12652  -0.04994  -0.05878   0.05165   0.06674   0.06258   0.01734   0.00711   0.01007
1803   0.11171   0.02631   0.01294   0.00312   0.00000   0.00001   0.00000  -0.00363  -0.01678  -0.01258   0.00104  -0.00100  -0.07700   0.00000   0.04412   0.10504   0.12910  -0.06867  -0.08082   0.03537   0.04728   0.04412   0.01763   0.00922   0.01166
1804   0.11333   0.02684   0.01303   0.00312   0.00000   0.00001   0.00000  -0.00365  -0.01693  -0.01265   0.00106  -0.00100  -0.09100   0.00000   0.03216   0.10694   0.13120  -0.08115  -0.09551   0.02478   0.03468   0.03216   0.01633   0.00958   0.01154
1805   0.11486   0.02736   0.01313   0.00312   0.00000   0.00001   0.00000  -0.00367  -0.01708  -0.01273   0.00108  -0.00100  -0.08600   0.00000   0.03907   0.10870   0.13317  -0.07670  -0.09026   0.03101   0.04190   0.03907   0.01746   0.00986   0.01207
1806   0.11628   0.02789   0.01323   0.00312   0.00000   0.00001   0.00000  -0.00378  -0.01723  -0.01310   0.00110  -0.00100  -0.08900   0.00000   0.03751   0.10995   0.13469  -0.07937  -0.09341   0.02958   0.04027   0.03751   0.01804   0.01051   0.01269
1807   0.11758   0.02842   0.01333   0.00312   0.00000   0.00001   0.00000  -0.00381  -0.01737  -0.01318   0.00112  -0.00100  -0.11100   0.00000   0.01721   0.11150   0.13644  -0.09899  -0.11650   0.01151   0.01894   0.01721   0.01474   0.01011   0.01145
1808   0.11874   0.02899   0.01343   0.00312   0.00000   0.00001   0.00000  -0.00382  -0.01752  -0.01324   0.00115  -0.00100  -0.11800   0.00000   0.01185   0.11300   0.13814  -0.10523  -0.12385   0.00676   0.01329   0.01185   0.01213   0.00876   0.00974
1809   0.11983   0.02957   0.01353   0.00312   0.00000   0.00001   0.00000  -0.00385  -0.01767  -0.01333   0.00117  -4.07700  -0.12700   0.00000  -4.07161   0.11439   0.13974  -0.11326  -0.13330  -4.07587  -4.07056  -4.07161  -0.85770  -0.18157  -0.37765
1810   0.12096   0.03014   0.01364   0.00312   0.00000   0.00001   0.00000  -0.00387  -0.01784  -0.01341   0.00119  -2.28700  -0.12800   0.00000  -2.28107   0.11577   0.14135  -0.11415  -0.13435  -2.28538  -2.28000  -2.28107  -0.92514  -0.42816  -0.57228
1811   0.12217   0.03065   0.01375   0.00312   0.00000   0.00001   0.00000  -0.00397  -0.01794  -0.01376   0.00121  -0.50900  -0.12800   0.00000  -0.50177   0.11693   0.14271  -0.11415  -0.13435  -0.50622  -0.50064  -0.50177  -0.66790  -0.44663  -0.51080
1812   0.12341   0.03115   0.01386   0.00312   0.00000   0.00001   0.00000  -0.00399  -0.01803  -0.01382   0.00123  -0.45400  -0.12700   0.00000  -0.44407   0.11853   0.14445  -0.11326  -0.13330  -0.44873  -0.44285  -0.44407  -0.56488  -0.38650  -0.43823
1813   0.12456   0.03172   0.01397   0.00312   0.00000   0.00001   0.00000  -0.00401  -0.01813  -0.01389   0.00125  -0.41500  -0.11800   0.00000  -0.39440   0.12009   0.14615  -0.10523  -0.12385  -0.40014  -0.39270  -0.39440  -0.49903  -0.34589  -0.39030
1814   0.12556   0.03226   0.01408   0.00312   0.00000   0.00001   0.00000  -0.00403  -0.01826  -0.01395   0.00128  -0.09900  -0.11000   0.00000  -0.06893   0.12145   0.14768  -0.09810  -0.11546  -0.07565  -0.06678  -0.06893  -0.39070  -0.30197  -0.32770
1815   0.12647   0.03287   0.01420   0.00312   0.00000   0.00001   0.00000  -0.00413  -0.01835  -0.01430   0.00130  -4.09900  -0.10100   0.00000  -4.05882   0.12241   0.14885  -0.09007  -0.10601  -4.06666  -4.05616  -4.05882  -1.17783  -0.44075  -0.65450
1816   0.12740   0.03351   0.01432   0.00312   0.00000   0.00001   0.00000  -0.00424  -0.01848  -0.01467   0.00133  -4.04500  -0.10200   0.00000  -4.00471   0.12336   0.15003  -0.09096  -0.10706  -4.01261  -4.00203  -4.00471  -1.55999  -0.72581  -0.96772
1817   0.12840   0.03400   0.01444   0.00312   0.00000   0.00001   0.00000  -0.00435  -0.01857  -0.01504   0.00135  -0.95100  -0.09800   0.00000  -0.90566   0.12426   0.15114  -0.08740  -0.10286  -0.91414  -0.90272  -0.90566  -1.17201  -0.79108  -0.90155
1818   0.12943   0.03446   0.01456   0.00312   0.00000   0.00001   0.00000  -0.00436  -0.01867  -0.01508   0.00136  -0.08700  -0.09800   0.00000  -0.04018   0.12564   0.15266  -0.08740  -0.10286  -0.04875  -0.03720  -0.04018  -0.85607  -0.66623  -0.72128
1819   0.13037   0.03501   0.01468   0.00312   0.00000   0.00001   0.00000  -0.00438  -0.01879  -0.01514   0.00139  -0.01900  -0.10900   0.00000   0.01826   0.12696   0.15414  -0.09721  -0.11441   0.01075   0.02074   0.01826  -0.67542  -0.54295  -0.58137
1820   0.13119   0.03556   0.01480   0.00312   0.00000   0.00001   0.00000  -0.00439  -0.01889  -0.01521   0.00141  -0.00500  -0.11200   0.00000   0.03058   0.12819   0.15551  -0.09988  -0.11755   0.02330   0.03295   0.03058  -0.55409  -0.45253  -0.48198
1821   0.13189   0.03611   0.01493   0.00312   0.00000   0.00001   0.00000  -0.00442  -0.01904  -0.01529   0.00143  -0.00200  -0.11400   0.00000   0.03273   0.12918   0.15671  -0.10167  -0.11965   0.02552   0.03506   0.03273  -0.46657  -0.38429  -0.40815
1822   0.13249   0.03665   0.01505   0.00312   0.00000   0.00001   0.00000  -0.00453  -0.01919  -0.01566   0.00145  -0.12600  -0.11500   0.00000  -0.09160   0.12966   0.15746  -0.10256  -0.12070  -0.09890  -0.08925  -0.09160  -0.42659  -0.33703  -0.36300
1823   0.13306   0.03718   0.01518   0.00312   0.00000   0.00001   0.00000  -0.00464  -0.01933  -0.01605   0.00147  -1.19500  -0.09700   0.00000  -1.14201   0.13006   0.15813  -0.08651  -0.10181  -1.15144  -1.13868  -1.14201  -0.61158  -0.35346  -0.42831
1824   0.13361   0.03774   0.01532   0.00312   0.00000   0.00001   0.00000  -0.00466  -0.01948  -0.01611   0.00149  -0.44200  -0.09400   0.00000  -0.38497   0.13096   0.15923  -0.08383  -0.09866  -0.39487  -0.38143  -0.38497  -0.53298  -0.37601  -0.42153
1825   0.13409   0.03830   0.01545   0.00312   0.00000   0.00001   0.00000  -0.00477  -0.01960  -0.01650   0.00152  -0.06000  -0.07300   0.00000   0.01860   0.13135   0.15987  -0.06510  -0.07662   0.00625   0.02325   0.01860  -0.41853  -0.33666  -0.36040
1826   0.13448   0.03883   0.01559   0.00312   0.00000   0.00001   0.00000  -0.00479  -0.01975  -0.01657   0.00154  -0.01000  -0.06200   0.00000   0.08046   0.13207   0.16078  -0.05529  -0.06507   0.06678   0.08571   0.08046  -0.34175  -0.28640  -0.30245
1827   0.13478   0.03938   0.01573   0.00312   0.00000   0.00001   0.00000  -0.00491  -0.01992  -0.01696   0.00156  -0.00300  -0.05000   0.00000   0.09979   0.13219   0.16121  -0.04459  -0.05248   0.08460   0.10573   0.09979  -0.28509  -0.24474  -0.25644
1828   0.13499   0.03992   0.01587   0.00312   0.00000   0.00001   0.00000  -0.00492  -0.02007  -0.01702   0.00158  -0.00200  -0.04800   0.00000   0.10347   0.13272   0.16194  -0.04281  -0.05038   0.08792   0.10956   0.10347  -0.24182  -0.21088  -0.21985
1829   0.13506   0.04048   0.01602   0.00312   0.00000   0.00001   0.00000  -0.00495  -0.02022  -0.01710   0.00160  -0.00100  -0.04700   0.00000   0.10602   0.13313   0.16255  -0.04192  -0.04933   0.09021   0.11222   0.10602  -0.20695  -0.18311  -0.19003
1830   0.13504   0.04106   0.01617   0.00312   0.00000   0.00001   0.00000  -0.00551  -0.02039  -0.01901   0.00162  -0.73600  -0.06300   0.00000  -0.64689   0.13076   0.16083  -0.05618  -0.06612  -0.66143  -0.64129  -0.64689  -0.33830  -0.19483  -0.23643
1831   0.13501   0.04157   0.01632   0.00312   0.00000   0.00001   0.00000  -0.00543  -0.02049  -0.01877   0.00165  -1.48500  -0.06400   0.00000  -1.39602   0.13158   0.16172  -0.05708  -0.06717  -1.41050  -1.39045  -1.39602  -0.55605  -0.27057  -0.35336
1832   0.13493   0.04209   0.01648   0.00312   0.00000   0.00001   0.00000  -0.00546  -0.02061  -0.01885   0.00167  -0.48800  -0.07800   0.00000  -0.41262   0.13185   0.16217  -0.06956  -0.08187  -0.42571  -0.40770  -0.41262  -0.46655  -0.31362  -0.35797
1833   0.13477   0.04265   0.01664   0.00312   0.00000   0.00001   0.00000  -0.00557  -0.02075  -0.01922   0.00169  -0.05700  -0.07500   0.00000   0.02134   0.13162   0.16221  -0.06689  -0.07872   0.00774   0.02649   0.02134  -0.35163  -0.28016  -0.30088
1834   0.13457   0.04318   0.01680   0.00312   0.00000   0.00001   0.00000  -0.00559  -0.02088  -0.01928   0.00171  -0.01000  -0.05200   0.00000   0.09164   0.13180   0.16256  -0.04637  -0.05458   0.07543   0.09798   0.09164  -0.27819  -0.23461  -0.24724
1835   0.13435   0.04373   0.01696   0.00312   0.00000   0.00001   0.00000  -0.00569  -0.02100  -0.01965   0.00173  -1.63400  -0.02700   0.00000  -1.50744   0.13155   0.16255  -0.02408  -0.02834  -1.52653  -1.49979  -1.50744  -0.57082  -0.27238  -0.35893
1836   0.13410   0.04430   0.01713   0.00312   0.00000   0.00001   0.00000  -0.00607  -0.02115  -0.02094   0.00175  -0.91600  -0.00500   0.00000  -0.76875   0.12990   0.16137  -0.00446  -0.00525  -0.79056  -0.75987  -0.76875  -0.55385  -0.33902  -0.40132
1837   0.13388   0.04483   0.01730   0.00312   0.00000   0.00001   0.00000  -0.00610  -0.02129  -0.02102   0.00177  -0.20500   0.02600   0.00000  -0.02650   0.13000   0.16168   0.02319   0.02729  -0.05181  -0.01603  -0.02650  -0.41182  -0.31857  -0.34561
1838   0.13382   0.04540   0.01747   0.00312   0.00000   0.00001   0.00000  -0.00621  -0.02144  -0.02141   0.00180  -0.01900   0.05200   0.00000   0.18555   0.12986   0.16181   0.04637   0.05458   0.15723   0.19739   0.18555  -0.30092  -0.26178  -0.27313
1839   0.13403   0.04592   0.01764   0.00312   0.00000   0.00001   0.00000  -0.00632  -0.02159  -0.02178   0.00182  -0.00500   0.03300   0.00000   0.18084   0.12996   0.16219   0.02943   0.03464   0.15439   0.19182   0.18084  -0.23428  -0.21167  -0.21823
1840   0.13450   0.04649   0.01782   0.00312   0.00000   0.00001   0.00000  -0.00652  -0.02173  -0.02248   0.00184  -0.00200   0.01300   0.00000   0.16405   0.12992   0.16249   0.01159   0.01364   0.13952   0.17414   0.16405  -0.18936  -0.17488  -0.17908
1841   0.13526   0.04716   0.01801   0.00312   0.00000   0.00001   0.00000  -0.00663  -0.02188  -0.02285   0.00187  -0.00100  -0.00900   0.00000   0.14406   0.13075   0.16359  -0.00803  -0.00945   0.12172   0.15314   0.14406  -0.15784  -0.14745  -0.15046
1842   0.13629   0.04785   0.01820   0.00312   0.00000   0.00001   0.00000  -0.00684  -0.02203  -0.02354   0.00189  -0.00100  -0.04300   0.00000   0.11095   0.13139   0.16458  -0.03835  -0.04513   0.09205   0.11844   0.11095  -0.13781  -0.12738  -0.13041
1843   0.13758   0.04858   0.01839   0.00312   0.00000   0.00001   0.00000  -0.00695  -0.02218  -0.02393   0.00192  -0.00100  -0.05600   0.00000   0.09955   0.13279   0.16625  -0.04994  -0.05878   0.08185   0.10647   0.09955  -0.12135  -0.11238  -0.11498
1844   0.13911   0.04926   0.01859   0.00312   0.00000   0.00001   0.00000  -0.00715  -0.02235  -0.02460   0.00195  -0.00100  -0.05600   0.00000   0.10094   0.13392   0.16775  -0.04994  -0.05878   0.08298   0.10798   0.10094  -0.10590  -0.09967  -0.10148
1845   0.14087   0.04996   0.01879   0.00312   0.00000   0.00001   0.00000  -0.00753  -0.02249  -0.02591   0.00198  -0.00100  -0.04300   0.00000   0.11479   0.13443   0.16874  -0.03835  -0.04513   0.09508   0.12261   0.11479  -0.08954  -0.08771  -0.08824
1846   0.14281   0.05062   0.01899   0.00312   0.00000   0.00001   0.00000  -0.00755  -0.02262  -0.02597   0.00200  -0.04900  -0.02300   0.00000   0.08941   0.13693   0.17141  -0.02051  -0.02414   0.06741   0.09827   0.08941  -0.08165  -0.07774  -0.07887
1847   0.14486   0.05133   0.01920   0.00312   0.00000   0.00001   0.00000  -0.00784  -0.02276  -0.02695   0.00203  -0.22800  -0.01300   0.00000  -0.07800   0.13823   0.17312  -0.01159  -0.01364  -0.10136  -0.06852  -0.07800  -0.10835  -0.07777  -0.08664
1848   0.14703   0.05201   0.01941   0.00312   0.00000   0.00001   0.00000  -0.00795  -0.02289  -0.02733   0.00206  -0.02000  -0.01200   0.00000   0.13346   0.14052   0.17565  -0.01070  -0.01260   0.10982   0.14306   0.13346  -0.07320  -0.07431  -0.07399
1849   0.14928   0.05278   0.01963   0.00312   0.00000   0.00001   0.00000  -0.00824  -0.02303  -0.02831   0.00209  -0.00300   0.00100   0.00000   0.16532   0.14208   0.17763   0.00089   0.00105   0.13998   0.17568   0.16532  -0.04864  -0.05929  -0.05620
1850   0.15161   0.05332   0.01985   0.00312   0.00000   0.00001   0.00000  -0.00875  -0.02384  -0.03003   0.00211  -0.00200   0.01300   0.00000   0.17839   0.14114   0.17811   0.01159   0.01364   0.15074   0.18975   0.17839  -0.02906  -0.04536  -0.04063
1851   0.15393   0.05374   0.02008   0.00312   0.00000   0.00001   0.00100  -0.00877  -0.02394  -0.03007   0.00213  -0.00100  -0.01000   0.00000   0.16021   0.14518   0.18185  -0.00892  -0.01050   0.13527   0.17035   0.16021  -0.01738  -0.03422  -0.02934
1852   0.15634   0.05466   0.02031   0.00312   0.00000   0.00001   0.00200  -0.00913  -0.02443  -0.03129   0.00216  -0.00100  -0.01900   0.00000   0.15375   0.14739   0.18452  -0.01694  -0.01994   0.12945   0.16357   0.15375  -0.00815  -0.02592  -0.02076
1853   0.15886   0.05540   0.02054   0.00312   0.00000   0.00001   0.00400  -0.00932  -0.02455  -0.03196   0.00219  -0.00400  -0.02800   0.00000   0.14629   0.15233   0.18889  -0.02497  -0.02939   0.12336   0.15550   0.14629  -0.00096  -0.01919  -0.01390
1854   0.16143   0.05640   0.02078   0.00312   0.00000   0.00001   0.00500  -0.01025  -0.02472  -0.03507   0.00223  -0.20600  -0.03800   0.00000  -0.06508   0.15261   0.18967  -0.03389  -0.03988  -0.08728  -0.05621  -0.06508  -0.03887  -0.02320  -0.02775
1855   0.16403   0.05701   0.02102   0.00312   0.00000   0.00001   0.00600  -0.01045  -0.02485  -0.03573   0.00226  -0.04400  -0.04900   0.00000   0.08941   0.15619   0.19312  -0.04370  -0.05143   0.06849   0.09769   0.08941  -0.02251  -0.02774  -0.02622
1856   0.16666   0.05762   0.02127   0.00312   0.00000   0.00001   0.00700  -0.01093  -0.02504  -0.03734   0.00228  -0.04200  -0.05000   0.00000   0.09264   0.15829   0.19541  -0.04459  -0.05248   0.07170   0.10093   0.09264  -0.01535  -0.02291  -0.02072
1857   0.16934   0.05861   0.02153   0.00312   0.00000   0.00001   0.00800  -0.01105  -0.02524  -0.03775   0.00232  -0.12000  -0.03900   0.00000   0.02989   0.16261   0.19963  -0.03478  -0.04093   0.00783   0.03869   0.02989  -0.02363  -0.02175  -0.02229
1858   0.17206   0.05936   0.02178   0.00312   0.00000   0.00001   0.00900  -0.01118  -0.02543  -0.03817   0.00235  -0.01700  -0.02700   0.00000   0.14890   0.16668   0.20361  -0.02408  -0.02834   0.12561   0.15828   0.14890  -0.00099  -0.01775  -0.01289
1859   0.17481   0.06027   0.02205   0.00312   0.00000   0.00001   0.01100  -0.01166  -0.02563  -0.03977   0.00239  -0.00300  -0.02100   0.00000   0.17258   0.17054   0.20721  -0.01873  -0.02204   0.14881   0.18217   0.17258   0.01603  -0.00764  -0.00077
1860   0.17760   0.06105   0.02232   0.00312   0.00000   0.00001   0.01200  -0.01241  -0.02585  -0.04230   0.00242  -0.00200  -0.00700   0.00000   0.18895   0.17161   0.20871  -0.00624  -0.00735   0.16336   0.19937   0.18895   0.03085   0.00212   0.01045
1861   0.18046   0.06194   0.02259   0.00312   0.00000   0.00001   0.01300  -0.01282  -0.02610  -0.04364   0.00245  -0.00100   0.00400   0.00000   0.20402   0.17455   0.21184   0.00357   0.00420   0.17711   0.21504   0.20402   0.04480   0.01147   0.02113
1862   0.18316   0.06272   0.02287   0.00312   0.00000   0.00001   0.01400  -0.01286  -0.02590  -0.04378   0.00248  -0.00100  -0.00200   0.00000   0.20282   0.17981   0.21645  -0.00178  -0.00210   0.17702   0.21335   0.20282   0.05529   0.01980   0.03009
1863   0.18569   0.06365   0.02315   0.00312   0.00000   0.00001   0.01500  -0.01352  -0.02610  -0.04597   0.00252  -0.00100  -0.01700   0.00000   0.18955   0.18131   0.21827  -0.01516  -0.01784   0.16515   0.19943   0.18955   0.06129   0.02613   0.03633
1864   0.18827   0.06435   0.02344   0.00312   0.00000   0.00001   0.01700  -0.01437  -0.02629  -0.04877   0.00255  -0.00100  -0.03100   0.00000   0.17730   0.18303   0.22003  -0.02765  -0.03254   0.15439   0.18649   0.17730   0.06486   0.03050   0.04046
1865   0.19084   0.06540   0.02374   0.00312   0.00000   0.00001   0.01800  -0.01504  -0.02649  -0.05097   0.00259  -0.00100  -0.03800   0.00000   0.17220   0.18470   0.22202  -0.03389  -0.03988   0.14981   0.18114   0.17220   0.06795   0.03376   0.04368
1866   0.19343   0.06649   0.02404   0.00312   0.00000   0.00001   0.01900  -0.01534  -0.02666  -0.05196   0.00263  -0.00100  -0.04400   0.00000   0.16976   0.18825   0.22559  -0.03924  -0.04618   0.14801   0.17841   0.16976   0.07099   0.03659   0.04656
1867   0.19612   0.06714   0.02434   0.00312   0.00000   0.00001   0.02000  -0.01609  -0.02686  -0.05443   0.00266  -0.00100  -0.04500   0.00000   0.17000   0.18921   0.22694  -0.04013  -0.04723   0.14808   0.17871   0.17000   0.07415   0.03926   0.04938
1868   0.19894   0.06814   0.02465   0.00312   0.00000   0.00001   0.02100  -0.01648  -0.02703  -0.05571   0.00270  -0.00100  -0.03500   0.00000   0.18332   0.19247   0.23029  -0.03121  -0.03674   0.16026   0.19255   0.18332   0.07991   0.04248   0.05334
1869   0.20188   0.06878   0.02496   0.00312   0.00000   0.00001   0.02200  -0.01724  -0.02722  -0.05819   0.00272  -0.00100  -0.01900   0.00000   0.20082   0.19368   0.23190  -0.01694  -0.01994   0.17574   0.21095   0.20082   0.08775   0.04686   0.05872
1870   0.20492   0.06985   0.02528   0.00312   0.00000   0.00001   0.02400  -0.01772  -0.02740  -0.05978   0.00277  -0.00100  -0.00800   0.00000   0.21605   0.19811   0.23605  -0.00713  -0.00840   0.18998   0.22665   0.21605   0.09662   0.05216   0.06505
1871   0.20820   0.07092   0.02560   0.00312   0.00000   0.00001   0.02500  -0.01870  -0.02774  -0.06295   0.00281  -0.00100   0.02200   0.00000   0.24727   0.19880   0.23749   0.01962   0.02309   0.21742   0.25958   0.24727   0.10916   0.05878   0.07339
1872   0.21224   0.07157   0.02593   0.00312   0.00000   0.00001   0.02600  -0.02040  -0.02852  -0.06846   0.00283  -0.00100   0.02000   0.00000   0.24333   0.19553   0.23609   0.01784   0.02099   0.21236   0.25608   0.24333   0.11699   0.06553   0.08045
1873   0.21702   0.07256   0.02627   0.00312   0.00000   0.00001   0.02700  -0.02136  -0.02882  -0.07157   0.00287  -0.00100   0.02200   0.00000   0.24811   0.19783   0.23907   0.01962   0.02309   0.21645   0.26116   0.24811   0.12459   0.07117   0.08666
1874   0.22202   0.07321   0.02661   0.00312   0.00000   0.00001   0.02800  -0.02047  -0.02896  -0.06870   0.00290  -0.00100   0.00100   0.00000   0.23773   0.20912   0.24942   0.00089   0.00105   0.20901   0.24947   0.23773   0.12915   0.07575   0.09123
1875   0.22726   0.07428   0.02696   0.00312   0.00000   0.00001   0.03000  -0.02180  -0.02926  -0.07298   0.00294  -0.00100  -0.01700   0.00000   0.22254   0.21155   0.25238  -0.01516  -0.01784   0.19539   0.23354   0.22254   0.13047   0.07862   0.09366
1876   0.23282   0.07534   0.02731   0.00312   0.00000   0.00001   0.03100  -0.02212  -0.02948  -0.07400   0.00298  -0.00100  -0.04000   0.00000   0.20598   0.21793   0.25885  -0.03567  -0.04198   0.18126   0.21587   0.20598   0.12968   0.07992   0.09435
1877   0.23862   0.07601   0.02767   0.00312   0.00000   0.00001   0.03200  -0.02243  -0.02972  -0.07500   0.00301  -0.00100  -0.05600   0.00000   0.19629   0.22415   0.26519  -0.04994  -0.05878   0.17321   0.20541   0.19629   0.12860   0.08025   0.09427
1878   0.24463   0.07697   0.02804   0.00312   0.00000   0.00001   0.03300  -0.02265  -0.02994  -0.07570   0.00305  -0.00100  -0.06300   0.00000   0.19653   0.23138   0.27243  -0.05618  -0.06612   0.17420   0.20531   0.19653   0.12894   0.08057   0.09460
1879   0.25082   0.07765   0.02841   0.00312   0.00000   0.00001   0.03400  -0.02399  -0.03021  -0.07998   0.00308  -0.00100  -0.06400   0.00000   0.19789   0.23308   0.27507  -0.05708  -0.06717   0.17500   0.20690   0.19789   0.12987   0.08132   0.09540
1880   0.25723   0.07865   0.02878   0.00312   0.00000   0.00001   0.03500  -0.02646  -0.03056  -0.08782   0.00312  -0.00100  -0.07000   0.00000   0.19007   0.22990   0.27380  -0.06243  -0.07347   0.16647   0.19933   0.19007   0.12923   0.08193   0.09564
1881   0.26400   0.07981   0.02916   0.00312   0.00000   0.00001   0.03700  -0.02719  -0.03100  -0.09012   0.00316  -0.00100  -0.05300   0.00000   0.21395   0.23660   0.28076  -0.04727  -0.05563   0.18834   0.22413   0.21395   0.13436   0.08346   0.09822
1882   0.27040   0.08088   0.02955   0.00312   0.00000   0.00001   0.03800  -0.02838  -0.03092  -0.09388   0.00320  -0.00100  -0.05700   0.00000   0.21397   0.24034   0.28489  -0.05083  -0.05983   0.18851   0.22406   0.21397   0.13769   0.08601   0.10100
1883   0.27619   0.08211   0.02993   0.00312   0.00000   0.00001   0.03900  -0.02993  -0.03122  -0.09871   0.00325  -0.73100  -0.06500   0.00000  -0.52224   0.24133   0.28701  -0.05797  -0.06822  -0.54764  -0.51221  -0.52224  -0.01616   0.05407   0.03371
1884   0.28197   0.08311   0.03032   0.00312   0.00000   0.00001   0.04000  -0.03024  -0.03144  -0.09969   0.00329  -2.10800  -0.04400   0.00000  -1.87155   0.24796   0.29373  -0.03924  -0.04618  -1.89928  -1.86046  -1.87155  -0.38176  -0.06577  -0.15741
1885   0.28775   0.08387   0.03071   0.00312   0.00000   0.00001   0.04100  -0.03055  -0.03163  -0.10066   0.00332  -0.70600  -0.04200   0.00000  -0.46106   0.25440   0.30023  -0.03746  -0.04408  -0.48905  -0.44986  -0.46106  -0.28453  -0.15136  -0.18998
1886   0.29338   0.08472   0.03110   0.00312   0.00000   0.00001   0.04200  -0.03097  -0.03185  -0.10195   0.00336  -0.13400  -0.04300   0.00000   0.11592   0.26026   0.30625  -0.03835  -0.04513   0.08792   0.12712   0.11592  -0.15365  -0.12494  -0.13327
1887   0.29856   0.08580   0.03150   0.00312   0.00000   0.00001   0.04400  -0.03223  -0.03210  -0.10587   0.00340  -0.01400  -0.05100   0.00000   0.23118   0.26324   0.30964  -0.04548  -0.05353   0.20376   0.24211   0.23118  -0.06984  -0.07912  -0.07643
1888   0.30327   0.08689   0.03189   0.00312   0.00000   0.00001   0.04500  -0.03531  -0.03242  -0.11536   0.00344  -0.00400  -0.05500   0.00000   0.23152   0.25590   0.30466  -0.04905  -0.05773   0.20285   0.24293   0.23152  -0.02058  -0.04284  -0.03638
1889   0.30750   0.08797   0.03229   0.00312   0.00000   0.00001   0.04600  -0.03534  -0.03259  -0.11543   0.00349  -0.00200  -0.05500   0.00000   0.24001   0.26254   0.31110  -0.04905  -0.05773   0.21149   0.25137   0.24001   0.01540  -0.01616  -0.00701
1890   0.31145   0.08892   0.03269   0.00312   0.00000   0.00001   0.04700  -0.03869  -0.02953  -0.12565   0.00352  -0.63200  -0.04300   0.00000  -0.38216   0.25958   0.30643  -0.03835  -0.04513  -0.41076  -0.37070  -0.38216  -0.09071  -0.02431  -0.04357
1891   0.31534   0.09017   0.03310   0.00312   0.00000   0.00001   0.04800  -0.04044  -0.02999  -0.13093   0.00357  -0.40800  -0.03100   0.00000  -0.14705   0.25761   0.30597  -0.02765  -0.03254  -0.17803  -0.13457  -0.14705  -0.08898  -0.04725  -0.05935
1892   0.31912   0.09171   0.03352   0.00312   0.00000   0.00001   0.05000  -0.04219  -0.03043  -0.13617   0.00363  -0.11400  -0.02300   0.00000   0.15531   0.25724   0.30664  -0.02051  -0.02414   0.12273   0.16850   0.15531  -0.03122  -0.03844  -0.03634
1893   0.32270   0.09287   0.03394   0.00312   0.00000   0.00001   0.05100  -0.04395  -0.03090  -0.14141   0.00368  -0.01200  -0.00100   0.00000   0.27806   0.25492   0.30583  -0.00089  -0.00105   0.24203   0.29278   0.27806   0.02201  -0.01283  -0.00273
1894   0.32618   0.09389   0.03436   0.00312   0.00000   0.00001   0.05200  -0.04570  -0.03136  -0.14659   0.00372  -0.00400   0.02900   0.00000   0.31462   0.25241   0.30482   0.02586   0.03044   0.27427   0.33126   0.31462   0.06135   0.01312   0.02711
1895   0.32976   0.09504   0.03480   0.00312   0.00000   0.00001   0.05300  -0.04745  -0.03181  -0.15175   0.00377  -0.00200   0.03200   0.00000   0.31849   0.25022   0.30412   0.02854   0.03359   0.27676   0.33571   0.31849   0.08947   0.03467   0.05056
1896   0.33341   0.09659   0.03524   0.00312   0.00000   0.00001   0.05400  -0.04920  -0.03227  -0.15687   0.00383  -0.00100   0.02100   0.00000   0.30786   0.24852   0.30393   0.01873   0.02204   0.26625   0.32497   0.30786   0.10879   0.05132   0.06799
1897   0.33719   0.09768   0.03569   0.00312   0.00000   0.00001   0.05500  -0.05095  -0.03274  -0.16197   0.00387  -0.00100  -0.01000   0.00000   0.27590   0.24649   0.30341  -0.00892  -0.01050   0.23658   0.29191   0.27590   0.11850   0.06292   0.07904
1898   0.34120   0.09880   0.03614   0.00312   0.00000   0.00001   0.05700  -0.05269  -0.03318  -0.16703   0.00392  -0.00100  -0.02400   0.00000   0.26228   0.24613   0.30409  -0.02140  -0.02519   0.22373   0.27790   0.26228   0.12571   0.07070   0.08665
1899   0.34557   0.10031   0.03660   0.00312   0.00000   0.00001   0.05800  -0.05444  -0.03364  -0.17207   0.00397  -0.00100  -0.02800   0.00000   0.25842   0.24520   0.30467  -0.02497  -0.02939   0.21923   0.27428   0.25842   0.13227   0.07687   0.09294
1900   0.35027   0.10151   0.03706   0.00312   0.00000   0.00001   0.05900  -0.05619  -0.03411  -0.17708   0.00402  -0.00100  -0.04300   0.00000   0.24361   0.24432   0.30529  -0.03835  -0.04513   0.20497   0.25916   0.24361   0.13571   0.08164   0.09732
1901   0.35554   0.10354   0.03753   0.00312   0.00000   0.00001   0.06000  -0.05890  -0.03450  -0.18477   0.00410  -0.00100  -0.05400   0.00000   0.23067   0.24085   0.30398  -0.04816  -0.05668   0.19169   0.24630   0.23067   0.13726   0.08481   0.10002
1902   0.36129   0.10572   0.03801   0.00312   0.00000   0.00001   0.06100  -0.06160  -0.03489  -0.19238   0.00419  -0.33600  -0.05900   0.00000  -0.11053   0.23812   0.30340  -0.05262  -0.06193  -0.15050  -0.09453  -0.11053   0.06741   0.07158   0.07037
1903   0.36740   0.10781   0.03849   0.00312   0.00000   0.00001   0.06300  -0.06430  -0.03529  -0.19993   0.00427  -1.70500  -0.05600   0.00000  -1.47643   0.23700   0.30400  -0.04994  -0.05878  -1.51794  -1.45978  -1.47643  -0.25764  -0.01655  -0.08647
1904   0.37395   0.11009   0.03898   0.00312   0.00000   0.00001   0.06400  -0.06700  -0.03568  -0.20741   0.00436  -0.60300  -0.03100   0.00000  -0.34958   0.23532   0.30448  -0.02765  -0.03254  -0.39532  -0.33106  -0.34958  -0.19169  -0.09217  -0.12103
1905   0.38082   0.11264   0.03948   0.00312   0.00000   0.00001   0.06500  -0.06971  -0.03607  -0.21484   0.00446  -0.08000  -0.06600   0.00000   0.13890   0.23427   0.30558  -0.05886  -0.06927   0.09541   0.15631   0.13890  -0.08724  -0.07426  -0.07802
1906   0.38803   0.11518   0.03998   0.00312   0.00000   0.00001   0.06600  -0.07241  -0.03646  -0.22219   0.00457  -0.01300  -0.01900   0.00000   0.25382   0.23366   0.30712  -0.01694  -0.01994   0.20371   0.27418   0.25382  -0.01760  -0.03734  -0.03162
1907   0.39558   0.11739   0.04050   0.00312   0.00000   0.00001   0.06700  -0.07511  -0.03685  -0.22950   0.00465  -0.12600  -0.04300   0.00000   0.11777   0.23308   0.30870  -0.03835  -0.04513   0.06873   0.13757   0.11777  -0.00501  -0.01329  -0.01089
1908   0.40311   0.11990   0.04101   0.00312   0.00000   0.00001   0.06800  -0.07781  -0.03727  -0.23673   0.00475  -0.04700  -0.02100   0.00000   0.22008   0.23284   0.31064  -0.01873  -0.02204   0.16711   0.24160   0.22008   0.02991   0.00263   0.01054
1909   0.41050   0.12264   0.04154   0.00312   0.00000   0.00001   0.07000  -0.08052  -0.03766  -0.24392   0.00486  -0.00700  -0.04400   0.00000   0.23956   0.23410   0.31362  -0.03924  -0.04618   0.18786   0.26044   0.23956   0.05633   0.02058   0.03095
1910   0.41801   0.12511   0.04206   0.00312   0.00000   0.00001   0.07100  -0.08322  -0.03805  -0.25104   0.00496  -0.00200  -0.04400   0.00000   0.24596   0.23397   0.31565  -0.03924  -0.04618   0.19273   0.26746   0.24596   0.07617   0.03562   0.04738
1911   0.42520   0.12735   0.04260   0.00313   0.00001   0.00001   0.07200  -0.08461  -0.03845  -0.25467   0.00505  -0.00100  -0.05100   0.00000   0.24561   0.23881   0.32162  -0.04548  -0.05353   0.19233   0.26709   0.24561   0.09142   0.04786   0.06049
1912   0.43186   0.12980   0.04314   0.00314   0.00002   0.00001   0.07300  -0.08599  -0.03886  -0.25828   0.00515  -0.26500  -0.05200   0.00000  -0.01404   0.24334   0.32731  -0.04637  -0.05458  -0.06804   0.00773  -0.01404   0.04840   0.04580   0.04655
1913   0.43833   0.13256   0.04370   0.00315   0.00003   0.00001   0.07400  -0.08738  -0.03925  -0.26189   0.00526  -0.22900  -0.03900   0.00000   0.04048   0.24805   0.33316  -0.03478  -0.04093  -0.01573   0.06322   0.04048   0.04142   0.03576   0.03740
1914   0.44428   0.13548   0.04426   0.00316   0.00004   0.00001   0.07600  -0.08876  -0.03967  -0.26547   0.00537  -0.03100  -0.01700   0.00000   0.26665   0.25371   0.33954  -0.01516  -0.01784   0.20755   0.29070   0.26665   0.08353   0.04217   0.05417
1915   0.44959   0.13823   0.04483   0.00317   0.00005   0.00001   0.07700  -0.09015  -0.04006  -0.26905   0.00548  -0.00500   0.00400   0.00000   0.31804   0.25729   0.34426   0.00357   0.00420   0.25586   0.34346   0.31804   0.11497   0.05991   0.07588
1916   0.45500   0.14112   0.04541   0.00318   0.00006   0.00001   0.07800  -0.09153  -0.04046  -0.27260   0.00560  -0.00200   0.06200   0.00000   0.38372   0.26117   0.34927   0.05529   0.06507   0.31446   0.41235   0.38372   0.14826   0.07860   0.09880
1917   0.46080   0.14384   0.04600   0.00320   0.00008   0.00001   0.07900  -0.09292  -0.04087  -0.27615   0.00570  -0.00100   0.05100   0.00000   0.37861   0.26522   0.35449   0.04548   0.05353   0.30971   0.40702   0.37861   0.16987   0.09588   0.11733
1918   0.46662   0.14677   0.04660   0.00321   0.00009   0.00001   0.08000  -0.09430  -0.04126  -0.27967   0.00582  -0.00100   0.08300   0.00000   0.41579   0.26960   0.36001   0.07402   0.08712   0.34263   0.44612   0.41579   0.19398   0.11111   0.13514
1919   0.47188   0.14995   0.04720   0.00325   0.00013   0.00001   0.08100  -0.09569  -0.04168  -0.28319   0.00595  -0.00100   0.04000   0.00000   0.37769   0.27367   0.36524   0.03567   0.04198   0.30835   0.40623   0.37769   0.20436   0.12349   0.14694
1920   0.47729   0.15289   0.04782   0.00331   0.00019   0.00001   0.08300  -0.09707  -0.04207  -0.28668   0.00606  -0.00100   0.01700   0.00000   0.36055   0.27904   0.37130   0.01516   0.01784   0.29320   0.38815   0.36055   0.21134   0.13127   0.15449
1921   0.48312   0.15552   0.04843   0.00337   0.00025   0.00001   0.08400  -0.09863  -0.04261  -0.29058   0.00617  -0.00400  -0.01600   0.00000   0.32879   0.28226   0.37597  -0.01427  -0.01679   0.26399   0.35518   0.32879   0.21232   0.13599   0.15813
1922   0.48893   0.15847   0.04906   0.00344   0.00032   0.00001   0.08500  -0.10018  -0.04313  -0.29447   0.00629  -0.13000  -0.03700   0.00000   0.18641   0.28587   0.38099  -0.03300  -0.03883   0.12287   0.21216   0.18641   0.18561   0.13251   0.14790
1923   0.49545   0.16153   0.04968   0.00351   0.00039   0.00001   0.08600  -0.10173  -0.04364  -0.29834   0.00641  -0.01300  -0.04100   0.00000   0.30488   0.29033   0.38688  -0.03656  -0.04303   0.24077   0.33085   0.30488   0.19890   0.12979   0.14983
1924   0.50258   0.16452   0.05031   0.00358   0.00046   0.00001   0.08700  -0.10327  -0.04418  -0.30217   0.00653  -0.00300  -0.04400   0.00000   0.31791   0.29534   0.39333  -0.03924  -0.04618   0.25310   0.34414   0.31791   0.20730   0.13461   0.15569
1925   0.50976   0.16753   0.05094   0.00367   0.00055   0.00001   0.08900  -0.10482  -0.04469  -0.30600   0.00665  -0.00200  -0.03600   0.00000   0.33404   0.30177   0.40074  -0.03211  -0.03779   0.26766   0.36095   0.33404   0.21630   0.13986   0.16203
1926   0.51695   0.17054   0.05157   0.00376   0.00064   0.00001   0.09000  -0.10637  -0.04521  -0.30982   0.00677  -0.00100  -0.02000   0.00000   0.35719   0.30692   0.40730  -0.01784  -0.02099   0.28808   0.38531   0.35719   0.22729   0.14605   0.16961
1927   0.52466   0.17348   0.05220   0.00386   0.00074   0.00001   0.09100  -0.10793  -0.04572  -0.31362   0.00688  -0.00100   0.02300   0.00000   0.40681   0.31253   0.41434   0.02051   0.02414   0.33204   0.43748   0.40681   0.24479   0.15456   0.18073
1928   0.53281   0.17651   0.05283   0.00396   0.00084   0.00001   0.09200  -0.10948  -0.04626  -0.31741   0.00700  -0.09300  -0.00100   0.00000   0.29797   0.31866   0.42191  -0.00089  -0.00105   0.22477   0.32787   0.29797   0.23374   0.15869   0.18045
1929   0.54104   0.17939   0.05346   0.00408   0.00096   0.00001   0.09300  -0.11102  -0.04678  -0.32116   0.00712  -0.30900  -0.00800   0.00000   0.08213   0.32482   0.42949  -0.00713  -0.00840   0.00869   0.11209   0.08213   0.18520   0.14735   0.15833
1930   0.54899   0.18198   0.05408   0.00421   0.00109   0.00001   0.09400  -0.11257  -0.04729  -0.32491   0.00722  -0.12800   0.00500   0.00000   0.28271   0.33039   0.43647   0.00446   0.00525   0.20685   0.31372   0.28271   0.20312   0.13903   0.15762
1931   0.55603   0.18479   0.05470   0.00434   0.00122   0.00001   0.09600  -0.11376  -0.04778  -0.32777   0.00733  -0.13700  -0.01700   0.00000   0.25990   0.33811   0.44486  -0.01516  -0.01784   0.18595   0.29001   0.25990   0.20399   0.14149   0.15961
1932   0.56205   0.18736   0.05531   0.00449   0.00137   0.00001   0.09700  -0.11495  -0.04827  -0.33063   0.00744  -0.03700  -0.03200   0.00000   0.35081   0.34323   0.45108  -0.02854  -0.03359   0.27769   0.38050   0.35081   0.22435   0.14627   0.16891
1933   0.56742   0.19017   0.05590   0.00466   0.00154   0.00001   0.09800  -0.11613  -0.04876  -0.33346   0.00755  -0.00500  -0.03200   0.00000   0.38834   0.34798   0.45694  -0.02854  -0.03359   0.31445   0.41835   0.38834   0.24288   0.15589   0.18111
1934   0.57262   0.19272   0.05649   0.00484   0.00172   0.00001   0.09900  -0.11732  -0.04923  -0.33629   0.00765  -0.00200  -0.01200   0.00000   0.41649   0.35237   0.46240  -0.01070  -0.01260   0.33967   0.44780   0.41649   0.26024   0.16623   0.19350
1935   0.57765   0.19506   0.05706   0.00503   0.00191   0.00001   0.10000  -0.11851  -0.04972  -0.33912   0.00774  -0.00100   0.01100   0.00000   0.44520   0.35630   0.46743   0.00981   0.01155   0.36511   0.47798   0.44520   0.27789   0.17698   0.20624
1936   0.58261   0.19757   0.05762   0.00524   0.00212   0.00001   0.10200  -0.11969  -0.05021  -0.34193   0.00784  -0.00100   0.06000   0.00000   0.50006   0.36168   0.47348   0.05351   0.06298   0.41419   0.53546   0.50006   0.30120   0.18944   0.22185
1937   0.58733   0.19991   0.05815   0.00546   0.00234   0.00001   0.10300  -0.12088  -0.05070  -0.34473   0.00794  -0.00100   0.04700   0.00000   0.49149   0.36533   0.47823   0.04192   0.04933   0.40625   0.52656   0.49149   0.31551   0.20153   0.23458
1938   0.59104   0.20240   0.05867   0.00570   0.00258   0.00001   0.10400  -0.12207  -0.05116  -0.34754   0.00804  -0.00100   0.06100   0.00000   0.50908   0.36816   0.48213   0.05440   0.06403   0.42156   0.54516   0.50908   0.33053   0.21173   0.24618
1939   0.59385   0.20468   0.05916   0.00595   0.00283   0.00001   0.10500  -0.12325  -0.05165  -0.35032   0.00813  -0.00100   0.06500   0.00000   0.51556   0.36985   0.48493   0.05797   0.06822   0.42682   0.55215   0.51556   0.34336   0.22137   0.25675
1940   0.59656   0.20718   0.05964   0.00621   0.00309   0.00001   0.10600  -0.12443  -0.05214  -0.35309   0.00823  -0.00100   0.05300   0.00000   0.50615   0.37166   0.48784   0.04727   0.05563   0.41793   0.54247   0.50615   0.35185   0.22933   0.26486
1941   0.59917   0.20994   0.06014   0.00649   0.00337   0.00001   0.10700  -0.12748  -0.05271  -0.36019   0.00834  -0.00100   0.02000   0.00000   0.46970   0.36634   0.48516   0.01784   0.02099   0.38318   0.50515   0.46970   0.35217   0.23406   0.26831
1942   0.60133   0.21248   0.06068   0.00678   0.00366   0.00001   0.10900  -0.13053  -0.05330  -0.36723   0.00844  -0.00100  -0.00800   0.00000   0.43866   0.36171   0.48276  -0.00713  -0.00840   0.35358   0.47336   0.43866   0.34874   0.23537   0.26825
1943   0.60319   0.21473   0.06126   0.00709   0.00397   0.00001   0.11000  -0.13357  -0.05386  -0.37420   0.00853  -0.00100  -0.02500   0.00000   0.41717   0.35535   0.47904  -0.02230  -0.02624   0.33206   0.45180   0.41717   0.34414   0.23478   0.26649
1944   0.60491   0.21724   0.06186   0.00741   0.00429   0.00001   0.11100  -0.13662  -0.05442  -0.38113   0.00863  -0.00100  -0.00200   0.00000   0.43588   0.34919   0.47552  -0.00178  -0.00210   0.34641   0.47242   0.43588   0.34604   0.23494   0.26716
1945   0.60579   0.21987   0.06247   0.00776   0.00464   0.00001   0.11200  -0.13967  -0.05501  -0.38801   0.00873  -0.00100   0.03700   0.00000   0.46994   0.34235   0.47135   0.03300   0.03883   0.37435   0.50918   0.46994   0.35411   0.23809   0.27173
1946   0.60625   0.22239   0.06310   0.00812   0.00500   0.00001   0.11300  -0.14271  -0.05557  -0.39482   0.00883  -0.00100   0.03300   0.00000   0.46059   0.33514   0.46677   0.02943   0.03464   0.36357   0.50040   0.46059   0.35747   0.24199   0.27548
1947   0.60777   0.22551   0.06377   0.00849   0.00537   0.00002   0.11500  -0.14576  -0.05616  -0.40159   0.00896  -0.00100   0.06300   0.00000   0.48799   0.33095   0.46481   0.05618   0.06612   0.38613   0.52993   0.48799   0.36600   0.24617   0.28092
1948   0.61054   0.22851   0.06446   0.00887   0.00575   0.00002   0.11600  -0.14880  -0.05673  -0.40829   0.00908  -0.00100   0.13900   0.00000   0.56165   0.32674   0.46324   0.12396   0.14589   0.44970   0.60813   0.56165   0.38617   0.25448   0.29267
1949   0.61385   0.23162   0.06518   0.00929   0.00617   0.00002   0.11700  -0.15185  -0.05729  -0.41496   0.00920  -0.00100   0.09700   0.00000   0.51806   0.32327   0.46241   0.08651   0.10181   0.40877   0.56322   0.51806   0.39045   0.26250   0.29960
1950   0.61819   0.23506   0.06592   0.00973   0.00661   0.00002   0.11800  -0.15490  -0.05788  -0.42158   0.00934  -0.00100   0.08700   0.00000   0.50791   0.32122   0.46303   0.07759   0.09131   0.39781   0.55335   0.50791   0.39347   0.26650   0.30332
1951   0.62392   0.23863   0.06667   0.01024   0.00712   0.00002   0.12500  -0.16194  -0.05918  -0.43669   0.00948  -0.00100   0.01500   0.00000   0.43016   0.31260   0.45846   0.01338   0.01574   0.32497   0.47320   0.43016   0.38151   0.26610   0.29957
1952   0.63029   0.24250   0.06743   0.01079   0.00767   0.00002   0.13200  -0.16899  -0.06047  -0.45155   0.00964  -0.00100   0.02100   0.00000   0.43165   0.30522   0.45513   0.01873   0.02204   0.32295   0.47617   0.43165   0.37636   0.26295   0.29584
1953   0.63735   0.24697   0.06820   0.01139   0.00827   0.00002   0.13800  -0.17604  -0.06180  -0.46617   0.00981  -0.03800   0.01100   0.00000   0.38073   0.29809   0.45252   0.00981   0.01155   0.26990   0.42606   0.38073   0.36271   0.25890   0.28901
1954   0.64527   0.25123   0.06899   0.01207   0.00895   0.00002   0.14500  -0.18309  -0.06310  -0.48054   0.00998  -0.04600   0.02600   0.00000   0.38583   0.29331   0.45179   0.02319   0.02729   0.27050   0.43308   0.38583   0.35615   0.25413   0.28371
1955   0.65450   0.25572   0.06980   0.01285   0.00973   0.00002   0.15200  -0.19013  -0.06442  -0.49468   0.01016  -0.00700   0.06500   0.00000   0.46383   0.29041   0.45297   0.05797   0.06822   0.34138   0.51419   0.46383   0.36750   0.25470   0.28741
1956   0.66526   0.26039   0.07063   0.01377   0.01065   0.00002   0.15900  -0.19718  -0.06572  -0.50860   0.01035  -0.00200   0.06500   0.00000   0.47092   0.28963   0.45624   0.05797   0.06822   0.34560   0.52246   0.47092   0.37422   0.25914   0.29251
1957   0.67699   0.26534   0.07146   0.01485   0.01173   0.00002   0.16600  -0.20423  -0.06704  -0.52231   0.01055  -0.00100   0.12100   0.00000   0.53162   0.29043   0.46112   0.10791   0.12700   0.39733   0.58712   0.53162   0.39042   0.26565   0.30183
1958   0.68945   0.27034   0.07228   0.01613   0.01301   0.00003   0.17200  -0.21128  -0.06834  -0.53581   0.01075  -0.00100   0.16300   0.00000   0.57756   0.29118   0.46636   0.14537   0.17108   0.43555   0.63645   0.57756   0.40924   0.27567   0.31441
1959   0.70246   0.27526   0.07309   0.01766   0.01454   0.00003   0.17900  -0.21832  -0.06964  -0.54909   0.01094  -0.00100   0.14200   0.00000   0.56239   0.29414   0.47337   0.12664   0.14904   0.41977   0.62141   0.56239   0.41871   0.28485   0.32367
1960   0.71739   0.28065   0.07390   0.01950   0.01638   0.00003   0.18600  -0.22537  -0.07096  -0.56219   0.01116  -0.00100   0.16100   0.00000   0.59010   0.29995   0.48326   0.14358   0.16898   0.44253   0.65125   0.59010   0.43197   0.29277   0.33313
1961   0.73026   0.28599   0.07472   0.02178   0.01866   0.00003   0.19300  -0.23428  -0.07202  -0.57846   0.01137  -0.00100   0.13700   0.00000   0.56840   0.29857   0.48706   0.12218   0.14379   0.41974   0.62985   0.56840   0.43703   0.29958   0.33944
1962   0.74167   0.29174   0.07560   0.02448   0.02131   0.00003   0.20000  -0.24319  -0.07309  -0.59445   0.01160  -0.00100   0.07000   0.00000   0.50339   0.29686   0.49057   0.06243   0.07347   0.35829   0.56304   0.50339   0.42942   0.30127   0.33843
1963   0.75320   0.29744   0.07656   0.02766   0.02442   0.00004   0.20600  -0.25210  -0.07415  -0.61016   0.01183  -0.91900   0.03600   0.00000  -0.44669   0.29479   0.49412   0.03211   0.03779  -0.59211  -0.38709  -0.44669   0.22528   0.25621   0.24724
1964   0.76548   0.30308   0.07759   0.03138   0.02804   0.00005   0.21300  -0.26101  -0.07523  -0.62558   0.01205  -0.73300   0.01600   0.00000  -0.27620   0.29558   0.50012   0.01427   0.01679  -0.42316  -0.21608  -0.27620   0.15675   0.18749   0.17858
1965   0.77636   0.30928   0.07870   0.03566   0.03223   0.00005   0.22000  -0.26992  -0.07628  -0.64074   0.01230  -0.16800   0.00500   0.00000   0.28241   0.29650   0.50623   0.00446   0.00525   0.13296   0.34348   0.28241   0.22042   0.17055   0.18501
1966   0.79389   0.31535   0.07991   0.04053   0.03702   0.00006   0.22700  -0.27883  -0.07736  -0.65565   0.01255  -0.01700   0.01200   0.00000   0.45245   0.30484   0.51978   0.01070   0.01260   0.29854   0.51538   0.45245   0.27447   0.18942   0.21408
1967   0.80735   0.32144   0.08119   0.04605   0.04246   0.00008   0.23400  -0.28774  -0.07841  -0.67030   0.01279  -0.00500   0.02000   0.00000   0.48144   0.31015   0.53028   0.01784   0.02099   0.32299   0.54627   0.48144   0.30747   0.21018   0.23840
1968   0.82395   0.32782   0.08254   0.05225   0.04857   0.00009   0.24000  -0.29665  -0.07949  -0.68472   0.01304  -0.22500   0.05500   0.00000   0.30883   0.31853   0.54431   0.04905   0.05773   0.14258   0.37704   0.30883   0.29053   0.21798   0.23902
1969   0.84452   0.33428   0.08395   0.05914   0.05538   0.00010   0.24700  -0.30556  -0.08054  -0.69890   0.01330  -0.33300   0.07200   0.00000   0.23630   0.33331   0.56428   0.06421   0.07557   0.06452   0.30685   0.23630   0.27023   0.21242   0.22919
1970   0.86217   0.34098   0.08543   0.06677   0.06291   0.00011   0.25400  -0.31447  -0.08162  -0.71286   0.01357  -0.09700   0.06500   0.00000   0.48208   0.34639   0.58257   0.05797   0.06822   0.30736   0.55379   0.48208   0.31199   0.21670   0.24433
1971   0.87693   0.34736   0.08698   0.07509   0.07111   0.00013   0.26100  -0.32096  -0.08275  -0.72289   0.01383  -0.01100   0.07600   0.00000   0.59971   0.36460   0.60419   0.06778   0.07977   0.42138   0.67295   0.59971   0.35640   0.23671   0.27142
1972   0.89815   0.35402   0.08860   0.08411   0.08002   0.00015   0.26800  -0.32746  -0.08388  -0.73282   0.01409  -0.00400   0.04500   0.00000   0.60396   0.39045   0.63343   0.04013   0.04723   0.42658   0.67666   0.60396   0.38415   0.25698   0.29386
1973   0.92187   0.36073   0.09030   0.09391   0.08963   0.00017   0.27400  -0.33396  -0.08500  -0.74264   0.01436  -0.00200   0.03500   0.00000   0.62674   0.41849   0.66532   0.03121   0.03674   0.44770   0.70006   0.62674   0.40871   0.27366   0.31283
1974   0.93643   0.36730   0.09208   0.10428   0.09980   0.00019   0.28100  -0.34045  -0.08615  -0.75234   0.01462  -0.03300   0.01600   0.00000   0.59996   0.43927   0.68954   0.01427   0.01679   0.42054   0.67333   0.59996   0.42100   0.28670   0.32565
1975   0.95515   0.37392   0.09399   0.11518   0.11050   0.00022   0.28800  -0.34694  -0.08728  -0.76194   0.01489  -0.30000   0.01900   0.00000   0.36418   0.46508   0.71874   0.01694   0.01994   0.18202   0.43869   0.36418   0.38187   0.28523   0.31325
1976   0.97328   0.38045   0.09605   0.12661   0.12173   0.00025   0.29500  -0.35343  -0.08841  -0.77143   0.01515  -0.11200   0.02800   0.00000   0.58951   0.49099   0.74806   0.02497   0.02939   0.40396   0.66545   0.58951   0.41322   0.28478   0.32202
1977   0.99867   0.38701   0.09824   0.13854   0.13346   0.00029   0.30200  -0.35993  -0.08954  -0.78083   0.01541  -0.01600   0.06300   0.00000   0.75685   0.52491   0.78539   0.05618   0.06612   0.56510   0.83551   0.75685   0.46265   0.30357   0.34970
1978   1.02128   0.39387   0.10055   0.15089   0.14561   0.00033   0.30800  -0.36643  -0.09066  -0.79013   0.01569  -0.00400   0.08700   0.00000   0.82640   0.55573   0.82005   0.07759   0.09131   0.62932   0.90737   0.82640   0.50575   0.32877   0.38010
1979   1.04592   0.40035   0.10290   0.16308   0.15759   0.00037   0.31500  -0.37292  -0.09179  -0.79932   0.01595  -0.00200   0.14000   0.00000   0.91754   0.58945   0.85718   0.12485   0.14694   0.71231   1.00212   0.91754   0.55302   0.35563   0.41287
1980   1.07159   0.40718   0.10524   0.17505   0.16936   0.00043   0.31500  -0.37941  -0.09294  -0.80843   0.01622  -0.00100   0.15500   0.00000   0.96392   0.61523   0.88944   0.13823   0.16269   0.75246   1.05113   0.96392   0.59438   0.38313   0.44439
1981   1.09410   0.41512   0.10762   0.18343   0.17755   0.00048   0.31400  -0.38369  -0.09400  -0.81437   0.01654  -0.00100   0.15300   0.00000   0.99126   0.64096   0.92025   0.13645   0.16059   0.77640   1.07984   0.99126   0.63010   0.40846   0.47274
1982   1.11684   0.42280   0.11003   0.19418   0.18810   0.00055   0.31400  -0.38797  -0.09507  -0.82028   0.01685  -0.71600   0.09100   0.00000   0.24693   0.67031   0.95429   0.08115   0.09551   0.03546   0.33380   0.24693   0.49976   0.39581   0.42596
1983   1.14324   0.43057   0.11242   0.20352   0.19723   0.00061   0.31300  -0.39224  -0.09613  -0.82614   0.01716  -0.84600   0.09400   0.00000   0.15401   0.70077   0.98984   0.08383   0.09866  -0.06140   0.24250   0.15401   0.42028   0.34975   0.37020
1984   1.16237   0.43780   0.11481   0.21320   0.20672   0.00069   0.31300  -0.39652  -0.09721  -0.83196   0.01745  -0.20600   0.01800   0.00000   0.74564   0.72508   1.01882   0.01605   0.01889   0.53513   0.83172   0.74564   0.49799   0.34054   0.38621
1985   1.18376   0.44297   0.11719   0.22539   0.21871   0.00076   0.31200  -0.40079  -0.09828  -0.83775   0.01766  -0.02100  -0.01000   0.00000   0.93191   0.75072   1.04958  -0.00892  -0.01050   0.72080   1.01808   0.93191   0.56729   0.36951   0.42687
1986   1.20832   0.44774   0.11956   0.23695   0.23007   0.00084   0.31200  -0.40507  -0.09934  -0.84349   0.01785  -0.00600  -0.00800   0.00000   0.98136   0.77988   1.08338  -0.00713  -0.00840   0.76674   1.06898   0.98136   0.61681   0.40098   0.46357
1987   1.23762   0.45261   0.12197   0.24950   0.24241   0.00093   0.31200  -0.40934  -0.10042  -0.84920   0.01804  -0.00200   0.00700   0.00000   1.03871   0.81490   1.12308   0.00624   0.00735   0.81914   1.12842   1.03871   0.66199   0.42966   0.49703
1988   1.26646   0.45671   0.12462   0.26315   0.25587   0.00102   0.31100  -0.41361  -0.10149  -0.85488   0.01821  -0.00100   0.06100   0.00000   1.13119   0.84875   1.16205   0.05440   0.06403   0.90215   1.22507   1.13119   0.71221   0.45914   0.53253
1989   1.28887   0.46070   0.12740   0.27533   0.26785   0.00111   0.31100  -0.41789  -0.10255  -0.86051   0.01837  -0.00100   0.14900   0.00000   1.24983   0.87609   1.19404   0.13288   0.15639   1.00797   1.34942   1.24983   0.77073   0.49247   0.57316
1990   1.31195   0.46430   0.12993   0.28874   0.28106   0.00121   0.31000  -0.42216  -0.10363  -0.86612   0.01851  -0.00100   0.14000   0.00000   1.27174   0.90337   1.22643   0.12485   0.14694   1.02722   1.37237   1.27174   0.81592   0.52555   0.60976
1991   1.32938   0.46795   0.13217   0.29867   0.29079   0.00132   0.31000  -0.42518  -0.10456  -0.87005   0.01866  -0.89000   0.12600   0.00000   0.39436   0.92649   1.25306   0.11237   0.13225   0.14885   0.49531   0.39436   0.66392   0.51260   0.55648
1992   1.34661   0.47093   0.13434   0.30687   0.29882   0.00143   0.30900  -0.42820  -0.10551  -0.87397   0.01878  -1.36800   0.09500   0.00000  -0.09272   0.94558   1.27614   0.08472   0.09971  -0.33770   0.00785  -0.09272   0.49275   0.44239   0.45699
1993   1.36219   0.47259   0.13650   0.31412   0.30588   0.00154   0.30900  -0.43122  -0.10647  -0.87786   0.01885  -0.39100   0.04000   0.00000   0.84824   0.96202   1.29613   0.03567   0.04198   0.60669   0.94711   0.84824   0.59610   0.41379   0.46666
1994   1.38499   0.47491   0.13871   0.31813   0.30970   0.00166   0.30800  -0.43424  -0.10740  -0.88175   0.01894  -0.03700   0.01100   0.00000   1.19596   0.98193   1.32000   0.00981   0.01155   0.95474   1.29454   1.19596   0.70406   0.45205   0.52513
1995   1.41172   0.47740   0.14107   0.32151   0.31262   0.00178   0.30800  -0.43725  -0.10836  -0.88560   0.01904  -0.00900  -0.00400   0.00000   1.23632   1.00677   1.34838  -0.00357  -0.00420   0.99420   1.33519   1.23632   0.77093   0.49643   0.57603
1996   1.43604   0.47829   0.14357   0.32455   0.31501   0.00191   0.30800  -0.44027  -0.10929  -0.88945   0.01908  -0.00300  -0.02100   0.00000   1.24843   1.02739   1.37252  -0.01873  -0.02204   1.00566   1.34748   1.24843   0.81882   0.53175   0.61500
1997   1.46277   0.47962   0.14621   0.32704   0.31681   0.00204   0.30700  -0.44328  -0.11024  -0.89328   0.01913  -0.00200   0.00600   0.00000   1.30100   1.04913   1.39824   0.00535   0.00630   1.05248   1.40254   1.30100   0.86479   0.56242   0.65011
1998   1.49571   0.48312   0.14906   0.32904   0.31811   0.00215   0.30700  -0.44630  -0.11117  -0.89709   0.01927  -0.00100   0.06200   0.00000   1.39179   1.08042   1.43305   0.05529   0.06507   1.13471   1.49713   1.39179   0.91692   0.59385   0.68754
1999   1.51654   0.48587   0.15218   0.33084   0.31908   0.00226   0.30700  -0.44932  -0.11213  -0.90089   0.01938  -0.00100   0.09700   0.00000   1.44773   1.09884   1.45502   0.08651   0.10181   1.18434   1.55583   1.44773   0.96536   0.62614   0.72451
2000   1.54084   0.48648   0.15565   0.33233   0.31971   0.00236   0.30700  -0.45234  -0.11308  -0.90467   0.01940   0.00000   0.13400   0.00000   1.50797   1.11856   1.47830   0.11950   0.14065   1.23807   1.61894   1.50797   1.01342   0.65781   0.76094
