YEAR EMICO2FF EMICO2LU EMICH4ANT EMIN2OANT MISFOR UPCO2OCN UPCO2LND CONCO2 CONCH4 CONN2O TEMP
1750     0.00000008     0.00491909     0.00067322     0.00180545     0.00000000     0.00000000     0.00000000     0.00000000     0.00000000     0.00000000     0.84676117
1751     0.00000031     0.01989825     0.00079674     0.00730941     0.00000000     0.00315727     0.00010006     0.01207363     0.00002039     0.00003920     0.29096287
1752     0.00000033     0.02077921     0.00082865     0.00754457     0.00000000     0.00374915     0.00035315     0.00808563     0.00005250     0.00022926     0.10467032
1753     0.00000031     0.01985371     0.00125340     0.00791436     0.00000000     0.00417044     0.00063993     0.03371444     0.00000436     0.00061078     0.32983989
1754     0.00000028     0.01747421     0.00099083     0.00796132     0.00000000     0.00502103     0.00100709     0.02467468     0.00002441     0.00057329     0.03441480
1755     0.00000022     0.01388814     0.00205881     0.00768963     0.00000000     0.00556050     0.00139817     0.06131253     0.00000431     0.00017305     0.00906735
1756     0.00000015     0.00963063     0.00143022     0.00757718     0.00000000     0.00614335     0.00180585     0.04880336     0.00000083     0.00000382     0.18381554
1757     0.00000011     0.00705902     0.00212608     0.00714218     0.00000000     0.00721041     0.00222778     0.03806444     0.00005257     0.00243221     0.42371139
1758     0.00000006     0.00412171     0.00218157     0.00642566     0.00000000     0.00789413     0.00266649     0.08308688     0.00000000     0.00141142     0.58241843
1759     0.00000002     0.00139347     0.00236370     0.00591001     0.00000000     0.00867585     0.00302507     0.07071582     0.00005667     0.00065898     0.39057054
1760     0.00000000     0.00018344     0.00309582     0.00557848     0.00000000     0.01004993     0.00351420     0.06069512     0.00000116     0.00018288     0.74824742
1761     0.00000000     0.00005628     0.00249267     0.00502272     0.00000000     0.01087995     0.00403497     0.05246267     0.00002011     0.00360960     0.56089714
1762     0.00000001     0.00067708     0.00361603     0.00428295     0.00000000     0.01236373     0.00458601     0.04559595     0.00002024     0.00226392     0.79592238
1763     0.00000004     0.00284891     0.00374909     0.00374338     0.00000000     0.01341805     0.00517706     0.10128944     0.00000377     0.00122311     0.47418883
1764     0.00000013     0.00824107     0.00360734     0.00337508     0.00000000     0.01469908     0.00582835     0.09558401     0.00001438     0.00049330     0.13767497
1765     0.00000026     0.01649856     0.00436562     0.00284898     0.00000000     0.01687962     0.00640294     0.09294574     0.00001499     0.00465678     0.74945091
1766     0.00000044     0.02811296     0.00419176     0.00221258     0.00000000     0.01853553     0.00720792     0.09323544     0.00000473     0.00306532     1.15155274
1767     0.00000069     0.04411988     0.00524644     0.00175734     0.00000000     0.02035707     0.00810357     0.09661492     0.00002815     0.00180867     0.80135630
1768     0.00000095     0.06044712     0.00561353     0.00144874     0.00000000     0.02308288     0.00908636     0.04130677     0.00000000     0.00087700     0.70075062
1769     0.00000119     0.07582776     0.00539246     0.00106857     0.00000000     0.02499760     0.01014207     0.04709157     0.00001446     0.00570941     0.03222104
1770     0.00000150     0.09552943     0.00623047     0.00065777     0.00000000     0.02800276     0.01126508     0.05466012     0.00000479     0.00391931     0.10532385
1771     0.00000190     0.12089208     0.00518347     0.00038433     0.00000000     0.03032625     0.01225276     0.06483873     0.00000458     0.00247029     0.55125452
1772     0.00000230     0.14581413     0.00592830     0.00021486     0.00000000     0.03270874     0.01352137     0.02612211     0.00002964     0.00135545     1.91135884
1773     0.00000268     0.17029343     0.00648213     0.00011994     0.00000000     0.03613832     0.01485520     0.03589243     0.00000127     0.00056829     1.55187273
1774     0.00000306     0.19442710     0.00686113     0.00003373     0.00000000     0.03853942     0.01623918     0.01038302     0.00001578     0.00485879     0.72142875
1775     0.00000343     0.21791048     0.00689207     0.00000067     0.00000000     0.04207970     0.01766239     0.01802361     0.00000006     0.00321492     1.49380808
1776     0.00000379     0.24092876     0.00665893     0.00003763     0.00000000     0.04449531     0.01911642     0.00254971     0.00000575     0.00191473     1.58084301
1777     0.00000415     0.26384701     0.00826352     0.00010099     0.00000000     0.04689783     0.02032186     0.00741757     0.00000009     0.00094559     0.02651858
1778     0.00000450     0.28590572     0.00681804     0.00023866     0.00000000     0.05052588     0.02181012     0.00002757     0.00000587     0.00585954     0.01296080
1779     0.00000483     0.30656428     0.00749391     0.00050392     0.00000000     0.05286978     0.02331144     0.00187605     0.00001114     0.00402497     0.07271956
1780     0.00000513     0.32600753     0.00740062     0.00079773     0.00000000     0.05517650     0.02482108     0.00126961     0.00001483     0.00254424     0.00726985
1781     0.00000542     0.34396967     0.00574067     0.00107956     0.00000000     0.05879423     0.02633645     0.00001725     0.00000124     0.00140093     0.32305036
1782     0.00000567     0.35976211     0.00695531     0.00132335     0.00000000     0.06094837     0.02784969     0.00537274     0.00000114     0.00059062     0.06213677
1783     0.00000587     0.37304320     0.00651988     0.00172860     0.00000000     0.06436511     0.02902100     0.00107830     0.00000018     0.00490212     0.13775521
1784     0.00000605     0.38417150     0.00582302     0.00234088     0.00000000     0.06623169     0.03048412     0.01219110     0.00000099     0.00323409     0.56319966
1785     0.00000618     0.39214133     0.00617502     0.00293160     0.00000000     0.06791170     0.03191128     0.00498327     0.00000463     0.00191445     0.04197553
1786     0.00000624     0.39600494     0.00536351     0.00347127     0.00000000     0.07086360     0.03329080     0.02233736     0.00000064     0.00093491     1.31750101
1787     0.00000625     0.39667240     0.00594941     0.00390563     0.00000000     0.07230876     0.03462483     0.01246791     0.00001886     0.00029911     0.22314752
1788     0.00000653     0.41495949     0.00615995     0.00421602     0.00000000     0.07549753     0.03594476     0.00229790     0.00000947     0.00024592     0.01450388
1789     0.00000678     0.43043260     0.00405212     0.00477435     0.00000000     0.07702000     0.03689904     0.02339117     0.00000621     0.00240621     1.81705819
1790     0.00000664     0.42190964     0.00616082     0.00559556     0.00000000     0.07800200     0.03817740     0.05418663     0.00006157     0.00124966     0.80804946
1791     0.00000646     0.41010731     0.00602003     0.00627269     0.00000000     0.08014544     0.03936703     0.03882001     0.00000372     0.00046789     1.69078585
1792     0.00000622     0.39474154     0.00554570     0.00676432     0.00000000     0.08035579     0.04044240     0.07932671     0.00004376     0.00006038     1.31166289
1793     0.00000591     0.37542637     0.00609443     0.00750460     0.00000000     0.08016784     0.04138753     0.06326148     0.00000237     0.00277035     0.40689530
1794     0.00000553     0.35106928     0.00574526     0.00853780     0.00000000     0.08114599     0.04218557     0.11750147     0.00002008     0.00148223     0.40218150
1795     0.00000505     0.32081557     0.00535497     0.00937926     0.00000000     0.08014922     0.04243186     0.10265293     0.00000377     0.00059329     0.07100830
1796     0.00000466     0.29603680     0.00483186     0.00999849     0.00000000     0.08063457     0.04292940     0.09125296     0.00001806     0.00010172     0.10799132
1797     0.00000434     0.27564622     0.00555054     0.01037667     0.00000000     0.07940155     0.04331745     0.08220133     0.00000019     0.00001967     0.07555934
1798     0.00000390     0.24740237     0.00462005     0.01108021     0.00000000     0.07769534     0.04359189     0.15398842     0.00000630     0.00157889     2.36519373
1799     0.00000334     0.21217376     0.00403713     0.01206721     0.00000000     0.07705339     0.04371971     0.14830403     0.00000054     0.00052718     0.71394402
1800     0.00000284     0.18066230     0.00518553     0.01273069     0.00000000     0.07459056     0.04369158     0.14652354     0.00001608     0.00008331     0.10367907
1801     0.00000238     0.15140864     0.00513436     0.01312438     0.00000000     0.07198157     0.04312801     0.14829774     0.00000370     0.00002499     0.02249013
1802     0.00000195     0.12352866     0.00527607     0.01324344     0.00000000     0.07064760     0.04284073     0.15344520     0.00001958     0.00038109     0.00197690
1803     0.00000152     0.09667077     0.00532026     0.01362942     0.00000000     0.06747250     0.04242701     0.16248824     0.00000274     0.00040039     0.21158977
1804     0.00000112     0.07097251     0.00430980     0.01428204     0.00000000     0.06542982     0.04187458     0.17626384     0.00000872     0.00002410     0.00904956
1805     0.00000074     0.04687928     0.00464658     0.01464028     0.00000000     0.06159083     0.04117150     0.19557866     0.00000069     0.00010894     0.00016916
1806     0.00000040     0.02528213     0.00399166     0.01470198     0.00000000     0.05732857     0.04029627     0.22200266     0.00000405     0.00068297     0.00344289
1807     0.00000013     0.00837106     0.00417461     0.01503314     0.00000000     0.05396602     0.03884529     0.25789988     0.00001092     0.00014908     1.30056594
1808     0.00000001     0.00054390     0.00428474     0.01560522     0.00000000     0.04946355     0.03761122     0.18937451     0.00000292     0.00001682     0.09881247
1809     0.00000000     0.00001464     0.00376035     0.01603249     0.00000000     0.04733510     0.03636717     0.01469605     0.00005352     0.00002681     0.11110717
1810     0.00000000     0.00003221     0.00363952     0.01650971     0.00000000     0.04520677     0.03531817     0.01770725     0.00016098     0.00008855     0.20768840
1811     0.00000000     0.00028680     0.00251892     0.01704841     0.00000000     0.04331161     0.03453283     0.01300624     0.00001436     0.00000001     0.23781684
1812     0.00000000     0.00018608     0.00307710     0.01746020     0.00000000     0.04162650     0.03351362     0.24641759     0.00006217     0.00031830     2.38336431
1813     0.00000011     0.00674988     0.00266673     0.01746546     0.00000000     0.03773482     0.03273802     0.18037567     0.00000182     0.00126748     0.19378113
1814     0.00000037     0.02336956     0.00232092     0.01766968     0.00000000     0.03379222     0.03175675     0.23037148     0.00005833     0.00000044     0.30444585
1815     0.00000057     0.03641118     0.00305586     0.01829748     0.00000000     0.03176182     0.03068227     0.01118421     0.00003927     0.00001966     0.28675402
1816     0.00000056     0.03536463     0.00221470     0.01894754     0.00000000     0.02972026     0.02970973     0.00831561     0.00044587     0.00008248     0.40185327
1817     0.00000054     0.03415414     0.00102899     0.01970228     0.00000000     0.02887453     0.02892253     0.01100752     0.00009017     0.00000004     0.60852445
1818     0.00000071     0.04509456     0.00151064     0.02034836     0.00000000     0.02645077     0.02789935     0.12631052     0.00016303     0.00039288     7.67097872
1819     0.00000121     0.07659289     0.00122086     0.02052212     0.00000000     0.02335296     0.02710935     0.17141587     0.00000003     0.00153271     7.86993672
1820     0.00000186     0.11800323     0.00098097     0.02079632     0.00000000     0.02090784     0.02613471     0.13175461     0.00010818     0.00001943     3.27590928
1821     0.00000257     0.16297751     0.00088282     0.02118895     0.00000000     0.01781254     0.02499708     0.10192280     0.00000248     0.00059273     0.85154020
1822     0.00000332     0.21086710     0.00053206     0.02105880     0.00000000     0.01512721     0.02377859     0.07907451     0.00007704     0.00199177     3.43450668
1823     0.00000377     0.23955077     0.00046750     0.02120527     0.00000000     0.01351504     0.02256936     0.00826026     0.00001026     0.00000742     0.21221780
1824     0.00000435     0.27604592     0.00037487     0.02152520     0.00000000     0.01130094     0.02112003     0.10830007     0.00007937     0.00101916     3.70964916
1825     0.00000546     0.34683644     0.00018172     0.02118009     0.00000000     0.00956110     0.01994783     0.08921593     0.00000242     0.00284995     4.41964658
1826     0.00000665     0.42211782     0.00008837     0.02089693     0.00000000     0.00734395     0.01872567     0.07528599     0.00005507     0.00043746     3.21178397
1827     0.00000791     0.50241859     0.00005255     0.02065770     0.00000000     0.00535237     0.01745515     0.06528165     0.00001041     0.00187336     0.16753655
1828     0.00000957     0.60764064     0.00000095     0.01982285     0.00000000     0.00387471     0.01613123     0.12999582     0.00002581     0.00437884     1.92959223
1829     0.00001177     0.74742157     0.00000331     0.01906052     0.00000000     0.00231031     0.01475677     0.12679194     0.00000238     0.00124405     0.00434663
1830     0.00001345     0.85429264     0.00005592     0.01902498     0.00000000     0.00144526     0.01317726     0.00797031     0.00005127     0.00021931     0.13577097
1831     0.00001446     0.91838600     0.00021773     0.01941314     0.00000000     0.00066360     0.01191041     0.00806569     0.00000035     0.00005294     0.17513019
1832     0.00001631     1.03578372     0.00021495     0.01922720     0.00000000     0.00015774     0.01071634     0.06061650     0.00001828     0.00288704     1.19033208
1833     0.00001847     1.17296381     0.00041483     0.01875802     0.00000000     0.00000353     0.00956993     0.00041093     0.00000355     0.00059861     1.64651460
1834     0.00001987     1.26178356     0.00081465     0.01827829     0.00000000     0.00011704     0.00848825     0.00717203     0.00000538     0.00250805     0.07135930
1835     0.00002138     1.35750716     0.00069664     0.01799542     0.00000000     0.00053147     0.00749410     0.00586956     0.00000144     0.00036241     0.00622141
1836     0.00002341     1.48692319     0.00142634     0.01826428     0.00000000     0.00100525     0.00644338     0.01045275     0.00000494     0.00014492     0.00221532
1837     0.00002361     1.49926813     0.00157747     0.01773365     0.00000000     0.00159202     0.00569799     0.39789595     0.00000577     0.00561278     0.10725578
1838     0.00002142     1.36014533     0.00203180     0.01670890     0.00000000     0.00164324     0.00516728     0.55515548     0.00000099     0.00229116     0.00057747
1839     0.00001890     1.20034015     0.00309534     0.01570781     0.00000000     0.00163915     0.00489030     0.57432246     0.00000321     0.00575473     0.51670720
1840     0.00001635     1.03829908     0.00249268     0.01470431     0.00000000     0.00145097     0.00485795     0.62056785     0.00000796     0.00251725     0.71223311
1841     0.00001367     0.86819609     0.00292477     0.01366155     0.00000000     0.00094884     0.00505100     0.69736032     0.00000183     0.00633634     0.39613387
1842     0.00001112     0.70634911     0.00336482     0.01256656     0.00000000     0.00060653     0.00531711     0.61128801     0.00000364     0.00306127     1.05255925
1843     0.00000890     0.56534639     0.00345500     0.01191366     0.00000000     0.00020558     0.00592022     0.55500930     0.00000449     0.00100365     0.00271417
1844     0.00002771     0.44001370     0.00540165     0.01117472     0.00000000     0.00003293     0.00671993     0.52324252     0.00000444     0.00396717     1.08180742
1845     0.00002150     0.34136407     0.00459429     0.01040265     0.00000000     0.00001002     0.00770294     0.35789596     0.00001421     0.00163914     0.58681619
1846     0.00001733     0.27510382     0.00770669     0.00961228     0.00000000     0.00020640     0.00883260     0.23410933     0.00003703     0.00532681     1.33049882
1847     0.00001396     0.22171908     0.00520075     0.00874695     0.00000000     0.00050916     0.01006859     0.24521383     0.00013812     0.00267547     1.62392732
1848     0.00001116     0.17720110     0.01068738     0.00776526     0.00000000     0.00093794     0.01118182     0.15666508     0.00036215     0.00732820     0.46322309
1849     0.00000939     0.14912900     0.00518038     0.00672051     0.00000000     0.00169048     0.01254171     0.09108900     0.00065947     0.00434310     2.78798646
1850     0.00000806     0.12795523     0.01994021     0.00604815     0.00000000     0.00226912     0.01391501     0.10884365     0.00155469     0.00219910     0.16567281
1851     0.00000710     0.10915142     0.01051980     0.00534355     0.00000000     0.00326580     0.01528004     0.05777734     0.00285465     0.00687330     3.11241317
1852     0.00000636     0.12121723     0.00877268     0.00455620     0.00000000     0.00432114     0.01669797     0.07511953     0.00226985     0.00425144     2.99473475
1853     0.00000532     0.09984268     0.01820168     0.00396639     0.00000000     0.00546869     0.01821054     0.09956357     0.00155093     0.00232014     0.08833456
1854     0.00000987     0.08232993     0.00535306     0.00327720     0.00000000     0.00700939     0.01949932     0.05833963     0.00067949     0.00742909     0.00281318
1855     0.00000804     0.06605896     0.03629358     0.00253843     0.00000000     0.00819654     0.02105104     0.08258076     0.00000450     0.00499022     0.14228215
1856     0.00000645     0.05380547     0.00742012     0.00199988     0.00000000     0.00953205     0.02262245     0.04736771     0.00062595     0.00312461     0.00426621
1857     0.00000507     0.04294360     0.02523524     0.00143406     0.00000000     0.01156260     0.02423043     0.07251855     0.00190901     0.00927194     0.38421895
1858     0.00000390     0.03394758     0.01561647     0.00089221     0.00000000     0.01303703     0.02586688     0.04217304     0.00259046     0.00691019     0.13038803
1859     0.00000337     0.02978374     0.02305536     0.00053045     0.00000000     0.01530248     0.02752698     0.02053494     0.00323321     0.00501163     0.80417774
1860     0.00000507     0.02554602     0.02274198     0.00028730     0.00000000     0.01715466     0.02891415     0.04078388     0.00314085     0.00350429     0.04322931
1861     0.00000410     0.02155652     0.02286415     0.00008369     0.00000000     0.01823303     0.03058186     0.02162196     0.00351863     0.01056116     0.25058879
1862     0.00000326     0.01398801     0.03100871     0.00000003     0.00000000     0.01890464     0.03196460     0.03994291     0.00258816     0.00862116     2.04197527
1863     0.00000218     0.00936964     0.02105270     0.00007136     0.00000000     0.01931794     0.03304596     0.05866523     0.00195909     0.00704040     0.09060537
1864     0.00000196     0.00840784     0.04626218     0.00025241     0.00000000     0.02114585     0.03405889     0.02874367     0.00086506     0.00575309     1.43650582
1865     0.00000350     0.00962507     0.01360229     0.00050710     0.00000000     0.29265191     0.00030759     0.04628085     0.00001648     0.00469784     0.10681276
1866     0.00000197     0.00539922     0.04847354     0.00080728     0.00000000     0.18703793     0.02901890     0.06836541     0.00024921     0.00383270     0.37692467
1867     0.00000016     0.00042081     0.03314565     0.00115520     0.00000000     0.10443371     0.05106136     0.09843397     0.00079597     0.00312500     0.00770533
1868     0.00000052     0.00140596     0.03671682     0.00173477     0.00000000     0.06984296     0.02185400     0.14050834     0.00080934     0.01102136     0.31410176
1869     0.00000437     0.00808554     0.05632069     0.00265473     0.00000000     0.05817195     0.00983181     0.10610393     0.00036090     0.01010916     0.00928484
1870     0.00001144     0.02115173     0.02416411     0.00376366     0.00000000     0.04441622     0.01340460     0.16115712     0.00000083     0.00942152     0.00147992
1871     0.00002347     0.04682618     0.06191932     0.00505600     0.00000000     0.02615134     0.02396531     0.14008932     0.00049063     0.00894650     0.22724428
1872     0.00005366     0.10525038     0.04782778     0.00653286     0.00000000     0.02245152     0.00798502     0.15657402     0.00078981     0.00866669     0.00356230
1873     0.00008517     0.17356811     0.05009491     0.00821902     0.00000000     0.04550728     0.00403274     0.21530364     0.00098967     0.00856176     0.27176127
1874     0.00012989     0.26806624     0.07542404     0.01013702     0.00000000     0.04650706     0.01050148     0.18393631     0.00030359     0.00862944     0.87162012
1875     0.00024185     0.39181297     0.03554354     0.01225995     0.00000000     0.03693842     0.04193654     0.16797124     0.00000075     0.00887188     1.74952239
1876     0.00032710     0.53654172     0.08314051     0.01453227     0.00000000     0.03997192     0.05591287     0.16885125     0.00048249     0.00929303     2.59771560
1877     0.00041488     0.69741493     0.06262245     0.01688652     0.00000000     0.04986621     0.02149181     0.09657355     0.00153141     0.00989787     0.13552907
1878     0.00049544     0.84302535     0.07299528     0.01942619     0.00000000     0.05570406     0.12500731     0.05007844     0.00108561     0.01069751     2.67068626
1879     0.00056922     0.98033926     0.08972232     0.02240787     0.00000000     0.06425829     0.05919963     0.02205590     0.00118873     0.01173118     0.07880842
1880     0.00077894     1.08566330     0.06126673     0.02511262     0.00000000     0.08727309     0.01352083     0.00086768     0.00026855     0.00356457     0.11380068
1881     0.00096488     1.19552728     0.08638971     0.02732671     0.00000000     0.10026897     0.05185657     0.03385290     0.00017080     0.00437992     0.00444435
1882     0.00089903     0.96720818     0.07289170     0.02980881     0.00000000     0.10974618     0.02752156     0.13081010     0.00000156     0.00537006     0.01062296
1883     0.00105786     0.95206986     0.08219608     0.03142701     0.00000000     0.08384262     0.11170746     0.01322844     0.00033675     0.00040908     0.00000055
1884     0.00112021     1.00818883     0.09726314     0.03196823     0.00000000     0.05447064     0.26631673     0.02864470     0.00003054     0.00049274     0.12571023
1885     0.00118047     1.07533399     0.10967937     0.03244128     0.00000000     0.04621912     0.24796912     0.03757426     0.00113950     0.00058568     0.18271489
1886     0.00104032     0.94766841     0.10232131     0.03354905     0.00000000     0.05049254     0.18476538     0.58575973     0.00010609     0.00256699     4.28399343
1887     0.00088159     0.67480904     0.10251006     0.03567080     0.00000000     0.05377335     0.13430169     0.61478295     0.00001066     0.00352250     0.54551235
1888     0.00070596     0.45489793     0.11012489     0.03837696     0.00000000     0.05727438     0.59521889     0.51202793     0.00001675     0.00470273     0.47980100
1889     0.00045201     0.29127313     0.11205958     0.04069854     0.00000000     0.06082618     0.22853743     0.45822290     0.00001201     0.00057365     2.08121068
1890     0.00041147     0.22586331     0.12799626     0.04214441     0.00000000     0.06884902     0.28304805     0.02697785     0.00028858     0.00007270     0.00131521
1891     0.00040305     0.19037801     0.09101966     0.04519109     0.00000000     0.12371332     0.89749811     0.27321181     0.00036304     0.00202292     0.31138254
1892     0.00026441     0.13109981     0.10470234     0.04856199     0.00000000     0.11553812     0.43655280     0.26266678     0.00063129     0.00000595     0.03985554
1893     0.00016796     0.08327599     0.12091776     0.05163001     0.00000000     0.13607502     0.33125986     0.15836067     0.00028628     0.00021589     0.83301918
1894     0.00011313     0.05950294     0.11942357     0.05529060     0.00000000     0.14326362     0.26589701     0.08393770     0.00032433     0.00078563     0.73107793
1895     0.00010021     0.04687205     0.11283012     0.05846901     0.00000000     0.13131226     0.25678086     0.03058704     0.00045637     0.00006506     0.38764328
1896     0.00010302     0.04266816     0.09116401     0.06114382     0.00000000     0.10566962     0.26390209     0.00302603     0.00011362     0.00005362     0.72101564
1897     0.00012443     0.04650711     0.15088132     0.06358094     0.00000000     0.14382586     0.17588901     0.00532834     0.00001895     0.00072332     0.81339676
1898     0.00018584     0.06233454     0.09172482     0.06604123     0.00000000     0.18843709     0.12407853     0.00977220     0.00043416     0.00009465     0.60185556
1899     0.00029016     0.08784894     0.12073202     0.06829465     0.00000000     0.13869498     0.30726601     0.00091765     0.00107219     0.00178234     0.00403439
1900     0.00039914     0.10960432     0.11417739     0.07013583     0.00000000     0.16728454     0.13452310     0.00026695     0.00106710     0.00054824     0.43826401
1901     0.00053434     0.15942134     0.06619427     0.07245648     0.00000000     0.16751218     0.13381152     0.00067263     0.00052631     0.00294329     0.00558295
1902     0.00069022     0.18841302     0.09859744     0.07343993     0.00000000     0.06952559     0.07220169     0.01468055     0.00000504     0.00708379     0.55243528
1903     0.00091319     0.22450416     0.06750302     0.07579310     0.00000000     0.05740667     0.06859994     0.00034962     0.00002348     0.00024530     0.00054946
1904     0.00102552     0.26777926     0.08117826     0.08015280     0.00000000     0.07255791     0.04487120     0.00084977     0.00289157     0.00051123     0.00620813
1905     0.00121322     0.28524839     0.05032356     0.08321196     0.00000000     0.09120765     0.04226647     0.01886802     0.00015095     0.00441420     0.43957461
1906     0.00118236     0.27364547     0.07454422     0.08494234     0.00000000     0.21418126     0.03212766     0.06389514     0.00156165     0.00736081     1.06922297
1907     0.00140318     0.26749912     0.06165193     0.08645174     0.00000000     0.14678337     0.06923750     0.05161992     0.00028648     0.01182671     2.78878954
1908     0.00136899     0.28125069     0.05526772     0.08860180     0.00000000     0.10641759     0.12855808     0.04090501     0.00216486     0.00700712     2.66388447
1909     0.00149484     0.29031290     0.04595146     0.09061205     0.00000000     0.10929190     0.13802799     0.03451729     0.00037154     0.01100735     2.34964341
1910     0.00175789     0.30125905     0.06210268     0.09132459     0.00000000     0.08831129     0.08393305     0.02596378     0.00301131     0.01570224     2.80335777
1911     0.00180355     0.27296961     0.05323933     0.09183082     0.00000000     0.04105397     0.02223754     0.02454281     0.00097735     0.02092874     4.36869427
1912     0.00202334     0.24610067     0.05146267     0.09200012     0.00000000     0.03850319     0.01374232     0.00469261     0.00281530     0.01335500     1.58564827
1913     0.00229760     0.21779449     0.03826367     0.09188502     0.00000000     0.09393926     0.02621098     0.01222595     0.00162032     0.01750034     1.02938341
1914     0.00178562     0.20466091     0.04172275     0.09038208     0.00000000     0.13594617     0.21840478     0.00481104     0.00331282     0.02185981     0.37890372
1915     0.00188648     0.20681802     0.04158210     0.08885947     0.00000000     0.18058760     0.20145944     0.00488261     0.00142466     0.02318846     2.23496223
1916     0.00236456     0.22863776     0.03396889     0.08970856     0.00000000     0.18157212     0.19792377     0.00399457     0.00453223     0.01455835     2.51019410
1917     0.00262410     0.22519173     0.04471694     0.09199474     0.00000000     0.33568850     0.21756773     0.02187628     0.00051780     0.01737128    12.52717899
1918     0.00242906     0.21986197     0.02540548     0.09288675     0.00000000     0.80061501     0.08972300     0.01289388     0.00237713     0.02002636     6.75268252
1919     0.00217539     0.26622812     0.03268348     0.09188688     0.00000000     0.57674928     0.08791732     0.01328959     0.00044108     0.02253688     1.41826593
1920     0.00349073     0.31952923     0.02951484     0.08959806     0.00000000     0.59667522     0.12222364     0.01150512     0.00150559     0.02491831     1.74645031
1921     0.00290449     0.40529328     0.03894230     0.08778872     0.00000000     0.74139816     0.27264965     0.03573147     0.00031595     0.01292206     0.10153090
1922     0.00374914     0.44882117     0.01756560     0.08720373     0.00000000     0.68262186     0.45332368     0.07356625     0.00067019     0.01436374     3.01443343
1923     0.00582723     0.54163374     0.02968120     0.08613310     0.00000000     0.55585438     0.27855864     0.03517128     0.00001013     0.01573673     1.90881349
1924     0.00672299     0.63155870     0.01568630     0.08394780     0.00000000     0.50915946     0.19196159     0.03238439     0.00005722     0.01705751     4.86736932
1925     0.00723210     0.67938968     0.02432738     0.08023663     0.00000000     0.42982255     0.10765264     0.08191869     0.00000014     0.01837908     0.71434615
1926     0.00732102     0.69504219     0.01252871     0.07519753     0.00000000     0.27447024     0.13389241     0.07478340     0.00011674     0.01977537     1.15635459
1927     0.00848054     0.76920103     0.02189016     0.07043472     0.00000000     0.31560795     0.20799258     0.05070506     0.00017856     0.01899163     0.56286925
1928     0.00892112     0.77198255     0.00833763     0.06714615     0.00000000     0.33203453     0.16366630     0.06987123     0.00047406     0.01073863     0.74266222
1929     0.01007051     0.76147276     0.02155244     0.06384794     0.00000000     0.23546724     0.33758199     0.08801431     0.00056035     0.01182034     7.03401262
1930     0.00800714     0.73355241     0.01095633     0.05859502     0.00000000     0.22294570     0.47610244     0.05275718     0.00245491     0.01300570     1.18194066
1931     0.00594555     0.69213400     0.01344126     0.05187108     0.00000000     0.23084623     0.39637996     0.11671591     0.00058413     0.01445206     5.34500194
1932     0.00393740     0.56698217     0.01242301     0.04632767     0.00000000     0.20461860     0.26270675     0.27228994     0.00183258     0.01461395     0.03150306
1933     0.00320550     0.40769898     0.00685639     0.04134436     0.00000000     0.20807319     0.17894259     0.39518560     0.00063939     0.01662196     2.59146646
1934     0.00235855     0.24810371     0.01408655     0.03533246     0.00000000     0.18916230     0.58866956     0.55639854     0.00189557     0.01908423     0.30828741
1935     0.00136682     0.12879266     0.00784931     0.02850985     0.00000000     0.20564552     2.34668961     0.76512710     0.00005286     0.02216305     0.07768602
1936     0.00040941     0.03266589     0.00881850     0.02138569     0.00000000     0.12188187     0.37165759     1.01571015     0.00209254     0.02607653     0.41335836
1937     0.00004738     0.00312764     0.00833381     0.01447129     0.00000000     0.06379797     0.38065083     0.85001215     0.00000679     0.02807208     3.12065876
1938     0.00121606     0.08740792     0.00518018     0.00898642     0.00000000     0.03796474     1.10121040     0.81740288     0.00227641     0.02209368    22.98033645
1939     0.00389022     0.25418198     0.00937575     0.00549369     0.00000000     0.01852556     0.38777026     0.68849647     0.00056783     0.02793910     6.49485374
1940     0.00842013     0.44969237     0.00206427     0.00333072     0.00000000     0.00331580     0.26066111     0.58153372     0.00103672     0.03507848     6.81794848
1941     0.01393527     0.71636996     0.00467147     0.00174579     0.00000000     0.00000188     0.04231411     0.34067202     0.00088156     0.03820998     1.57901855
1942     0.02071527     1.09159580     0.00378271     0.00022625     0.00000000     0.00020005     0.00366342     0.10138833     0.00343651     0.04315502     0.00721624
1943     0.02837498     1.37625674     0.00808052     0.00050289     0.00000000     0.00228606     0.00274606     0.00538889     0.00035999     0.04697442     9.31430139
1944     0.03068761     1.57476386     0.00176348     0.00416500     0.00000000     0.00787018     0.00306201     0.02632821     0.00397759     0.05014171    28.06204615
1945     0.02115101     1.56751388     0.00628885     0.00968887     0.00000000     0.01689084     0.00572365     0.04957872     0.00420440     0.04806109    11.60956984
1946     0.02232338     1.71311347     0.00241070     0.01395417     0.00000000     0.02496637     0.00070702     0.06459050     0.00079976     0.04948329     3.62802149
1947     0.02421309     1.56353805     0.00102131     0.01779892     0.00000000     0.01329389     0.02387766     0.05781754     0.00666892     0.04952212     2.64723467
1948     0.02295216     1.38306377     0.00273169     0.02309208     0.00000000     0.01674248     0.04515581     0.09778578     0.00086747     0.04826827     0.80846562
1949     0.01776268     1.16688991     0.00039045     0.02916940     0.00000000     0.01756366     0.06771075     0.09226653     0.00534489     0.04210065     4.62778914
1950     0.01858206     0.96332259     0.00047590     0.03679080     0.00000000     0.01273850     0.00598343     0.13421505     0.00104800     0.03937707     1.96940751
1951     0.01755925     1.15570672     0.00021922     0.04406349     0.00000000     0.01606604     0.00007845     0.08320344     0.00367174     0.02554951     0.54751664
1952     0.01446381     1.02465328     0.00021015     0.05175664     0.00000000     0.02220638     0.00018392     0.06504816     0.00139175     0.02288678     0.08614004
1953     0.01175341     0.78823260     0.00026388     0.05844821     0.00000000     0.02771056     0.01352277     0.07289923     0.00353630     0.01846302     0.91873036
1954     0.00840751     0.59696285     0.00139311     0.06135894     0.00000000     0.02007662     0.02085696     0.05132542     0.00027229     0.01561944    10.15976865
1955     0.00698309     0.44691838     0.00053740     0.06460061     0.00000000     0.02746954     0.01004879     0.02485838     0.00171265     0.01247389     3.31921550
1956     0.00602206     0.37223461     0.00098231     0.07320697     0.00000000     0.02345188     0.02925102     0.03797937     0.00069525     0.00938220     7.30928990
1957     0.00511987     0.30121974     0.00140292     0.08854699     0.00000000     0.01238601     0.01482943     0.09063691     0.00000646     0.00621233     1.80124943
1958     0.00359013     0.20924737     0.00094469     0.10716725     0.00000000     0.00779827     0.01915822     0.11740052     0.00041482     0.00432110     1.71980068
1959     0.00363026     0.16136258     0.00075195     0.12285108     0.00000000     0.00512106     0.00239070     0.00509950     0.00000728     0.00285874     0.04061398
1960     0.00490404     0.19528469     0.00000004     0.13746279     0.00000000     0.01233823     0.01118253     0.01337352     0.00007487     0.00170039     0.36828871
1961     0.00717227     0.32864696     0.00037654     0.16807891     0.00000000     0.03198618     0.00915831     0.00133094     0.00008503     0.00068510     0.58837778
1962     0.01237642     0.53789557     0.00041508     0.18783627     0.00000000     0.03857639     0.00854808     0.09152772     0.00000661     0.01627879     2.10536222
1963     0.02309782     0.92645821     0.00006401     0.19995251     0.00000000     0.06706267     0.00910914     0.00035670     0.00002322     0.00096524     1.21674275
1964     0.02692107     1.01269879     0.00007033     0.21601417     0.00000000     0.08136728     0.00644722     0.00720782     0.00023698     0.00062737     0.19480883
1965     0.01739002     0.60957807     0.00195041     0.22477767     0.00000000     0.07913527     0.00003448     0.23536527     0.00000656     0.00687572     1.52823063
1966     0.01377195     0.46136106     0.00003088     0.23260072     0.00000000     0.05649084     0.00018994     0.01908295     0.00001344     0.00537603     0.56119995
1967     0.00954555     0.30280304     0.00179591     0.25119708     0.00000000     0.03738391     0.00002622     0.03111267     0.00079199     0.00496973     1.14277631
1968     0.00690239     0.19940441     0.00019966     0.27459106     0.00000000     0.03284659     0.00000419     0.04738178     0.00004297     0.00532914     0.41346033
1969     0.01363664     0.35727050     0.00229041     0.29918728     0.00000000     0.03486499     0.00002424     0.04420695     0.00114027     0.00283026     8.49864179
1970     0.02899272     0.64363188     0.00111375     0.31670086     0.00000000     0.04566841     0.00636075     0.02770023     0.00059414     0.00152371     1.01444903
1971     0.02326333     0.41058691     0.00006218     0.31616899     0.00000000     0.04507042     0.00217160     0.05866497     0.00030411     0.00095616     0.11173607
1972     0.01121817     0.17341164     0.00276984     0.31040362     0.00000000     0.03893822     0.00399483     0.17613237     0.00042264     0.00082786     0.00245263
1973     0.02610791     0.38454579     0.00134115     0.31226945     0.00000000     0.05260487     0.00196581     0.48189338     0.00007552     0.00003641     7.16035175
1974     0.05072767     0.73914894     0.00458268     0.29162314     0.00000000     0.05797823     0.00001548     0.09420736     0.00094789     0.00008744     0.02078476
1975     0.05348187     0.79664233     0.00441080     0.26730274     0.00000000     0.05608621     0.00754690     0.04199886     0.00018014     0.00021014     0.01157506
1976     0.02290199     0.37208031     0.00648903     0.22516412     0.00000000     0.04756970     0.00132522     0.15607420     0.00131359     0.00005333     7.95257483
1977     0.00854971     0.13748252     0.00996066     0.19645601     0.00000000     0.03504692     0.00241941     0.03659378     0.00007668     0.00183155     0.30698915
1978     0.00378118     0.05989703     0.02160278     0.18554497     0.00000000     0.03833170     0.02085115     0.04079062     0.00063147     0.00122503    13.58427291
1979     0.00324708     0.04677976     0.00883753     0.22100650     0.00000000     0.04580042     0.03493918     0.01436142     0.00003177     0.02681960     0.19354306
1980     0.00405912     0.05838890     0.04029689     0.22578112     0.00000000     0.06920100     0.04961469     0.02432173     0.00010409     0.01694473     1.20598664
1981     0.00388814     0.06779147     0.06390613     0.20498433     0.00000000     0.07754689     0.02559851     0.01230309     0.00002615     0.00350346     0.01228892
1982     0.00363183     0.08155880     0.06351954     0.22515132     0.00000000     0.08986238     0.02831429     0.02736294     0.00079006     0.00372826     0.66517300
1983     0.00292072     0.06974452     0.10831730     0.23450314     0.00000000     0.10094350     0.03139344     0.03237560     0.00010339     0.00136625     0.01015554
1984     0.00311511     0.07349033     0.05849010     0.27491906     0.00000000     0.10343207     0.02152428     0.00809329     0.00163028     0.01510126     0.02222265
1985     0.00508342     0.11649139     0.01558786     0.26802805     0.00000000     0.09962562     0.04444280     0.02401896     0.00003362     0.01279803     3.07544433
1986     0.00295598     0.06628057     0.03526293     0.29746718     0.00000000     0.09220739     0.05407579     0.16055690     0.00095601     0.04781875     0.74279830
1987     0.00057247     0.01253016     0.01921843     0.26843918     0.00000000     0.06129888     0.02800625     0.25987491     0.00011349     0.14273689     1.67992724
1988     0.00014432     0.00296606     0.01265245     0.14314589     0.00000000     0.06136166     0.06260909     0.22622029     0.00464403     0.06286925     2.65562138
1989     0.01069283     0.21314148     0.01008444     0.19818274     0.00000000     0.08897101     0.03755078     0.26579414     0.00000752     0.16933961     2.50801577
1990     0.04971067     0.96596304     0.01289947     0.38928057     0.00000000     0.12360790     0.02274612     0.00057898     0.00228723     0.07913213     0.94273703
1991     0.07054910     1.60589717     0.04017881     0.46982092     0.00000000     0.14409489     0.02854221     0.01590460     0.00089641     0.01135795     0.02752712
1992     0.07770822     1.63732993     0.01346135     0.46310705     0.00000000     0.15689087     0.04137496     0.00295764     0.00866591     0.00002541     0.90826524
1993     0.03426111     0.71158973     0.01378494     0.47660842     0.00000000     0.12325059     0.02608330     0.56555254     0.00061609     0.01183137     2.67217286
1994     0.00316806     0.06155550     0.05171474     0.44717769     0.00000000     0.07909909     0.01530260     0.11953584     0.00163347     0.05602453     2.15127541
1995     0.00262616     0.04708686     0.01960506     0.39825395     0.00000000     0.06404974     0.02648922     0.00541226     0.00004657     0.00239012     4.43246228
1996     0.00986648     0.16394617     0.00007980     0.36113028     0.00000000     0.06201960     0.02504846     0.01720822     0.00125997     0.03133545     0.00124703
1997     0.00109483     0.01725670     0.02370070     0.29004140     0.00000000     0.05449131     0.03099345     0.73699438     0.00940855     0.03870904     1.37058198
1998     0.00000341     0.00005336     0.06187055     0.19806657     0.00000000     0.04916619     0.04705782     0.00000212     0.00024689     0.11075376    14.83491004
1999     0.00030778     0.00486926     0.00194701     0.09086727     0.00000000     0.04956179     0.01946211     0.25520704     0.00408636     0.15081864     2.31165319
2000     0.00364118     0.05650493     0.00309795     0.01189166     0.00000000     0.00000000     0.00000000     0.15623835     0.00013483     0.27311856     2.47515665
