YEAR CONCO2 CONCH4 CONN2O T2M CUMCO2 ANTCO2 ANTCH4 ANTN2O ANTNOx ANTCO ANTVOC ANTSO2 RADTTL RADANT RADAER RADCO2 RADCH4 RADN2O pH
1750   277.00   710.20   272.60   0.0000   -0.02   -0.0220      2.18    0.03    3.96   45.60   10.50    0.38  -0.0069  -0.0029  -0.0213   0.0000   0.0061   0.0089   8.1838
1751   277.09   710.98   272.61  -0.0039   -0.06   -0.0423      2.37    0.07    3.97   46.00   10.60    0.38  -0.0367  -0.0007  -0.0215   0.0018   0.0066   0.0090   8.1837
1752   277.18   711.73   272.63  -0.0089   -0.10   -0.0384      2.42    0.08    3.98   46.30   10.70    0.38  -0.0548   0.0012  -0.0216   0.0034   0.0070   0.0090   8.1836
1753   277.26   712.49   272.64  -0.0124   -0.13   -0.0322      2.97    0.08    3.98   46.70   10.70    0.38  -0.0498   0.0032  -0.0218   0.0049   0.0075   0.0091   8.1835
1754   277.33   713.22   272.66  -0.0160   -0.16   -0.0241      2.64    0.09    3.99   47.00   10.80    0.39  -0.0610   0.0050  -0.0219   0.0064   0.0079   0.0092   8.1834
1755   277.41   714.01   272.68  -0.0200   -0.17   -0.0140      3.81    0.09    4.00   47.30   10.80    0.39  -0.0711   0.0069  -0.0220   0.0079   0.0084   0.0092   8.1833
1756   277.49   714.80   272.70  -0.0231   -0.17   -0.0020      3.17    0.10    4.01   47.70   10.90    0.39  -0.0682   0.0088  -0.0222   0.0094   0.0089   0.0093   8.1832
1757   277.57   715.53   272.72  -0.0239   -0.17    0.0081      3.87    0.10    4.02   48.10   11.00    0.39  -0.0503   0.0107  -0.0224   0.0109   0.0093   0.0093   8.1831
1758   277.64   716.30   272.74  -0.0235   -0.15    0.0201      3.92    0.10    4.03   48.40   11.10    0.40  -0.0404   0.0126  -0.0225   0.0124   0.0098   0.0094   8.1830
1759   277.73   717.03   272.76  -0.0223   -0.11    0.0347      4.08    0.10    4.04   48.80   11.10    0.40  -0.0305   0.0145  -0.0226   0.0140   0.0102   0.0095   8.1829
1760   277.81   717.80   272.78  -0.0194   -0.06    0.0482      4.67    0.11    4.05   49.10   11.20    0.40  -0.0084   0.0166  -0.0228   0.0156   0.0107   0.0096   8.1828
1761   277.89   718.52   272.80  -0.0199   -0.00    0.0607      4.19    0.11    4.06   49.50   11.20    0.40  -0.0414   0.0186  -0.0229   0.0172   0.0111   0.0096   8.1827
1762   277.98   719.22   272.82  -0.0193    0.07    0.0723      5.05    0.11    4.07   49.80   11.30    0.40  -0.0224   0.0206  -0.0230   0.0189   0.0115   0.0097   8.1826
1763   278.07   720.01   272.84  -0.0195    0.16    0.0870      5.14    0.11    4.07   50.10   11.40    0.41  -0.0343   0.0227  -0.0232   0.0206   0.0120   0.0098   8.1825
1764   278.16   720.71   272.86  -0.0217    0.26    0.1054      5.04    0.12    4.08   50.50   11.40    0.41  -0.0532   0.0248  -0.0233   0.0224   0.0124   0.0098   8.1824
1765   278.26   721.41   272.88  -0.0236    0.39    0.1238      5.55    0.12    4.09   50.80   11.50    0.41  -0.0519   0.0271  -0.0235   0.0242   0.0128   0.0099   8.1822
1766   278.36   722.11   272.91  -0.0354    0.53    0.1428      5.43    0.12    4.10   51.20   11.60    0.41  -0.1616   0.0294  -0.0236   0.0261   0.0132   0.0100   8.1821
1767   278.46   722.82   272.93  -0.0371    0.69    0.1629      6.08    0.12    4.11   51.50   11.60    0.41  -0.0623   0.0317  -0.0238   0.0281   0.0136   0.0101   8.1820
1768   278.57   723.60   272.95  -0.0293    0.87    0.1816      6.29    0.12    4.12   51.90   11.70    0.42   0.0132   0.0342  -0.0239   0.0302   0.0141   0.0101   8.1819
1769   278.68   724.31   272.97  -0.0205    1.07    0.1971      6.16    0.12    4.13   52.20   11.80    0.42   0.0348   0.0368  -0.0240   0.0324   0.0145   0.0102   8.1817
1770   278.80   725.01   272.99  -0.0119    1.28    0.2142      6.63    0.12    4.14   52.60   11.80    0.42   0.0573   0.0393  -0.0242   0.0345   0.0149   0.0103   8.1816
1771   278.92   725.61   273.02  -0.0062    1.52    0.2339      6.04    0.12    4.16   53.20   12.00    0.44   0.0423   0.0413  -0.0248   0.0368   0.0153   0.0104   8.1814
1772   279.04   726.12   273.04  -0.0042    1.77    0.2511      6.46    0.12    4.17   53.90   12.10    0.44   0.0208   0.0438  -0.0251   0.0391   0.0156   0.0104   8.1813
1773   279.16   726.70   273.06  -0.0054    2.04    0.2671      6.76    0.13    4.18   54.50   12.20    0.45  -0.0077   0.0463  -0.0253   0.0415   0.0159   0.0105   8.1811
1774   279.29   727.31   273.08  -0.0095    2.32    0.2821      6.95    0.13    4.20   55.10   12.40    0.45  -0.0400   0.0490  -0.0256   0.0439   0.0163   0.0106   8.1810
1775   279.41   727.90   273.10  -0.0134    2.61    0.2964      6.97    0.13    4.21   55.80   12.50    0.45  -0.0444   0.0516  -0.0259   0.0463   0.0166   0.0107   8.1808
1776   279.54   728.41   273.13  -0.0373    2.92    0.3099      6.85    0.13    4.23   56.50   12.70    0.46  -0.2659   0.0541  -0.0261   0.0488   0.0169   0.0108   8.1806
1777   279.67   729.00   273.15  -0.0348    3.25    0.3231      7.74    0.13    4.24   57.20   12.80    0.46  -0.0062   0.0568  -0.0264   0.0513   0.0173   0.0108   8.1805
1778   279.80   729.59   273.17  -0.0202    3.58    0.3356      7.18    0.13    4.26   57.80   13.00    0.46   0.0755   0.0595  -0.0266   0.0538   0.0176   0.0109   8.1803
1779   279.94   730.11   273.19  -0.0099    3.93    0.3473      7.68    0.13    4.27   58.50   13.10    0.47   0.0611   0.0621  -0.0269   0.0563   0.0179   0.0110   8.1802
1780   280.07   730.69   273.21  -0.0025    4.29    0.3585      7.79    0.13    4.29   59.20   13.30    0.47   0.0648   0.0648  -0.0272   0.0588   0.0183   0.0111   8.1800
1781   280.20   731.10   273.24  -0.0006    4.66    0.3700      7.10    0.13    4.30   59.70   13.40    0.49   0.0231   0.0671  -0.0278   0.0614   0.0185   0.0111   8.1798
1782   280.34   731.50   273.26   0.0032    5.04    0.3798      7.93    0.14    4.31   60.10   13.50    0.49   0.0558   0.0698  -0.0279   0.0639   0.0188   0.0112   8.1797
1783   280.47   732.00   273.28  -0.0377    5.43    0.3887      7.90    0.14    4.33   60.50   13.60    0.49  -0.4204   0.0726  -0.0281   0.0665   0.0190   0.0113   8.1795
1784   280.61   732.40   273.30  -0.0722    5.82    0.3969      7.72    0.14    4.34   60.90   13.60    0.50  -0.3707   0.0753  -0.0283   0.0690   0.0193   0.0114   8.1793
1785   280.74   732.81   273.33  -0.0631    6.23    0.4042      8.14    0.14    4.35   61.40   13.70    0.50  -0.0200   0.0780  -0.0285   0.0716   0.0195   0.0114   8.1792
1786   280.87   733.20   273.35  -0.0444    6.64    0.4103      7.91    0.14    4.36   61.80   13.80    0.50   0.0467   0.0807  -0.0286   0.0741   0.0198   0.0115   8.1790
1787   281.01   733.62   273.37  -0.0290    7.05    0.4155      8.46    0.14    4.37   62.30   13.90    0.51   0.0673   0.0833  -0.0288   0.0766   0.0200   0.0116   8.1788
1788   281.14   734.14   273.39  -0.0669    7.48    0.4256      8.82    0.15    4.38   62.70   14.00    0.51  -0.4520   0.0860  -0.0290   0.0791   0.0203   0.0117   8.1787
1789   281.27   734.51   273.42  -0.0814    7.91    0.4348      7.83    0.15    4.39   63.10   14.10    0.51  -0.2063   0.0887  -0.0292   0.0817   0.0205   0.0117   8.1785
1790   281.40   734.93   273.44  -0.0671    8.35    0.4375      9.34    0.15    4.40   63.60   14.20    0.51  -0.0007   0.0913  -0.0294   0.0842   0.0208   0.0118   8.1783
1791   281.53   735.59   273.46  -0.0442    8.79    0.4402      9.53    0.15    4.42   63.90   14.20    0.53   0.1028   0.0938  -0.0299   0.0866   0.0212   0.0119   8.1782
1792   281.66   736.22   273.49  -0.0288    9.23    0.4409      9.55    0.15    4.42   64.20   14.30    0.53   0.0735   0.0965  -0.0300   0.0891   0.0215   0.0120   8.1780
1793   281.79   736.89   273.51  -0.0176    9.67    0.4404     10.15    0.16    4.43   64.50   14.30    0.53   0.0803   0.0993  -0.0301   0.0915   0.0219   0.0121   8.1779
1794   281.91   737.62   273.53  -0.0107   10.11    0.4382     10.26    0.16    4.44   64.80   14.40    0.54   0.0590   0.1020  -0.0303   0.0938   0.0223   0.0122   8.1777
1795   282.03   738.29   273.56  -0.0051   10.55    0.4339     10.35    0.16    4.45   65.00   14.40    0.54   0.0636   0.1046  -0.0304   0.0960   0.0227   0.0122   8.1776
1796   282.14   738.92   273.58  -0.0019   10.98    0.4309     10.36    0.16    4.46   65.40   14.50    0.54   0.0451   0.1071  -0.0305   0.0982   0.0231   0.0123   8.1774
1797   282.26   739.60   273.61   0.0007   11.41    0.4301     11.11    0.16    4.47   65.70   14.50    0.56   0.0473   0.1093  -0.0311   0.1004   0.0235   0.0124   8.1773
1798   282.37   740.31   273.63   0.0023   11.83    0.4253     10.92    0.17    4.48   66.00   14.60    0.56   0.0367   0.1117  -0.0312   0.1024   0.0239   0.0125   8.1771
1799   282.47   740.90   273.66   0.0037   12.25    0.4172     10.89    0.17    4.49   66.40   14.60    0.56   0.0380   0.1140  -0.0313   0.1044   0.0243   0.0126   8.1770
1800   282.58   741.61   273.68   0.0048   12.66    0.4105     11.96    0.17    4.51   66.90   14.80    0.58   0.0349   0.1159  -0.0320   0.1064   0.0247   0.0127   8.1769
1801   282.67   742.49   273.71   0.0066   13.06    0.4027     12.30    0.17    4.52   67.30   14.80    0.58   0.0432   0.1182  -0.0321   0.1082   0.0252   0.0128   8.1768
1802   282.77   743.42   273.74   0.0101   13.46    0.3963     12.77    0.18    4.54   67.90   14.90    0.61   0.0626   0.1196  -0.0331   0.1100   0.0257   0.0128   8.1767
1803   282.86   744.39   273.76   0.0117   13.84    0.3858     13.18    0.18    4.55   68.50   15.10    0.60   0.0441   0.1221  -0.0330   0.1117   0.0263   0.0129   8.1765
1804   282.94   745.31   273.79   0.0115   14.22    0.3759     12.98    0.19    4.56   69.10   15.20    0.61   0.0322   0.1242  -0.0332   0.1133   0.0268   0.0130   8.1764
1805   283.02   746.20   273.82   0.0121   14.58    0.3632     13.60    0.19    4.58   69.70   15.30    0.61   0.0391   0.1261  -0.0335   0.1149   0.0274   0.0131   8.1763
1806   283.10   747.11   273.85   0.0127   14.93    0.3487     13.60    0.19    4.60   70.30   15.40    0.63   0.0375   0.1275  -0.0341   0.1163   0.0279   0.0132   8.1762
1807   283.17   748.01   273.88   0.0115   15.26    0.3296     14.15    0.20    4.61   70.90   15.50    0.63   0.0172   0.1292  -0.0344   0.1176   0.0284   0.0133   8.1762
1808   283.23   749.01   273.91   0.0097   15.57    0.3103     14.66    0.20    4.63   71.50   15.70    0.64   0.0118   0.1308  -0.0346   0.1187   0.0290   0.0134   8.1761
1809   283.29   750.00   273.94  -0.3776   15.88    0.3056     14.77    0.21    4.64   72.10   15.80    0.64  -4.0716   0.1324  -0.0348   0.1198   0.0296   0.0135   8.1760
1810   283.35   750.98   273.97  -0.5723   16.19    0.3140     15.14    0.21    4.66   72.80   15.90    0.64  -2.2811   0.1339  -0.0351   0.1210   0.0301   0.0136   8.1759
1811   283.41   751.85   274.00  -0.5108   16.52    0.3240     14.77    0.21    4.67   73.20   16.00    0.66  -0.5018   0.1352  -0.0357   0.1222   0.0306   0.0137   8.1759
1812   283.48   752.73   274.03  -0.4382   16.83    0.3181     15.70    0.22    4.69   73.60   16.00    0.66  -0.4441   0.1369  -0.0359   0.1234   0.0312   0.0139   8.1758
1813   283.54   753.70   274.07  -0.3903   17.13    0.2987     15.86    0.22    4.70   74.00   16.10    0.67  -0.3944   0.1386  -0.0360   0.1246   0.0317   0.0140   8.1757
1814   283.59   754.63   274.10  -0.3277   17.41    0.2785     16.07    0.23    4.71   74.50   16.20    0.67  -0.0689   0.1401  -0.0362   0.1256   0.0323   0.0141   8.1756
1815   283.64   755.69   274.13  -0.6545   17.68    0.2710     17.18    0.23    4.72   74.90   16.30    0.69  -4.0588   0.1412  -0.0368   0.1265   0.0329   0.0142   8.1756
1816   283.69   756.80   274.17  -0.9677   17.96    0.2780     17.01    0.23    4.74   75.40   16.40    0.70  -4.0047   0.1423  -0.0374   0.1274   0.0335   0.0143   8.1755
1817   283.74   757.63   274.20  -0.9015   18.24    0.2851     16.28    0.24    4.75   75.80   16.40    0.72  -0.9057   0.1433  -0.0380   0.1284   0.0340   0.0144   8.1755
1818   283.80   758.45   274.24  -0.7213   18.53    0.2803     17.39    0.24    4.77   76.20   16.50    0.72  -0.0402   0.1448  -0.0381   0.1294   0.0345   0.0146   8.1754
1819   283.85   759.40   274.27  -0.5814   18.79    0.2624     17.61    0.24    4.78   76.70   16.60    0.73   0.0183   0.1463  -0.0383   0.1304   0.0350   0.0147   8.1753
1820   283.89   760.34   274.31  -0.4820   19.03    0.2436     17.87    0.25    4.79   77.10   16.70    0.73   0.0306   0.1476  -0.0385   0.1312   0.0356   0.0148   8.1753
1821   283.93   761.29   274.34  -0.4081   19.26    0.2271     18.30    0.25    4.81   77.70   16.80    0.73   0.0327   0.1487  -0.0387   0.1319   0.0361   0.0149   8.1752
1822   283.96   762.23   274.38  -0.3630   19.47    0.2133     18.33    0.26    4.82   78.30   16.90    0.75  -0.0916   0.1494  -0.0394   0.1325   0.0366   0.0151   8.1752
1823   283.99   763.15   274.42  -0.4283   19.68    0.2086     18.79    0.26    4.84   78.90   17.00    0.77  -1.1420   0.1500  -0.0400   0.1331   0.0372   0.0152   8.1751
1824   284.02   764.13   274.46  -0.4215   19.88    0.2008     19.21    0.27    4.86   79.50   17.10    0.78  -0.3850   0.1510  -0.0403   0.1336   0.0377   0.0153   8.1751
1825   284.05   765.09   274.50  -0.3604   20.07    0.1841     19.32    0.27    4.88   80.00   17.20    0.79   0.0186   0.1516  -0.0409   0.1341   0.0383   0.0155   8.1751
1826   284.07   766.03   274.54  -0.3024   20.23    0.1675     19.60    0.28    4.89   80.60   17.40    0.80   0.0805   0.1525  -0.0411   0.1345   0.0388   0.0156   8.1751
1827   284.08   766.99   274.58  -0.2564   20.38    0.1524     20.05    0.29    4.91   81.30   17.50    0.82   0.0998   0.1528  -0.0418   0.1348   0.0394   0.0157   8.1750
1828   284.09   767.92   274.62  -0.2199   20.52    0.1322     20.00    0.29    4.93   81.90   17.60    0.82   0.1035   0.1535  -0.0420   0.1350   0.0399   0.0159   8.1750
1829   284.10   768.89   274.66  -0.1900   20.62    0.1069     20.88    0.30    4.94   82.50   17.70    0.82   0.1060   0.1540  -0.0423   0.1351   0.0405   0.0160   8.1750
1830   284.10   769.90   274.71  -0.2364   20.72    0.0966     20.76    0.30    4.97   83.20   17.90    0.92  -0.6469   0.1521  -0.0449   0.1350   0.0411   0.0162   8.1750
1831   284.10   770.79   274.75  -0.3534   20.81    0.0885     20.82    0.31    4.98   83.60   18.00    0.90  -1.3960   0.1530  -0.0447   0.1350   0.0416   0.0163   8.1750
1832   284.09   771.72   274.80  -0.3580   20.88    0.0723     21.51    0.32    5.00   84.10   18.00    0.91  -0.4126   0.1534  -0.0449   0.1349   0.0421   0.0165   8.1750
1833   284.08   772.69   274.84  -0.3009   20.94    0.0550     21.72    0.32    5.02   84.70   18.10    0.93   0.0213   0.1533  -0.0455   0.1348   0.0427   0.0166   8.1750
1834   284.07   773.61   274.89  -0.2472   20.98    0.0457     21.73    0.33    5.03   85.20   18.20    0.93   0.0916   0.1536  -0.0457   0.1346   0.0432   0.0168   8.1750
1835   284.06   774.58   274.94  -0.3589   21.02    0.0368     22.62    0.33    5.05   85.70   18.30    0.95  -1.5074   0.1536  -0.0463   0.1343   0.0437   0.0170   8.1751
1836   284.05   775.57   274.99  -0.4013   21.05    0.0264     22.39    0.34    5.07   86.30   18.50    1.01  -0.7688   0.1522  -0.0482   0.1341   0.0443   0.0171   8.1751
1837   284.04   776.51   275.04  -0.3456   21.07    0.0296     22.96    0.34    5.09   86.90   18.60    1.01  -0.0265   0.1525  -0.0484   0.1339   0.0448   0.0173   8.1751
1838   284.03   777.50   275.09  -0.2731   21.13    0.0564     23.25    0.35    5.11   87.50   18.70    1.03   0.1855   0.1525  -0.0491   0.1338   0.0454   0.0175   8.1751
1839   284.04   778.41   275.14  -0.2182   21.22    0.0875     23.11    0.36    5.13   88.10   18.80    1.05   0.1808   0.1528  -0.0497   0.1340   0.0459   0.0176   8.1751
1840   284.07   779.41   275.19  -0.1791   21.34    0.1229     24.35    0.37    5.15   88.70   18.90    1.08   0.1640   0.1530  -0.0507   0.1345   0.0465   0.0178   8.1751
1841   284.11   780.60   275.25  -0.1505   21.50    0.1599     24.77    0.38    5.17   89.30   19.10    1.10   0.1441   0.1541  -0.0514   0.1353   0.0472   0.0180   8.1750
1842   284.16   781.81   275.30  -0.1304   21.70    0.1995     25.22    0.39    5.19   89.90   19.20    1.14   0.1110   0.1550  -0.0524   0.1363   0.0479   0.0182   8.1749
1843   284.23   783.09   275.36  -0.1150   21.94    0.2370     25.95    0.39    5.21   90.50   19.30    1.16   0.0995   0.1565  -0.0531   0.1376   0.0486   0.0184   8.1749
1844   284.31   784.29   275.42  -0.1015   22.21    0.2756     25.51    0.40    5.23   91.20   19.40    1.19   0.1009   0.1579  -0.0541   0.1391   0.0493   0.0186   8.1748
1845   284.41   785.51   275.47  -0.0882   22.53    0.3128     26.79    0.41    5.25   91.80   19.60    1.25   0.1148   0.1588  -0.0559   0.1409   0.0500   0.0188   8.1746
1846   284.51   786.68   275.53  -0.0789   22.87    0.3391     25.93    0.42    5.27   92.30   19.70    1.26   0.0894   0.1614  -0.0561   0.1428   0.0506   0.0190   8.1745
1847   284.62   787.94   275.60  -0.0866   23.23    0.3662     28.08    0.43    5.29   92.90   19.80    1.30  -0.0780   0.1630  -0.0575   0.1449   0.0513   0.0192   8.1744
1848   284.74   789.13   275.66  -0.0740   23.62    0.3900     26.29    0.44    5.31   93.40   19.90    1.32   0.1335   0.1655  -0.0582   0.1470   0.0520   0.0194   8.1742
1849   284.86   790.49   275.72  -0.0562   24.03    0.4104     29.78    0.45    5.33   94.00   20.00    1.37   0.1653   0.1673  -0.0596   0.1493   0.0528   0.0196   8.1741
1850   284.98   791.46   275.79  -0.0406   24.46    0.4295     24.83    0.45    5.42   97.30   20.60    1.46   0.1784   0.1674  -0.0626   0.1516   0.0533   0.0199   8.1739
1851   285.10   792.19   275.85  -0.0293   24.89    0.4331     28.94    0.46    5.44   97.70   20.60    1.46   0.1602   0.1712  -0.0628   0.1539   0.0537   0.0201   8.1738
1852   285.23   793.83   275.92  -0.0208   25.37    0.4721     30.57    0.47    5.50   99.70   21.00    1.52   0.1537   0.1737  -0.0648   0.1563   0.0547   0.0203   8.1736
1853   285.37   795.14   275.99  -0.0139   25.85    0.4856     27.99    0.48    5.52  100.20   21.10    1.55   0.1463   0.1783  -0.0658   0.1589   0.0554   0.0205   8.1735
1854   285.50   796.91   276.06  -0.0277   26.36    0.5038     34.07    0.49    5.56  100.90   21.20    1.71  -0.0651   0.1789  -0.0700   0.1614   0.0564   0.0208   8.1733
1855   285.64   797.99   276.13  -0.0262   26.87    0.5151     25.13    0.50    5.58  101.40   21.30    1.74   0.0894   0.1824  -0.0710   0.1640   0.0570   0.0210   8.1731
1856   285.78   799.09   276.20  -0.0207   27.41    0.5341     34.81    0.51    5.62  102.20   21.50    1.82   0.0926   0.1846  -0.0733   0.1667   0.0576   0.0213   8.1730
1857   285.93   800.85   276.28  -0.0223   27.96    0.5501     29.64    0.52    5.64  103.00   21.60    1.84   0.0299   0.1889  -0.0740   0.1693   0.0586   0.0215   8.1728
1858   286.07   802.18   276.35  -0.0129   28.52    0.5640     33.42    0.53    5.66  103.80   21.70    1.86   0.1489   0.1929  -0.0748   0.1721   0.0594   0.0218   8.1726
1859   286.22   803.80   276.43  -0.0008   29.10    0.5782     32.11    0.54    5.70  104.60   21.90    1.94   0.1726   0.1966  -0.0771   0.1748   0.0603   0.0220   8.1724
1860   286.37   805.20   276.51   0.0105   29.69    0.5958     33.15    0.55    5.74  105.50   22.10    2.06   0.1890   0.1980  -0.0806   0.1776   0.0611   0.0223   8.1722
1861   286.52   806.79   276.59   0.0211   30.31    0.6158     34.09    0.56    5.78  106.50   22.30    2.13   0.2040   0.2010  -0.0826   0.1805   0.0619   0.0226   8.1720
1862   286.67   808.18   276.67   0.0301   30.88    0.5752     32.98    0.57    5.77  105.70   22.20    2.14   0.2028   0.2058  -0.0825   0.1832   0.0627   0.0229   8.1719
1863   286.81   809.84   276.75   0.0363   31.47    0.5901     36.56    0.59    5.81  106.50   22.40    2.25   0.1896   0.2076  -0.0856   0.1857   0.0636   0.0232   8.1717
1864   286.94   811.10   276.84   0.0405   32.07    0.6000     31.69    0.60    5.85  107.30   22.50    2.39   0.1773   0.2093  -0.0894   0.1883   0.0644   0.0234   8.1715
1865   287.08   812.99   276.93   0.0437   32.68    0.6056     40.96    0.61    5.89  108.10   22.70    2.50   0.1722   0.2112  -0.0925   0.1908   0.0654   0.0237   8.1714
1866   287.22   814.94   277.01   0.0466   33.30    0.6168     33.29    0.62    5.92  108.80   22.90    2.55   0.1698   0.2148  -0.0940   0.1934   0.0665   0.0240   8.1712
1867   287.37   816.10   277.10   0.0494   33.94    0.6435     37.51    0.63    5.96  109.60   23.10    2.68   0.1700   0.2160  -0.0974   0.1961   0.0671   0.0243   8.1710
1868   287.52   817.90   277.19   0.0533   34.61    0.6678     37.75    0.64    5.99  110.30   23.20    2.74   0.1833   0.2193  -0.0992   0.1989   0.0681   0.0246   8.1708
1869   287.68   819.07   277.28   0.0587   35.30    0.6918     34.96    0.65    6.03  111.10   23.40    2.87   0.2008   0.2208  -0.1027   0.2019   0.0688   0.0250   8.1706
1870   287.84   821.00   277.38   0.0651   36.02    0.7151     42.89    0.66    6.06  111.80   23.50    2.95   0.2160   0.2250  -0.1049   0.2049   0.0699   0.0253   8.1704
1871   288.02   822.92   277.47   0.0734   36.79    0.7731     36.11    0.68    6.12  113.20   23.90    3.11   0.2473   0.2263  -0.1094   0.2082   0.0709   0.0256   8.1702
1872   288.24   824.10   277.57   0.0804   37.72    0.9363     39.72    0.69    6.24  116.40   24.50    3.39   0.2433   0.2243  -0.1174   0.2122   0.0716   0.0259   8.1700
1873   288.49   825.89   277.67   0.0867   38.72    1.0003     40.38    0.70    6.30  117.60   24.80    3.55   0.2481   0.2271  -0.1217   0.2170   0.0726   0.0263   8.1697
1874   288.76   827.06   277.77   0.0912   39.77    1.0430     37.22    0.71    6.29  118.20   24.80    3.40   0.2377   0.2377  -0.1181   0.2220   0.0732   0.0266   8.1693
1875   289.05   829.00   277.87   0.0937   40.88    1.1152     45.55    0.73    6.36  119.40   25.10    3.63   0.2225   0.2405  -0.1240   0.2273   0.0743   0.0270   8.1690
1876   289.35   830.92   277.98   0.0943   42.06    1.1758     38.29    0.74    6.39  120.30   25.30    3.68   0.2060   0.2470  -0.1256   0.2328   0.0753   0.0273   8.1686
1877   289.66   832.14   278.08   0.0943   43.30    1.2366     42.62    0.75    6.42  121.30   25.50    3.73   0.1963   0.2533  -0.1272   0.2386   0.0760   0.0277   8.1682
1878   289.99   833.88   278.19   0.0946   44.58    1.2848     42.07    0.76    6.45  122.20   25.70    3.77   0.1965   0.2605  -0.1283   0.2446   0.0770   0.0280   8.1678
1879   290.33   835.12   278.30   0.0954   45.92    1.3402     40.76    0.78    6.52  123.30   26.00    3.99   0.1979   0.2629  -0.1342   0.2508   0.0777   0.0284   8.1674
1880   290.68   836.94   278.41   0.0956   47.32    1.4025     46.28    0.79    6.62  124.70   26.30    4.40   0.1901   0.2611  -0.1448   0.2572   0.0787   0.0288   8.1670
1881   291.04   839.05   278.52   0.0982   48.82    1.4927     43.55    0.80    6.68  126.50   26.70    4.52   0.2140   0.2680  -0.1483   0.2640   0.0798   0.0292   8.1666
1882   291.39   841.00   278.63   0.1010   50.18    1.3696     46.74    0.81    6.71  126.20   26.80    4.72   0.2140   0.2720  -0.1532   0.2704   0.0809   0.0295   8.1662
1883   291.71   843.26   278.75   0.0337   51.57    1.3879     46.53    0.82    6.78  127.40   27.10    4.98  -0.5222   0.2738  -0.1599   0.2762   0.0821   0.0299   8.1658
1884   292.03   845.08   278.86  -0.1574   52.98    1.4051     45.60    0.82    6.81  128.30   27.20    5.03  -1.8715   0.2805  -0.1614   0.2820   0.0831   0.0303   8.1654
1885   292.34   846.48   278.98  -0.1900   54.41    1.4274     45.19    0.83    6.84  129.10   27.40    5.08  -0.4611   0.2869  -0.1628   0.2878   0.0839   0.0307   8.1650
1886   292.65   848.04   279.09  -0.1333   55.81    1.4026     47.36    0.84    6.87  130.00   27.60    5.15   0.1159   0.2929  -0.1648   0.2934   0.0847   0.0311   8.1647
1887   292.93   850.01   279.21  -0.0764   57.15    1.3432     48.56    0.85    6.93  131.00   27.90    5.36   0.2312   0.2962  -0.1702   0.2986   0.0858   0.0315   8.1643
1888   293.19   852.01   279.33  -0.0364   58.45    1.3023     48.82    0.86    7.05  132.30   28.30    5.87   0.2315   0.2905  -0.1831   0.3033   0.0869   0.0319   8.1640
1889   293.43   854.01   279.44  -0.0070   59.69    1.2373     49.81    0.87    7.07  133.00   28.40    5.88   0.2400   0.2970  -0.1834   0.3075   0.0880   0.0323   8.1637
1890   293.64   855.76   279.56  -0.0436   60.92    1.2339     49.14    0.87    6.90  120.50   24.80    6.44  -0.3822   0.2928  -0.1939   0.3114   0.0889   0.0327   8.1635
1891   293.86   858.07   279.68  -0.0594   62.15    1.2266     54.68    0.89    6.98  122.40   25.30    6.73  -0.1471   0.2919  -0.2014   0.3153   0.0902   0.0331   8.1632
1892   294.07   860.91   279.80  -0.0363   63.36    1.2124     53.62    0.91    7.05  124.20   25.80    7.02   0.1553   0.2923  -0.2088   0.3191   0.0917   0.0335   8.1630
1893   294.26   863.06   279.93  -0.0027   64.54    1.1756     52.34    0.92    7.12  126.10   26.30    7.31   0.2781   0.2911  -0.2163   0.3227   0.0929   0.0339   8.1627
1894   294.45   864.94   280.06   0.0271   65.73    1.1879     53.30    0.94    7.19  128.00   26.80    7.60   0.3146   0.2896  -0.2237   0.3262   0.0939   0.0344   8.1625
1895   294.65   867.08   280.18   0.0506   66.93    1.2032     54.95    0.95    7.26  129.80   27.30    7.89   0.3185   0.2885  -0.2310   0.3298   0.0950   0.0348   8.1623
1896   294.85   869.96   280.31   0.0680   68.14    1.2123     58.90    0.97    7.33  131.70   27.70    8.18   0.3079   0.2879  -0.2383   0.3334   0.0966   0.0352   8.1620
1897   295.06   871.98   280.45   0.0790   69.38    1.2424     51.67    0.98    7.41  133.60   28.20    8.47   0.2759   0.2869  -0.2457   0.3372   0.0977   0.0357   8.1618
1898   295.28   874.07   280.58   0.0867   70.67    1.2852     60.48    1.00    7.48  135.40   28.70    8.77   0.2623   0.2873  -0.2529   0.3412   0.0988   0.0361   8.1615
1899   295.53   876.88   280.72   0.0929   72.02    1.3514     57.07    1.01    7.55  137.30   29.20    9.06   0.2584   0.2874  -0.2602   0.3456   0.1003   0.0366   8.1612
1900   295.79   879.12   280.85   0.0973   73.42    1.3945     58.77    1.02    7.62  139.20   29.70    9.35   0.2436   0.2876  -0.2674   0.3503   0.1015   0.0371   8.1609
1901   296.08   882.92   280.99   0.1000   74.94    1.5273     67.54    1.04    7.72  140.80   30.10    9.80   0.2307   0.2857  -0.2782   0.3555   0.1035   0.0375   8.1606
1902   296.40   887.01   281.13   0.0704   76.50    1.5601     62.81    1.05    7.83  142.40   30.50   10.25  -0.1105   0.2845  -0.2889   0.3613   0.1057   0.0380   8.1602
1903   296.74   890.93   281.28  -0.0865   78.17    1.6657     69.13    1.07    7.93  144.00   30.90   10.70  -1.4764   0.2846  -0.2995   0.3674   0.1078   0.0385   8.1598
1904   297.10   895.24   281.42  -0.1210   79.90    1.7268     67.49    1.09    8.04  145.60   31.30   11.14  -0.3496   0.2844  -0.3101   0.3740   0.1101   0.0390   8.1594
1905   297.48   900.04   281.57  -0.0780   81.70    1.8030     74.68    1.10    8.14  147.20   31.70   11.60   0.1389   0.2849  -0.3206   0.3808   0.1126   0.0395   8.1589
1906   297.89   904.86   281.72  -0.0316   83.57    1.8755     70.52    1.12    8.25  148.80   32.20   12.04   0.2538   0.2858  -0.3311   0.3880   0.1152   0.0400   8.1584
1907   298.31   909.06   281.87  -0.0109   85.53    1.9547     74.07    1.13    8.35  150.40   32.60   12.49   0.1178   0.2868  -0.3415   0.3956   0.1174   0.0405   8.1579
1908   298.73   913.84   282.02   0.0105   87.46    1.9341     76.45    1.15    8.45  152.10   33.00   12.94   0.2201   0.2881  -0.3518   0.4031   0.1199   0.0410   8.1575
1909   299.14   919.07   282.18   0.0309   89.44    1.9779     79.66    1.17    8.56  153.70   33.40   13.39   0.2396   0.2906  -0.3621   0.4105   0.1226   0.0415   8.1570
1910   299.56   923.81   282.33   0.0474   91.46    2.0193     76.79    1.18    8.66  155.30   33.80   13.84   0.2460   0.2920  -0.3723   0.4180   0.1251   0.0421   8.1565
1911   299.97   928.11   282.49   0.0605   93.41    1.9480     80.03    1.20    8.75  156.90   34.30   14.07   0.2456   0.2976  -0.3777   0.4252   0.1274   0.0426   8.1560
1912   300.34   932.81   282.65   0.0466   95.33    1.9250     81.67    1.22    8.83  158.60   34.80   14.30  -0.0140   0.3030  -0.3831   0.4319   0.1298   0.0431   8.1556
1913   300.71   938.14   282.82   0.0374   97.26    1.9308     86.48    1.24    8.92  160.20   35.20   14.53   0.0405   0.3085  -0.3885   0.4383   0.1326   0.0437   8.1551
1914   301.04   943.80   282.99   0.0542   99.08    1.8139     86.72    1.26    9.00  161.90   35.70   14.76   0.2667   0.3147  -0.3939   0.4443   0.1355   0.0443   8.1547
1915   301.34   949.13   283.16   0.0759  100.86    1.7810     88.00    1.28    9.09  163.50   36.20   14.99   0.3180   0.3190  -0.3993   0.4496   0.1382   0.0448   8.1544
1916   301.65   954.76   283.33   0.0988  102.71    1.8509     91.59    1.30    9.17  165.10   36.60   15.22   0.3837   0.3237  -0.4046   0.4550   0.1411   0.0454   8.1540
1917   301.97   960.08   283.50   0.1173  104.61    1.8990     89.55    1.32    9.26  166.80   37.10   15.46   0.3786   0.3286  -0.4099   0.4608   0.1438   0.0460   8.1537
1918   302.30   965.83   283.68   0.1351  106.48    1.8750     97.23    1.34    9.35  168.40   37.60   15.69   0.4158   0.3338  -0.4152   0.4666   0.1468   0.0466   8.1533
1919   302.60   972.07   283.86   0.1469  108.26    1.7734     95.84    1.36    9.43  170.10   38.00   15.92   0.3777   0.3387  -0.4206   0.4719   0.1500   0.0472   8.1529
1920   302.91   977.86   284.04   0.1545  110.18    1.9251     98.27    1.38    9.52  171.70   38.50   16.15   0.3605   0.3445  -0.4258   0.4773   0.1529   0.0478   8.1526
1921   303.24   983.06   284.23   0.1581  112.08    1.9008     95.84    1.39    9.63  173.90   39.20   16.41   0.3288   0.3488  -0.4318   0.4831   0.1555   0.0484   8.1522
1922   303.57   988.91   284.41   0.1479  114.03    1.9454    105.06    1.41    9.74  176.00   39.80   16.66   0.1864   0.3534  -0.4378   0.4889   0.1585   0.0491   8.1518
1923   303.94   995.01   284.60   0.1498  116.15    2.1166    100.78    1.42    9.85  178.10   40.40   16.92   0.3049   0.3589  -0.4437   0.4954   0.1615   0.0497   8.1514
1924   304.35  1000.97   284.79   0.1557  118.29    2.1484    107.82    1.43    9.96  180.30   41.10   17.18   0.3179   0.3649  -0.4496   0.5026   0.1645   0.0503   8.1509
1925   304.76  1007.00   284.97   0.1620  120.47    2.1773    104.64    1.44   10.07  182.40   41.70   17.44   0.3340   0.3720  -0.4555   0.5098   0.1675   0.0509   8.1504
1926   305.17  1013.04   285.16   0.1696  122.67    2.1967    111.43    1.45   10.19  184.50   42.30   17.69   0.3572   0.3782  -0.4614   0.5170   0.1705   0.0516   8.1500
1927   305.61  1018.95   285.35   0.1807  125.03    2.3626    107.48    1.45   10.30  186.60   43.00   17.95   0.4068   0.3848  -0.4673   0.5247   0.1735   0.0522   8.1495
1928   306.08  1025.08   285.54   0.1805  127.40    2.3688    116.08    1.46   10.41  188.80   43.60   18.21   0.2980   0.3920  -0.4731   0.5328   0.1765   0.0528   8.1489
1929   306.55  1030.92   285.72   0.1583  129.84    2.4452    109.39    1.47   10.52  190.90   44.30   18.47   0.0821   0.3991  -0.4790   0.5410   0.1794   0.0535   8.1484
1930   307.01  1036.18   285.91   0.1345  132.19    2.3482    116.12    1.47   10.63  193.00   44.90   18.73   0.2827   0.4057  -0.4848   0.5490   0.1820   0.0541   8.1479
1931   307.41  1041.91   286.09   0.1200  134.44    2.2455    115.22    1.47   10.73  195.00   45.50   18.92   0.2599   0.4139  -0.4893   0.5560   0.1848   0.0547   8.1474
1932   307.76  1047.15   286.28   0.2231  136.54    2.1015    116.52    1.46   10.83  197.00   46.20   19.12   0.3508   0.4198  -0.4938   0.5621   0.1874   0.0553   8.1470
1933   308.07  1052.91   286.45   0.2018  138.61    2.0755    121.23    1.45   10.92  199.00   46.80   19.32   0.3883   0.4253  -0.4984   0.5674   0.1902   0.0559   8.1466
1934   308.37  1058.15   286.63   0.1852  140.67    2.0574    116.84    1.44   11.02  200.90   47.40   19.51   0.4165   0.4305  -0.5028   0.5726   0.1927   0.0565   8.1463
1935   308.66  1062.97   286.80   0.1950  142.70    2.0261    121.80    1.43   11.12  202.90   48.10   19.71   0.4452   0.4352  -0.5073   0.5777   0.1951   0.0571   8.1460
1936   308.94  1068.16   286.97   0.1984  144.73    2.0360    121.72    1.41   11.22  204.90   48.70   19.91   0.5001   0.4411  -0.5118   0.5826   0.1976   0.0576   8.1456
1937   309.22  1073.01   287.13   0.2371  146.69    1.9557    122.80    1.39   11.31  206.90   49.30   20.11   0.4915   0.4455  -0.5163   0.5873   0.1999   0.0582   8.1453
1938   309.43  1078.17   287.28   0.1878  148.45    1.7567    126.28    1.36   11.41  208.80   50.00   20.30   0.5091   0.4491  -0.5208   0.5910   0.2024   0.0587   8.1451
1939   309.60  1082.92   287.43   0.1865  150.13    1.6871    123.36    1.34   11.51  210.80   50.60   20.50   0.5156   0.4516  -0.5252   0.5939   0.2047   0.0592   8.1449
1940   309.75  1088.11   287.57   0.3919  151.83    1.6929    131.59    1.33   11.60  212.80   51.20   20.70   0.5061   0.4541  -0.5297   0.5966   0.2072   0.0596   8.1447
1941   309.90  1093.90   287.72   0.4367  153.46    1.6293    129.85    1.42   11.84  215.10   52.20   21.20   0.4697   0.4507  -0.5404   0.5992   0.2099   0.0601   8.1445
1942   310.03  1099.21   287.88   0.3302  154.99    1.5348    132.50    1.48   12.07  217.50   53.10   21.71   0.4387   0.4477  -0.5511   0.6013   0.2125   0.0607   8.1444
1943   310.14  1103.93   288.06   0.2152  156.50    1.5116    129.82    1.52   12.31  219.80   54.10   22.22   0.4172   0.4432  -0.5616   0.6032   0.2147   0.0613   8.1443
1944   310.24  1109.22   288.23   0.2803  157.96    1.4591    138.78    1.55   12.54  222.10   55.10   22.73   0.4359   0.4389  -0.5722   0.6049   0.2172   0.0619   8.1442
1945   310.29  1114.77   288.42   0.2503  159.21    1.2434    134.64    1.58   12.77  224.50   56.00   23.23   0.4699   0.4339  -0.5827   0.6058   0.2199   0.0625   8.1441
1946   310.32  1120.10   288.61   0.3125  160.50    1.2937    141.00    1.63   13.01  226.80   57.00   23.74   0.4606   0.4286  -0.5931   0.6062   0.2224   0.0631   8.1441
1947   310.40  1126.71   288.81   0.3145  161.98    1.4829    145.40    1.69   13.24  229.20   57.90   24.25   0.4880   0.4260  -0.6035   0.6078   0.2255   0.0638   8.1440
1948   310.57  1133.10   289.02   0.2934  163.59    1.6096    143.81    1.74   13.47  231.50   58.90   24.75   0.5617   0.4237  -0.6138   0.6105   0.2285   0.0645   8.1438
1949   310.76  1139.74   289.23   0.3321  165.22    1.6255    150.77    1.78   13.71  233.80   59.80   25.26   0.5181   0.4221  -0.6241   0.6138   0.2316   0.0652   8.1436
1950   311.01  1147.11   289.45   0.1937  167.12    1.9029    152.15    1.81   13.94  236.20   60.80   25.77   0.5079   0.4219  -0.6344   0.6182   0.2351   0.0659   8.1433
1951   311.34  1154.79   289.68   0.2842  169.15    2.0320    157.02    1.83   14.38  241.50   63.20   26.94   0.4302   0.4162  -0.6578   0.6239   0.2386   0.0667   8.1429
1952   311.72  1163.13   289.91   0.3414  171.28    2.1282    160.78    1.85   14.82  246.80   65.60   28.11   0.4317   0.4117  -0.6810   0.6303   0.2425   0.0674   8.1425
1953   312.13  1172.79   290.14   0.3602  173.56    2.2808    169.68    1.88   15.25  252.20   68.00   29.28   0.3807   0.4077  -0.7040   0.6374   0.2470   0.0682   8.1420
1954   312.59  1182.06   290.38   0.2957  175.99    2.4297    164.37    1.93   15.69  257.50   70.30   30.45   0.3858   0.4058  -0.7267   0.6453   0.2512   0.0690   8.1415
1955   313.13  1191.85   290.62   0.2255  178.72    2.7251    178.35    1.98   16.13  262.90   72.70   31.63   0.4638   0.4058  -0.7492   0.6545   0.2557   0.0698   8.1409
1956   313.77  1202.09   290.87   0.1716  181.66    2.9473    172.82    2.00   16.56  268.20   75.10   32.80   0.4709   0.4079  -0.7715   0.6653   0.2604   0.0706   8.1402
1957   314.46  1212.99   291.12   0.2986  184.78    3.1140    188.27    2.00   17.00  273.60   77.50   33.97   0.5316   0.4116  -0.7936   0.6770   0.2653   0.0715   8.1394
1958   315.19  1224.07   291.37   0.3687  188.06    3.2828    180.38    1.99   17.44  278.90   79.90   35.14   0.5776   0.4156  -0.8154   0.6895   0.2703   0.0723   8.1386
1959   315.96  1235.01   291.61   0.3712  191.46    3.3996    194.04    2.00   17.88  284.20   82.30   36.31   0.5624   0.4214  -0.8371   0.7025   0.2753   0.0731   8.1377
1960   316.84  1247.03   291.85   0.3006  194.92    3.4636    193.12    2.01   18.31  289.60   84.60   37.49   0.5901   0.4301  -0.8585   0.7174   0.2806   0.0739   8.1368
1961   317.61  1259.03   292.10   0.3379  198.34    3.4208    201.24    2.08   18.92  293.90   88.00   38.97   0.5684   0.4324  -0.8848   0.7303   0.2860   0.0747   8.1360
1962   318.29  1272.01   292.37   0.3017  201.71    3.3695    206.24    2.18   19.52  298.30   91.40   40.45   0.5034   0.4344  -0.9107   0.7417   0.2917   0.0756   8.1352
1963   318.98  1284.93   292.66   0.2291  205.00    3.2857    208.93    2.32   20.12  302.60   94.80   41.93  -0.4467   0.4363  -0.9364   0.7532   0.2974   0.0766   8.1345
1964   319.71  1297.78   292.97   0.1775  208.40    3.4037    213.82    2.44   20.73  307.00   98.10   43.42  -0.2762   0.4408  -0.9618   0.7655   0.3031   0.0776   8.1337
1965   320.36  1312.01   293.30   0.2268  212.19    3.7898    224.82    2.59   21.33  311.30  101.50   44.90   0.2824   0.4454  -0.9869   0.7764   0.3093   0.0787   8.1329
1966   321.42  1325.99   293.67   0.2945  216.27    4.0792    221.05    2.74   21.93  315.70  104.90   46.38   0.4524   0.4574  -1.0118   0.7939   0.3153   0.0799   8.1319
1967   322.23  1340.10   294.06   0.2153  220.60    4.3291    234.14    2.86   22.54  320.00  108.30   47.86   0.4814   0.4664  -1.0365   0.8074   0.3214   0.0812   8.1309
1968   323.23  1354.98   294.47   0.2193  225.23    4.6293    234.08    2.96   23.14  324.40  111.60   49.34   0.3088   0.4788  -1.0609   0.8239   0.3278   0.0825   8.1297
1969   324.48  1370.12   294.90   0.2850  229.91    4.6773    244.67    3.07   23.74  328.70  115.00   50.83   0.2363   0.4973  -1.0850   0.8445   0.3343   0.0840   8.1285
1970   325.56  1385.91   295.34   0.2824  234.61    4.7014    246.98    3.20   24.35  333.10  118.40   52.31   0.4821   0.5141  -1.1090   0.8622   0.3410   0.0854   8.1273
1971   326.46  1401.06   295.81   0.1492  239.58    4.9672    250.58    3.32   25.02  337.70  121.70   53.39   0.5997   0.5347  -1.1266   0.8769   0.3474   0.0870   8.1261
1972   327.76  1416.93   296.31   0.3068  244.92    5.3461    260.52    3.45   25.69  342.30  125.00   54.47   0.6040   0.5630  -1.1441   0.8981   0.3540   0.0886   8.1248
1973   329.22  1433.03   296.82   0.3424  250.31    5.3871    261.72    3.60   26.36  346.90  128.30   55.55   0.6267   0.5937  -1.1616   0.9219   0.3607   0.0903   8.1235
1974   330.12  1448.89   297.37   0.1831  255.45    5.1405    269.01    3.76   27.03  351.60  131.60   56.63   0.6000   0.6170  -1.1789   0.9364   0.3673   0.0921   8.1222
1975   331.28  1464.95   297.95   0.2279  260.53    5.0812    272.64    4.01   27.70  356.20  134.90   57.71   0.3642   0.6452  -1.1962   0.9551   0.3739   0.0940   8.1210
1976   332.40  1480.87   298.57   0.2487  266.26    5.7332    278.08    4.25   28.38  360.80  138.20   58.79   0.5895   0.6735  -1.2133   0.9733   0.3804   0.0960   8.1198
1977   333.99  1496.97   299.24   0.4286  272.44    6.1791    283.47    4.48   29.05  365.40  141.50   59.87   0.7569   0.7099  -1.2303   0.9987   0.3870   0.0982   8.1183
1978   335.41  1513.91   299.95   0.4424  278.84    6.3947    292.82    4.67   29.72  370.00  144.80   60.95   0.8264   0.7434  -1.2472   1.0213   0.3939   0.1006   8.1167
1979   336.96  1529.98   300.67   0.4346  285.57    6.7321    288.75    4.64   30.39  374.60  148.20   62.03   0.9175   0.7795  -1.2640   1.0459   0.4003   0.1029   8.1150
1980   338.58  1547.04   301.38   0.4899  292.18    6.6111    308.34    4.72   31.06  379.30  151.50   63.11   0.9639   0.8099  -1.2808   1.0716   0.4072   0.1052   8.1134
1981   340.01  1566.98   302.12   0.4811  298.68    6.5017    315.34    4.86   31.50  383.60  154.40   63.82   0.9913   0.8393  -1.2920   1.0941   0.4151   0.1076   8.1118
1982   341.46  1586.40   302.85   0.4854  305.28    6.5972    316.31    4.84   31.94  388.00  157.40   64.53   0.2469   0.8719  -1.3033   1.1168   0.4228   0.1100   8.1103
1983   343.16  1606.14   303.59   0.5588  311.94    6.6640    327.96    4.90   32.38  392.30  160.30   65.24   0.1540   0.9060  -1.3145   1.1432   0.4306   0.1124   8.1088
1984   344.39  1624.66   304.33   0.3873  318.82    6.8714    320.09    4.89   32.82  396.70  163.30   65.95   0.7456   0.9336  -1.3257   1.1624   0.4378   0.1148   8.1073
1985   345.77  1637.95   305.06   0.4250  325.77    6.9501    308.10    4.95   33.26  401.10  166.30   66.67   0.9319   0.9629  -1.3368   1.1838   0.4430   0.1172   8.1057
1986   347.37  1650.26   305.79   0.4775  333.05    7.2834    321.89    4.93   33.70  405.40  169.20   67.38   0.9814   0.9954  -1.3479   1.2083   0.4477   0.1196   8.1041
1987   349.28  1662.91   306.53   0.6519  341.06    8.0105    316.96    5.14   34.14  409.80  172.20   68.09   1.0387   1.0337  -1.3590   1.2376   0.4526   0.1220   8.1023
1988   351.17  1673.58   307.35   0.5324  349.22    8.1639    317.60    5.73   34.58  414.20  175.10   68.80   1.1312   1.0712  -1.3700   1.2665   0.4567   0.1246   8.1004
1989   352.65  1683.98   308.22   0.4591  356.68    7.4522    321.47    5.63   35.02  418.50  178.10   69.51   1.2498   1.1018  -1.3810   1.2889   0.4607   0.1274   8.0986
1990   354.18  1693.41   309.00   0.6247  363.38    6.7056    317.94    5.04   35.46  422.90  181.00   70.22   1.2717   1.1327  -1.3919   1.3120   0.4643   0.1299   8.0973
1991   355.33  1702.98   309.70   0.6255  369.75    6.3674    327.87    4.84   35.77  426.70  181.60   70.72   0.3944   1.1584  -1.3998   1.3294   0.4679   0.1322   8.0961
1992   356.48  1710.84   310.37   0.6018  375.95    6.2051    313.81    4.91   36.08  430.60  182.10   71.22  -0.0927   1.1803  -1.4077   1.3466   0.4709   0.1343   8.0951
1993   357.53  1715.21   311.05   0.5878  382.88    6.9265    312.69    4.90   36.38  434.50  182.60   71.73   0.8482   1.1992  -1.4155   1.3622   0.4726   0.1365   8.0939
1994   359.06  1721.34   311.73   0.6359  390.93    8.0484    326.99    5.10   36.69  438.30  183.20   72.23   1.1960   1.2220  -1.4234   1.3850   0.4749   0.1387   8.0924
1995   360.86  1727.94   312.47   0.6496  399.15    8.2168    319.36    5.40   37.00  442.20  183.70   72.73   1.2363   1.2493  -1.4312   1.4117   0.4774   0.1411   8.0906
1996   362.51  1730.30   313.25   0.5768  407.19    8.0406    306.82    5.62   37.30  446.00  184.20   73.23   1.2484   1.2724  -1.4390   1.4360   0.4783   0.1436   8.0889
1997   364.33  1733.82   314.08   0.7207  415.74    8.5564    328.07    5.92   37.61  449.90  184.70   73.73   1.3010   1.2970  -1.4468   1.4628   0.4796   0.1462   8.0871
1998   366.58  1743.13   314.97   0.7949  424.49    8.7465    342.75    6.31   37.92  453.70  185.30   74.24   1.3918   1.3308  -1.4546   1.4957   0.4831   0.1491   8.0852
1999   368.01  1750.46   315.95   0.6373  432.94    8.4495    322.28    6.83   38.23  457.60  185.80   74.74   1.4477   1.3517  -1.4623   1.5165   0.4859   0.1522   8.0834
2000   369.69  1752.10   317.04   0.6977  441.26    8.3199    314.66    7.47   38.53  461.50  186.30   75.24   1.5080   1.3740  -1.4701   1.5408   0.4865   0.1556   8.0818
