YEAR RADCO2 RADCH4 RADN2O RADHAL RADODS RADSF6 RADO3 RADSO2 RADCRBAER RADAERIND RADH2OSTR RADVOL RADSOL RADMIS RADTTL RADANTL RADANTO RADSOLL RADSOLO RADTTLL RADTTLO RADTTL TAL TSS GMT
1750   0.00000   0.00612   0.00895   0.00312   0.00000   0.00001   0.00000  -0.00222  -0.01092  -0.00771   0.00024  -0.00400   0.00000   0.00000  -0.00641  -0.01345   0.00209   0.00000   0.00000  -0.01745  -0.00191  -0.00641   0.00000   0.00000   0.00000
1751   0.00259   0.00658   0.00898   0.00312   0.00000   0.00001   0.00000  -0.00223  -0.01101  -0.00775   0.00026  -0.00200  -0.03400   0.00000  -0.03546  -0.01058   0.00508  -0.03032  -0.03569  -0.04291  -0.03260  -0.03546  -0.00833  -0.00191  -0.00377
1752   0.00455   0.00703   0.00903   0.00312   0.00000   0.00001   0.00000  -0.00224  -0.01108  -0.00779   0.00028  -0.00100  -0.05500   0.00000  -0.05311  -0.00830   0.00746  -0.04905  -0.05773  -0.05835  -0.05126  -0.05311  -0.01602  -0.00548  -0.00854
1753   0.00631   0.00748   0.00909   0.00312   0.00000   0.00001   0.00000  -0.00226  -0.01118  -0.00784   0.00030  -0.00100  -0.05200   0.00000  -0.04797  -0.00626   0.00964  -0.04637  -0.05458  -0.05363  -0.04594  -0.04797  -0.01972  -0.00870  -0.01189
1754   0.00794   0.00792   0.00914   0.00312   0.00000   0.00001   0.00000  -0.00227  -0.01125  -0.00788   0.00031  -0.00100  -0.06500   0.00000  -0.05895  -0.00431   0.01169  -0.05797  -0.06822  -0.06328  -0.05754  -0.05895  -0.02468  -0.01145  -0.01529
1755   0.00948   0.00839   0.00921   0.00312   0.00000   0.00001   0.00000  -0.00228  -0.01132  -0.00792   0.00033  -0.00100  -0.07700   0.00000  -0.06899  -0.00242   0.01368  -0.06867  -0.08082  -0.07209  -0.06814  -0.06899  -0.03005  -0.01463  -0.01910
1756   0.01098   0.00886   0.00927   0.00312   0.00000   0.00001   0.00000  -0.00229  -0.01142  -0.00796   0.00035  -0.00100  -0.07600   0.00000  -0.06608  -0.00060   0.01563  -0.06778  -0.07977  -0.06938  -0.06514  -0.06608  -0.03323  -0.01747  -0.02204
1757   0.01249   0.00929   0.00934   0.00312   0.00000   0.00001   0.00000  -0.00231  -0.01151  -0.00802   0.00037  -0.00100  -0.06000   0.00000  -0.04823   0.00115   0.01752  -0.05351  -0.06298  -0.05336  -0.04646  -0.04823  -0.03238  -0.01879  -0.02273
1758   0.01404   0.00975   0.00941   0.00312   0.00000   0.00001   0.00000  -0.00232  -0.01159  -0.00806   0.00039  -0.00100  -0.05200   0.00000  -0.03825   0.00306   0.01952  -0.04637  -0.05458  -0.04432  -0.03606  -0.03825  -0.03071  -0.01870  -0.02219
1759   0.01566   0.01019   0.00947   0.00312   0.00000   0.00001   0.00000  -0.00233  -0.01168  -0.00810   0.00040  -0.00100  -0.04400   0.00000  -0.02826   0.00496   0.02155  -0.03924  -0.04618  -0.03528  -0.02563  -0.02826  -0.02820  -0.01793  -0.02091
1760   0.01738   0.01065   0.00954   0.00312   0.00000   0.00001   0.00000  -0.00234  -0.01175  -0.00814   0.00042  -0.00100  -0.02400   0.00000  -0.00612   0.00703   0.02372  -0.02140  -0.02519  -0.01538  -0.00247  -0.00612  -0.02263  -0.01601  -0.01793
1761   0.01913   0.01107   0.00962   0.00312   0.00000   0.00001   0.00000  -0.00235  -0.01185  -0.00818   0.00044  -0.00100  -0.05900   0.00000  -0.03901   0.00905   0.02587  -0.05262  -0.06193  -0.04457  -0.03705  -0.03901  -0.02587  -0.01523  -0.01831
1762   0.02089   0.01149   0.00969   0.00312   0.00000   0.00001   0.00000  -0.00237  -0.01192  -0.00822   0.00045  -0.00100  -0.04200   0.00000  -0.01987   0.01112   0.02804  -0.03746  -0.04408  -0.02734  -0.01704  -0.01987  -0.02352  -0.01530  -0.01769
1763   0.02268   0.01196   0.00976   0.00312   0.00000   0.00001   0.00000  -0.00238  -0.01199  -0.00826   0.00047  -0.00100  -0.05600   0.00000  -0.03164   0.01328   0.03030  -0.04994  -0.05878  -0.03766  -0.02948  -0.03164  -0.02464  -0.01501  -0.01780
1764   0.02449   0.01238   0.00984   0.00312   0.00000   0.00001   0.00000  -0.00240  -0.01209  -0.00832   0.00049  -0.00100  -0.07700   0.00000  -0.05049   0.01533   0.03249  -0.06867  -0.08082  -0.05434  -0.04933  -0.05049  -0.02878  -0.01625  -0.01988
1765   0.02634   0.01279   0.00991   0.00312   0.00000   0.00001   0.00000  -0.00241  -0.01216  -0.00836   0.00051  -0.00100  -0.07800   0.00000  -0.04925   0.01749   0.03475  -0.06956  -0.08187  -0.05307  -0.04812  -0.04925  -0.03089  -0.01797  -0.02172
1766   0.02810   0.01320   0.00999   0.00312   0.00000   0.00001   0.00000  -0.00242  -0.01226  -0.00840   0.00052  -0.11200  -0.07900   0.00000  -0.15914   0.01952   0.03691  -0.07045  -0.08292  -0.16294  -0.15801  -0.15914  -0.05578  -0.02429  -0.03342
1767   0.02985   0.01362   0.01007   0.00312   0.00000   0.00001   0.00000  -0.00243  -0.01233  -0.00844   0.00054  -0.05800  -0.03600   0.00000  -0.05999   0.02159   0.03908  -0.03211  -0.03779  -0.06852  -0.05671  -0.05999  -0.04860  -0.02945  -0.03500
1768   0.03186   0.01409   0.01014   0.00312   0.00000   0.00001   0.00000  -0.00244  -0.01242  -0.00848   0.00056  -0.00900  -0.01200   0.00000   0.01542   0.02392   0.04153  -0.01070  -0.01260   0.00421   0.01994   0.01542  -0.03170  -0.02533  -0.02718
1769   0.03411   0.01451   0.01022   0.00312   0.00000   0.00001   0.00000  -0.00245  -0.01249  -0.00853   0.00057  -0.00200   0.00000   0.00000   0.03706   0.02648   0.04420   0.00000   0.00000   0.02448   0.04220   0.03706  -0.01889  -0.01821  -0.01841
1770   0.03653   0.01492   0.01030   0.00312   0.00000   0.00001   0.00000  -0.00247  -0.01259  -0.00857   0.00059  -0.00100   0.01900   0.00000   0.05984   0.02917   0.04702   0.01694   0.01994   0.04511   0.06596   0.05984  -0.00644  -0.01110  -0.00975
1771   0.03907   0.01528   0.01037   0.00312   0.00000   0.00001   0.00000  -0.00258  -0.01273  -0.00895   0.00060  -0.00100   0.00200   0.00000   0.04519   0.03132   0.04944   0.00178   0.00210   0.03211   0.05054   0.04519  -0.00109  -0.00543  -0.00417
1772   0.04165   0.01558   0.01045   0.00312   0.00000   0.00001   0.00000  -0.00260  -0.01290  -0.00901   0.00062  -0.00100  -0.02200   0.00000   0.02391   0.03388   0.05223  -0.01962  -0.02309   0.01326   0.02814   0.02391  -0.00065  -0.00270  -0.00211
1773   0.04420   0.01592   0.01053   0.00312   0.00000   0.00001   0.00000  -0.00262  -0.01305  -0.00909   0.00063  -0.00100  -0.05300   0.00000  -0.00435   0.03648   0.05502  -0.04727  -0.05563  -0.01179  -0.00160  -0.00435  -0.00469  -0.00268  -0.00326
1774   0.04668   0.01629   0.01060   0.00312   0.00000   0.00001   0.00000  -0.00264  -0.01319  -0.00915   0.00064  -0.00100  -0.08800   0.00000  -0.03664   0.03905   0.05779  -0.07848  -0.09236  -0.04043  -0.03557  -0.03664  -0.01250  -0.00519  -0.00731
1775   0.04910   0.01663   0.01068   0.00312   0.00000   0.00001   0.00000  -0.00266  -0.01336  -0.00924   0.00066  -0.00100  -0.09500   0.00000  -0.04106   0.04148   0.06045  -0.08472  -0.09971  -0.04425  -0.04027  -0.04106  -0.01759  -0.00851  -0.01114
1776   0.05122   0.01693   0.01076   0.00312   0.00000   0.00001   0.00000  -0.00268  -0.01352  -0.00932   0.00067  -0.25200  -0.06800   0.00000  -0.26282   0.04355   0.06275  -0.06064  -0.07137  -0.26909  -0.26062  -0.26282  -0.06850  -0.02129  -0.03498
1777   0.05328   0.01728   0.01083   0.00312   0.00000   0.00001   0.00000  -0.00270  -0.01369  -0.00938   0.00068  -0.04100  -0.02200   0.00000  -0.00356   0.04564   0.06507  -0.01962  -0.02309  -0.01498   0.00098  -0.00356  -0.04064  -0.02889  -0.03229
1778   0.05576   0.01763   0.01091   0.00312   0.00000   0.00001   0.00000  -0.00272  -0.01384  -0.00946   0.00070  -0.00500   0.02100   0.00000   0.07811   0.04818   0.06780   0.01873   0.02204   0.06190   0.08484   0.07811  -0.01481  -0.01893  -0.01774
1779   0.05851   0.01794   0.01099   0.00312   0.00000   0.00001   0.00000  -0.00275  -0.01400  -0.00954   0.00071  -0.00200   0.00100   0.00000   0.06398   0.05088   0.07074   0.00089   0.00105   0.04977   0.06979   0.06398  -0.00328  -0.00918  -0.00747
1780   0.06136   0.01828   0.01107   0.00312   0.00000   0.00001   0.00000  -0.00277  -0.01417  -0.00962   0.00072  -0.00100   0.00100   0.00000   0.06799   0.05373   0.07382   0.00089   0.00105   0.05362   0.07387   0.06799   0.00577  -0.00259  -0.00017
1781   0.06425   0.01852   0.01114   0.00312   0.00000   0.00001   0.00000  -0.00287  -0.01429  -0.00997   0.00073  -0.00100  -0.04300   0.00000   0.02664   0.05622   0.07653  -0.03835  -0.04513   0.01687   0.03040   0.02664   0.00436   0.00074   0.00179
1782   0.06714   0.01876   0.01122   0.00312   0.00000   0.00001   0.00000  -0.00289  -0.01439  -0.01003   0.00074  -0.00100  -0.01300   0.00000   0.05968   0.05917   0.07962  -0.01159  -0.01364   0.04657   0.06497   0.05968   0.01153   0.00314   0.00558
1783   0.06948   0.01905   0.01130   0.00312   0.00000   0.00001   0.00000  -0.00290  -0.01448  -0.01007   0.00075  -0.44000  -0.05300   0.00000  -0.41675   0.06164   0.08222  -0.04727  -0.05563  -0.42562  -0.41341  -0.41675  -0.08428  -0.01526  -0.03527
1784   0.07107   0.01929   0.01138   0.00312   0.00000   0.00001   0.00000  -0.00292  -0.01458  -0.01013   0.00076  -0.38100  -0.06500   0.00000  -0.36800   0.06329   0.08400  -0.05797  -0.06822  -0.37568  -0.36522  -0.36800  -0.12147  -0.04816  -0.06942
1785   0.07288   0.01953   0.01146   0.00312   0.00000   0.00001   0.00000  -0.00293  -0.01470  -0.01017   0.00077  -0.05100  -0.04700   0.00000  -0.01804   0.06514   0.08602  -0.04192  -0.04933  -0.02777  -0.01431  -0.01804  -0.07543  -0.05382  -0.06009
1786   0.07529   0.01976   0.01153   0.00312   0.00000   0.00001   0.00000  -0.00295  -0.01479  -0.01023   0.00078  -0.00800  -0.02600   0.00000   0.04852   0.06761   0.08862  -0.02319  -0.02729   0.03642   0.05333   0.04852  -0.04528  -0.03990  -0.04146
1787   0.07807   0.02000   0.01161   0.00312   0.00000   0.00001   0.00000  -0.00297  -0.01491  -0.01029   0.00079  -0.00200  -0.01400   0.00000   0.06943   0.07040   0.09157  -0.01249  -0.01469   0.05591   0.07488   0.06943  -0.02442  -0.02682  -0.02612
1788   0.08036   0.02032   0.01169   0.00312   0.00000   0.00001   0.00000  -0.00298  -0.01501  -0.01035   0.00080  -0.54500   0.00700   0.00000  -0.45003   0.07284   0.09415   0.00624   0.00735  -0.46592  -0.44351  -0.45003  -0.12161  -0.04051  -0.06403
1789   0.08214   0.02053   0.01177   0.00312   0.00000   0.00001   0.00000  -0.00300  -0.01510  -0.01039   0.00081  -0.30700   0.01200   0.00000  -0.20511   0.07467   0.09611   0.01070   0.01260  -0.22163  -0.19829  -0.20511  -0.11597  -0.06293  -0.07831
1790   0.08428   0.02077   0.01185   0.00312   0.00000   0.00001   0.00000  -0.00301  -0.01522  -0.01045   0.00082  -0.06900  -0.02300   0.00000   0.00016   0.07682   0.09843  -0.02051  -0.02414  -0.01269   0.00529   0.00016  -0.07726  -0.05852  -0.06395
1791   0.08690   0.02116   0.01193   0.00312   0.00000   0.00001   0.00000  -0.00311  -0.01530  -0.01080   0.00084  -0.00800   0.01700   0.00000   0.10376   0.07930   0.10107   0.01516   0.01784   0.08646   0.11091   0.10376  -0.03931  -0.04203  -0.04124
1792   0.08978   0.02153   0.01202   0.00312   0.00000   0.00001   0.00000  -0.00312  -0.01537  -0.01084   0.00085  -0.00300  -0.02000   0.00000   0.07498   0.08244   0.10432  -0.01784  -0.02099   0.06161   0.08033   0.07498  -0.02300  -0.02715  -0.02595
1793   0.09270   0.02193   0.01210   0.00312   0.00000   0.00001   0.00000  -0.00314  -0.01544  -0.01088   0.00087  -0.00200  -0.01700   0.00000   0.08227   0.08567   0.10764  -0.01516  -0.01784   0.06851   0.08780   0.08227  -0.00932  -0.01719  -0.01491
1794   0.09558   0.02235   0.01218   0.00312   0.00000   0.00001   0.00000  -0.00315  -0.01551  -0.01092   0.00088  -0.00100  -0.04200   0.00000   0.06155   0.08887   0.11095  -0.03746  -0.04408   0.05042   0.06587   0.06155  -0.00316  -0.01004  -0.00804
1795   0.09837   0.02274   0.01226   0.00312   0.00000   0.00001   0.00000  -0.00316  -0.01556  -0.01096   0.00090  -0.00100  -0.04000   0.00000   0.06673   0.09201   0.11415  -0.03567  -0.04198   0.05534   0.07117   0.06673   0.00365  -0.00497  -0.00247
1796   0.10107   0.02311   0.01235   0.00312   0.00000   0.00001   0.00000  -0.00317  -0.01565  -0.01100   0.00091  -0.00100  -0.06100   0.00000   0.04874   0.09492   0.11720  -0.05440  -0.06403   0.03952   0.05217   0.04874   0.00567  -0.00132   0.00071
1797   0.10368   0.02351   0.01243   0.00312   0.00000   0.00001   0.00000  -0.00327  -0.01573  -0.01134   0.00093  -0.00100  -0.06100   0.00000   0.05134   0.09740   0.11985  -0.05440  -0.06403   0.04200   0.05482   0.05134   0.00885   0.00114   0.00338
1798   0.10622   0.02392   0.01252   0.00312   0.00000   0.00001   0.00000  -0.00328  -0.01580  -0.01138   0.00095  -0.00100  -0.07400   0.00000   0.04128   0.10027   0.12281  -0.06599  -0.07767   0.03328   0.04414   0.04128   0.00975   0.00303   0.00498
1799   0.10869   0.02427   0.01261   0.00312   0.00000   0.00001   0.00000  -0.00329  -0.01589  -0.01142   0.00096  -0.00100  -0.07500   0.00000   0.04304   0.10295   0.12562  -0.06689  -0.07872   0.03506   0.04590   0.04304   0.01155   0.00440   0.00647
1800   0.11110   0.02469   0.01270   0.00312   0.00000   0.00001   0.00000  -0.00341  -0.01601  -0.01181   0.00098  -0.00100  -0.08000   0.00000   0.04036   0.10509   0.12801  -0.07134  -0.08397   0.03275   0.04304   0.04036   0.01271   0.00567   0.00771
1801   0.11349   0.02520   0.01279   0.00312   0.00000   0.00001   0.00000  -0.00342  -0.01611  -0.01185   0.00100  -0.00100  -0.07400   0.00000   0.04923   0.10787   0.13091  -0.06599  -0.07767   0.04088   0.05224   0.04923   0.01572   0.00716   0.00964
1802   0.11592   0.02574   0.01288   0.00312   0.00000   0.00001   0.00000  -0.00361  -0.01625  -0.01251   0.00102  -0.00100  -0.05600   0.00000   0.06930   0.10971   0.13308  -0.04994  -0.05878   0.05877   0.07330   0.06930   0.02178   0.00983   0.01330
1803   0.11837   0.02631   0.01297   0.00312   0.00000   0.00001   0.00000  -0.00355  -0.01640  -0.01229   0.00104  -0.00100  -0.07700   0.00000   0.05159   0.11290   0.13640  -0.06867  -0.08082   0.04323   0.05458   0.05159   0.02235   0.01209   0.01507
1804   0.12082   0.02685   0.01307   0.00312   0.00000   0.00001   0.00000  -0.00356  -0.01654  -0.01235   0.00106  -0.00100  -0.09100   0.00000   0.04047   0.11564   0.13934  -0.08115  -0.09551   0.03348   0.04283   0.04047   0.02141   0.01264   0.01518
1805   0.12330   0.02737   0.01317   0.00312   0.00000   0.00001   0.00000  -0.00359  -0.01668  -0.01243   0.00108  -0.00100  -0.08600   0.00000   0.04833   0.11836   0.14226  -0.07670  -0.09026   0.04067   0.05100   0.04833   0.02298   0.01315   0.01600
1806   0.12583   0.02790   0.01327   0.00312   0.00000   0.00001   0.00000  -0.00369  -0.01683  -0.01280   0.00110  -0.00100  -0.08900   0.00000   0.04791   0.12075   0.14491  -0.07937  -0.09341   0.04038   0.05050   0.04791   0.02407   0.01406   0.01697
1807   0.12843   0.02842   0.01337   0.00312   0.00000   0.00001   0.00000  -0.00372  -0.01697  -0.01288   0.00112  -0.00100  -0.11100   0.00000   0.02890   0.12360   0.14797  -0.09899  -0.11650   0.02361   0.03046   0.02890   0.02139   0.01399   0.01613
1808   0.13113   0.02901   0.01347   0.00312   0.00000   0.00001   0.00000  -0.00374  -0.01711  -0.01294   0.00115  -0.00100  -0.11800   0.00000   0.02510   0.12666   0.15122  -0.10523  -0.12385   0.02043   0.02637   0.02510   0.01954   0.01303   0.01492
1809   0.12879   0.02967   0.01358   0.00312   0.00000   0.00001   0.00000  -0.00376  -0.01726  -0.01302   0.00117  -4.07700  -0.12700   0.00000  -4.06170   0.12472   0.14948  -0.11326  -0.13330  -4.06554  -4.06082  -4.06170  -0.84867  -0.17640  -0.37135
1810   0.12174   0.03030   0.01369   0.00312   0.00000   0.00001   0.00000  -0.00378  -0.01743  -0.01310   0.00120  -2.28700  -0.12800   0.00000  -2.27926   0.11800   0.14299  -0.11415  -0.13435  -2.28315  -2.27836  -2.27926  -0.91134  -0.42075  -0.56302
1811   0.11756   0.03075   0.01379   0.00312   0.00000   0.00001   0.00000  -0.00388  -0.01752  -0.01344   0.00122  -0.50900  -0.12800   0.00000  -0.50541   0.11371   0.13890  -0.11415  -0.13435  -0.50944  -0.50445  -0.50541  -0.65260  -0.43787  -0.50014
1812   0.11693   0.03117   0.01390   0.00312   0.00000   0.00001   0.00000  -0.00390  -0.01762  -0.01350   0.00123  -0.45400  -0.12700   0.00000  -0.44966   0.11336   0.13868  -0.11326  -0.13330  -0.45390  -0.44861  -0.44966  -0.55033  -0.37751  -0.42763
1813   0.11795   0.03172   0.01401   0.00312   0.00000   0.00001   0.00000  -0.00392  -0.01771  -0.01356   0.00126  -0.41500  -0.11800   0.00000  -0.40013   0.11479   0.14025  -0.10523  -0.12385  -0.40544  -0.39860  -0.40013  -0.48516  -0.33702  -0.37998
1814   0.12021   0.03227   0.01412   0.00312   0.00000   0.00001   0.00000  -0.00393  -0.01783  -0.01362   0.00128  -0.09900  -0.11000   0.00000  -0.07338   0.11742   0.14305  -0.09810  -0.11546  -0.07967  -0.07141  -0.07338  -0.37736  -0.29331  -0.31769
1815   0.11841   0.03297   0.01424   0.00312   0.00000   0.00001   0.00000  -0.00403  -0.01793  -0.01397   0.00130  -4.09900  -0.10100   0.00000  -4.06588   0.11579   0.14161  -0.09007  -0.10601  -4.07328  -4.06340  -4.06588  -1.16426  -0.43194  -0.64431
1816   0.11036   0.03368   0.01435   0.00312   0.00000   0.00001   0.00000  -0.00414  -0.01805  -0.01433   0.00133  -4.04500  -0.10200   0.00000  -4.02066   0.10784   0.13390  -0.09096  -0.10706  -4.02812  -4.01816  -4.02066  -1.54251  -0.71532  -0.95520
1817   0.10420   0.03410   0.01447   0.00312   0.00000   0.00001   0.00000  -0.00425  -0.01814  -0.01469   0.00135  -0.95100  -0.09800   0.00000  -0.92884   0.10151   0.12777  -0.08740  -0.10286  -0.93688  -0.92609  -0.92884  -1.15236  -0.77918  -0.88740
1818   0.10378   0.03448   0.01458   0.00312   0.00000   0.00001   0.00000  -0.00426  -0.01824  -0.01473   0.00136  -0.08700  -0.09800   0.00000  -0.06490   0.10136   0.12775  -0.08740  -0.10286  -0.07303  -0.06211  -0.06490  -0.83812  -0.65451  -0.70776
1819   0.10659   0.03502   0.01470   0.00312   0.00000   0.00001   0.00000  -0.00428  -0.01836  -0.01479   0.00139  -0.01900  -0.10900   0.00000  -0.00462   0.10453   0.13108  -0.09721  -0.11441  -0.01168  -0.00232  -0.00462  -0.65977  -0.53215  -0.56916
1820   0.11057   0.03556   0.01482   0.00312   0.00000   0.00001   0.00000  -0.00429  -0.01846  -0.01485   0.00141  -0.00500  -0.11200   0.00000   0.01088   0.10893   0.13562  -0.09988  -0.11755   0.00405   0.01306   0.01088  -0.54025  -0.44272  -0.47100
1821   0.11484   0.03611   0.01494   0.00312   0.00000   0.00001   0.00000  -0.00432  -0.01860  -0.01494   0.00143  -0.00200  -0.11400   0.00000   0.01659   0.11350   0.14039  -0.10167  -0.11965   0.00984   0.01874   0.01659  -0.45399  -0.37533  -0.39814
1822   0.11881   0.03665   0.01506   0.00312   0.00000   0.00001   0.00000  -0.00442  -0.01874  -0.01530   0.00145  -0.12600  -0.11500   0.00000  -0.10436   0.11736   0.14451  -0.10256  -0.12070  -0.11120  -0.10219  -0.10436  -0.41481  -0.32871  -0.35368
1823   0.12098   0.03718   0.01519   0.00312   0.00000   0.00001   0.00000  -0.00453  -0.01889  -0.01568   0.00147  -1.19500  -0.09700   0.00000  -1.15316   0.11937   0.14679  -0.08651  -0.10181  -1.16213  -1.15002  -1.15316  -0.59998  -0.34542  -0.41925
1824   0.12198   0.03774   0.01531   0.00312   0.00000   0.00001   0.00000  -0.00455  -0.01903  -0.01574   0.00149  -0.44200  -0.09400   0.00000  -0.39567   0.12072   0.14834  -0.08383  -0.09866  -0.40511  -0.39233  -0.39567  -0.52061  -0.36781  -0.41212
1825   0.12371   0.03829   0.01544   0.00312   0.00000   0.00001   0.00000  -0.00466  -0.01915  -0.01612   0.00152  -0.06000  -0.07300   0.00000   0.00916   0.12238   0.15023  -0.06510  -0.07662  -0.00272   0.01361   0.00916  -0.40632  -0.32850  -0.35107
1826   0.12601   0.03883   0.01558   0.00312   0.00000   0.00001   0.00000  -0.00468  -0.01929  -0.01618   0.00154  -0.01000  -0.06200   0.00000   0.07292   0.12501   0.15306  -0.05529  -0.06507   0.05971   0.07798   0.07292  -0.33007  -0.27848  -0.29344
1827   0.12846   0.03938   0.01571   0.00312   0.00000   0.00001   0.00000  -0.00479  -0.01946  -0.01657   0.00156  -0.00300  -0.05000   0.00000   0.09442   0.12729   0.15564  -0.04459  -0.05248   0.07970   0.10016   0.09442  -0.27385  -0.23708  -0.24775
1828   0.13084   0.03992   0.01585   0.00312   0.00000   0.00001   0.00000  -0.00481  -0.01960  -0.01663   0.00158  -0.00200  -0.04800   0.00000   0.10028   0.13001   0.15855  -0.04281  -0.05038   0.08520   0.10617   0.10028  -0.23089  -0.20345  -0.21141
1829   0.13303   0.04047   0.01599   0.00312   0.00000   0.00001   0.00000  -0.00483  -0.01975  -0.01671   0.00160  -0.00100  -0.04700   0.00000   0.10493   0.13253   0.16127  -0.04192  -0.04933   0.08961   0.11094   0.10493  -0.19617  -0.17584  -0.18174
1830   0.13408   0.04100   0.01614   0.00312   0.00000   0.00001   0.00000  -0.00538  -0.01992  -0.01857   0.00162  -0.73600  -0.06300   0.00000  -0.64690   0.13124   0.16062  -0.05618  -0.06612  -0.66095  -0.64151  -0.64690  -0.32740  -0.18756  -0.22811
1831   0.13275   0.04151   0.01629   0.00312   0.00000   0.00001   0.00000  -0.00531  -0.02001  -0.01833   0.00164  -1.48500  -0.06400   0.00000  -1.39733   0.13076   0.16020  -0.05708  -0.06717  -1.41132  -1.39197  -1.39733  -0.54417  -0.26290  -0.34447
1832   0.13074   0.04208   0.01644   0.00312   0.00000   0.00001   0.00000  -0.00533  -0.02013  -0.01841   0.00167  -0.48800  -0.07800   0.00000  -0.41582   0.12915   0.15877  -0.06956  -0.08187  -0.42841  -0.41110  -0.41582  -0.45345  -0.30533  -0.34829
1833   0.13015   0.04265   0.01659   0.00312   0.00000   0.00001   0.00000  -0.00544  -0.02027  -0.01877   0.00169  -0.05700  -0.07500   0.00000   0.01772   0.12851   0.15838  -0.06689  -0.07872   0.00462   0.02267   0.01772  -0.33867  -0.27172  -0.29113
1834   0.13068   0.04316   0.01675   0.00312   0.00000   0.00001   0.00000  -0.00546  -0.02039  -0.01883   0.00171  -0.01000  -0.05200   0.00000   0.08875   0.12942   0.15946  -0.04637  -0.05458   0.07304   0.09488   0.08875  -0.26584  -0.22634  -0.23780
1835   0.12975   0.04365   0.01691   0.00312   0.00000   0.00001   0.00000  -0.00556  -0.02051  -0.01920   0.00173  -1.63400  -0.02700   0.00000  -1.51111   0.12839   0.15867  -0.02408  -0.02834  -1.52969  -1.50367  -1.51111  -0.55874  -0.26422  -0.34963
1836   0.12722   0.04421   0.01708   0.00312   0.00000   0.00001   0.00000  -0.00593  -0.02066  -0.02046   0.00175  -0.91600  -0.00500   0.00000  -0.77467   0.12450   0.15525  -0.00446  -0.00525  -0.79596  -0.76600  -0.77467  -0.54065  -0.33044  -0.39140
1837   0.12601   0.04482   0.01724   0.00312   0.00000   0.00001   0.00000  -0.00596  -0.02080  -0.02054   0.00177  -0.20500   0.02600   0.00000  -0.03332   0.12371   0.15465   0.02319   0.02729  -0.05811  -0.02306  -0.03332  -0.39866  -0.30988  -0.33562
1838   0.12655   0.04539   0.01741   0.00312   0.00000   0.00001   0.00000  -0.00607  -0.02094  -0.02092   0.00180  -0.01900   0.05200   0.00000   0.17934   0.12418   0.15539   0.04637   0.05458   0.15155   0.19097   0.17934  -0.28864  -0.25339  -0.26361
1839   0.12814   0.04590   0.01759   0.00312   0.00000   0.00001   0.00000  -0.00617  -0.02109  -0.02128   0.00182  -0.00500   0.03300   0.00000   0.17604   0.12569   0.15717   0.02943   0.03464   0.15012   0.18680   0.17604  -0.22294  -0.20374  -0.20931
1840   0.13024   0.04648   0.01777   0.00312   0.00000   0.00001   0.00000  -0.00637  -0.02123  -0.02196   0.00184  -0.00200   0.01300   0.00000   0.16089   0.12730   0.15912   0.01159   0.01364   0.13689   0.17076   0.16089  -0.17872  -0.16739  -0.17068
1841   0.13256   0.04715   0.01795   0.00312   0.00000   0.00001   0.00000  -0.00648  -0.02138  -0.02232   0.00187  -0.00100  -0.00900   0.00000   0.14248   0.12971   0.16179  -0.00803  -0.00945   0.12068   0.15134   0.14248  -0.14771  -0.14032  -0.14247
1842   0.13495   0.04784   0.01814   0.00312   0.00000   0.00001   0.00000  -0.00668  -0.02152  -0.02300   0.00189  -0.00100  -0.04300   0.00000   0.11076   0.13175   0.16416  -0.03835  -0.04513   0.09240   0.11803   0.11076  -0.12802  -0.12054  -0.12271
1843   0.13735   0.04857   0.01833   0.00312   0.00000   0.00001   0.00000  -0.00679  -0.02166  -0.02337   0.00192  -0.00100  -0.05600   0.00000   0.10048   0.13427   0.16695  -0.04994  -0.05878   0.08333   0.10718   0.10048  -0.11179  -0.10574  -0.10749
1844   0.13977   0.04926   0.01853   0.00312   0.00000   0.00001   0.00000  -0.00698  -0.02183  -0.02403   0.00195  -0.00100  -0.05600   0.00000   0.10278   0.13632   0.16936  -0.04994  -0.05878   0.08538   0.10959   0.10278  -0.09651  -0.09318  -0.09414
1845   0.14225   0.04995   0.01873   0.00312   0.00000   0.00001   0.00000  -0.00736  -0.02197  -0.02531   0.00198  -0.00100  -0.04300   0.00000   0.11739   0.13759   0.17111  -0.03835  -0.04513   0.09824   0.12498   0.11739  -0.08029  -0.08134  -0.08104
1846   0.14475   0.05061   0.01893   0.00312   0.00000   0.00001   0.00000  -0.00738  -0.02209  -0.02537   0.00200  -0.04900  -0.02300   0.00000   0.09259   0.14067   0.17436  -0.02051  -0.02414   0.07116   0.10121   0.09259  -0.07255  -0.07147  -0.07179
1847   0.14701   0.05133   0.01914   0.00312   0.00000   0.00001   0.00000  -0.00766  -0.02224  -0.02632   0.00203  -0.22800  -0.01300   0.00000  -0.07458   0.14222   0.17630  -0.01159  -0.01364  -0.09738  -0.06534  -0.07458  -0.09934  -0.07158  -0.07963
1848   0.14925   0.05200   0.01935   0.00312   0.00000   0.00001   0.00000  -0.00777  -0.02236  -0.02670   0.00206  -0.02000  -0.01200   0.00000   0.13697   0.14460   0.17892  -0.01070  -0.01260   0.11390   0.14632   0.13697  -0.06419  -0.06816  -0.06701
1849   0.15180   0.05277   0.01957   0.00312   0.00000   0.00001   0.00000  -0.00805  -0.02250  -0.02765   0.00209  -0.00300   0.00100   0.00000   0.16915   0.14650   0.18122   0.00089   0.00105   0.14439   0.17927   0.16915  -0.03987  -0.05325  -0.04937
1850   0.15453   0.05332   0.01980   0.00312   0.00000   0.00001   0.00000  -0.00855  -0.02329  -0.02934   0.00211  -0.00200   0.01300   0.00000   0.18270   0.14606   0.18217   0.01159   0.01364   0.15566   0.19382   0.18270  -0.02055  -0.03946  -0.03398
1851   0.15731   0.05373   0.02002   0.00312   0.00000   0.00001   0.00100  -0.00856  -0.02339  -0.02938   0.00213  -0.00100  -0.01000   0.00000   0.16499   0.15057   0.18637  -0.00892  -0.01050   0.14065   0.17487   0.16499  -0.00910  -0.02848  -0.02286
1852   0.16001   0.05466   0.02025   0.00312   0.00000   0.00001   0.00200  -0.00891  -0.02386  -0.03057   0.00216  -0.00100  -0.01900   0.00000   0.15886   0.15313   0.18937  -0.01694  -0.01994   0.13518   0.16843   0.15886  -0.00007  -0.02030  -0.01444
1853   0.16266   0.05539   0.02049   0.00312   0.00000   0.00001   0.00400  -0.00911  -0.02398  -0.03122   0.00219  -0.00400  -0.02800   0.00000   0.15155   0.15822   0.19390  -0.02497  -0.02939   0.12925   0.16051   0.15155   0.00692  -0.01370  -0.00772
1854   0.16508   0.05639   0.02073   0.00312   0.00000   0.00001   0.00500  -0.01001  -0.02415  -0.03426   0.00223  -0.20600  -0.03800   0.00000  -0.05987   0.15846   0.19461  -0.03389  -0.03988  -0.08143  -0.05127  -0.05987  -0.03113  -0.01782  -0.02168
1855   0.16735   0.05700   0.02097   0.00312   0.00000   0.00001   0.00600  -0.01021  -0.02427  -0.03491   0.00226  -0.04400  -0.04900   0.00000   0.09432   0.16175   0.19777  -0.04370  -0.05143   0.07405   0.10234   0.09432  -0.01477  -0.02240  -0.02019
1856   0.16979   0.05762   0.02122   0.00312   0.00000   0.00001   0.00700  -0.01068  -0.02446  -0.03648   0.00228  -0.04200  -0.05000   0.00000   0.09741   0.16372   0.19991  -0.04459  -0.05248   0.07713   0.10543   0.09741  -0.00780  -0.01766  -0.01480
1857   0.17222   0.05860   0.02148   0.00312   0.00000   0.00001   0.00800  -0.01079  -0.02465  -0.03687   0.00232  -0.12000  -0.03900   0.00000   0.03443   0.16781   0.20389  -0.03478  -0.04093   0.01303   0.04296   0.03443  -0.01628  -0.01661  -0.01652
1858   0.17471   0.05935   0.02174   0.00312   0.00000   0.00001   0.00900  -0.01092  -0.02485  -0.03728   0.00235  -0.01700  -0.02700   0.00000   0.15323   0.17168   0.20767  -0.02408  -0.02834   0.13060   0.16233   0.15323   0.00617  -0.01273  -0.00725
1859   0.17741   0.06026   0.02200   0.00312   0.00000   0.00001   0.01100  -0.01139  -0.02504  -0.03885   0.00239  -0.00300  -0.02100   0.00000   0.17690   0.17554   0.21126  -0.01873  -0.02204   0.15382   0.18622   0.17690   0.02287  -0.00279   0.00465
1860   0.18024   0.06105   0.02227   0.00312   0.00000   0.00001   0.01200  -0.01213  -0.02525  -0.04132   0.00242  -0.00200  -0.00700   0.00000   0.19340   0.17675   0.21288  -0.00624  -0.00735   0.16851   0.20353   0.19340   0.03737   0.00678   0.01565
1861   0.18318   0.06194   0.02255   0.00312   0.00000   0.00001   0.01300  -0.01252  -0.02549  -0.04263   0.00245  -0.00100   0.00400   0.00000   0.20860   0.17983   0.21613   0.00357   0.00420   0.18240   0.21933   0.20860   0.05099   0.01592   0.02609
1862   0.18611   0.06271   0.02283   0.00312   0.00000   0.00001   0.01400  -0.01256  -0.02530  -0.04276   0.00248  -0.00100  -0.00200   0.00000   0.20763   0.18532   0.22097  -0.00178  -0.00210   0.18254   0.21787   0.20763   0.06118   0.02406   0.03483
1863   0.18899   0.06364   0.02312   0.00312   0.00000   0.00001   0.01500  -0.01321  -0.02549  -0.04491   0.00252  -0.00100  -0.01700   0.00000   0.19479   0.18726   0.22321  -0.01516  -0.01784   0.17110   0.20437   0.19479   0.06697   0.03022   0.04088
1864   0.19185   0.06435   0.02341   0.00312   0.00000   0.00001   0.01700  -0.01404  -0.02568  -0.04764   0.00255  -0.00100  -0.03100   0.00000   0.18291   0.18937   0.22534  -0.02765  -0.03254   0.16073   0.19180   0.18291   0.07039   0.03445   0.04487
1865   0.19464   0.06540   0.02371   0.00312   0.00000   0.00001   0.01800  -0.01469  -0.02588  -0.04979   0.00259  -0.00100  -0.03800   0.00000   0.17810   0.19135   0.22762  -0.03389  -0.03988   0.15646   0.18674   0.17810   0.07337   0.03761   0.04798
1866   0.19740   0.06649   0.02401   0.00312   0.00000   0.00001   0.01900  -0.01498  -0.02604  -0.05076   0.00263  -0.00100  -0.04400   0.00000   0.17587   0.19511   0.23139  -0.03924  -0.04618   0.15487   0.18421   0.17587   0.07631   0.04035   0.05078
1867   0.20023   0.06713   0.02431   0.00312   0.00000   0.00001   0.02000  -0.01572  -0.02623  -0.05317   0.00266  -0.00100  -0.04500   0.00000   0.17633   0.19631   0.23296  -0.04013  -0.04723   0.15518   0.18473   0.17633   0.07940   0.04295   0.05352
1868   0.20320   0.06813   0.02462   0.00312   0.00000   0.00001   0.02100  -0.01610  -0.02640  -0.05443   0.00270  -0.00100  -0.03500   0.00000   0.18986   0.19978   0.23651  -0.03121  -0.03674   0.16757   0.19877   0.18986   0.08509   0.04611   0.05741
1869   0.20633   0.06878   0.02494   0.00312   0.00000   0.00001   0.02200  -0.01684  -0.02659  -0.05685   0.00272  -0.00100  -0.01900   0.00000   0.20762   0.20128   0.23839  -0.01694  -0.01994   0.18333   0.21744   0.20762   0.09285   0.05043   0.06273
1870   0.20963   0.06985   0.02526   0.00312   0.00000   0.00001   0.02400  -0.01731  -0.02676  -0.05840   0.00277  -0.00100  -0.00800   0.00000   0.22316   0.20602   0.24284  -0.00713  -0.00840   0.19789   0.23344   0.22316   0.10165   0.05566   0.06900
1871   0.21320   0.07092   0.02559   0.00312   0.00000   0.00001   0.02500  -0.01826  -0.02710  -0.06150   0.00281  -0.00100   0.02200   0.00000   0.25478   0.20713   0.24467   0.01962   0.02309   0.22575   0.26676   0.25478   0.11412   0.06223   0.07728
1872   0.21740   0.07157   0.02592   0.00312   0.00000   0.00001   0.02600  -0.01993  -0.02786  -0.06688   0.00283  -0.00100   0.02000   0.00000   0.25119   0.20424   0.24360   0.01784   0.02099   0.22107   0.26359   0.25119   0.12185   0.06891   0.08426
1873   0.22220   0.07256   0.02627   0.00312   0.00000   0.00001   0.02700  -0.02087  -0.02815  -0.06991   0.00287  -0.00100   0.02200   0.00000   0.25610   0.20669   0.24671   0.01962   0.02309   0.22531   0.26880   0.25610   0.12934   0.07448   0.09039
1874   0.22724   0.07321   0.02661   0.00312   0.00000   0.00001   0.02800  -0.02000  -0.02829  -0.06711   0.00290  -0.00100   0.00100   0.00000   0.24569   0.21794   0.25703   0.00089   0.00105   0.21783   0.25708   0.24569   0.13374   0.07898   0.09486
1875   0.23252   0.07428   0.02696   0.00312   0.00000   0.00001   0.03000  -0.02129  -0.02858  -0.07129   0.00294  -0.00100  -0.01700   0.00000   0.23068   0.22057   0.26015  -0.01516  -0.01784   0.20441   0.24131   0.23068   0.13496   0.08177   0.09719
1876   0.23810   0.07534   0.02732   0.00312   0.00000   0.00001   0.03100  -0.02161  -0.02880  -0.07229   0.00298  -0.00100  -0.04000   0.00000   0.21418   0.22702   0.26668  -0.03567  -0.04198   0.19035   0.22370   0.21418   0.13408   0.08300   0.09781
1877   0.24391   0.07601   0.02768   0.00312   0.00000   0.00001   0.03200  -0.02191  -0.02904  -0.07327   0.00301  -0.00100  -0.05600   0.00000   0.20453   0.23329   0.27306  -0.04994  -0.05878   0.18235   0.21328   0.20453   0.13293   0.08328   0.09768
1878   0.24994   0.07697   0.02805   0.00312   0.00000   0.00001   0.03300  -0.02212  -0.02925  -0.07394   0.00305  -0.00100  -0.06300   0.00000   0.20483   0.24059   0.28036  -0.05618  -0.06612   0.18341   0.21323   0.20483   0.13323   0.08355   0.09796
1879   0.25622   0.07765   0.02843   0.00312   0.00000   0.00001   0.03400  -0.02343  -0.02951  -0.07813   0.00308  -0.00100  -0.06400   0.00000   0.20643   0.24255   0.28323  -0.05708  -0.06717   0.18447   0.21505   0.20643   0.13415   0.08426   0.09873
1880   0.26282   0.07866   0.02881   0.00312   0.00000   0.00001   0.03500  -0.02585  -0.02985  -0.08579   0.00312  -0.00100  -0.07000   0.00000   0.19904   0.23984   0.28237  -0.06243  -0.07347   0.17641   0.20790   0.19904   0.13357   0.08487   0.09899
1881   0.26991   0.07981   0.02919   0.00312   0.00000   0.00001   0.03700  -0.02656  -0.03028  -0.08803   0.00316  -0.00100  -0.05300   0.00000   0.22332   0.24697   0.28972  -0.04727  -0.05563   0.19870   0.23310   0.22332   0.13879   0.08643   0.10161
1882   0.27682   0.08089   0.02958   0.00312   0.00000   0.00001   0.03800  -0.02773  -0.03021  -0.09170   0.00320  -0.00100  -0.05700   0.00000   0.22398   0.25135   0.29449  -0.05083  -0.05983   0.19952   0.23366   0.22398   0.14226   0.08902   0.10446
1883   0.28233   0.08218   0.02997   0.00312   0.00000   0.00001   0.03900  -0.02923  -0.03050  -0.09643   0.00326  -0.73100  -0.06500   0.00000  -0.51230   0.25230   0.29653  -0.05797  -0.06822  -0.53667  -0.50269  -0.51230  -0.01124   0.05724   0.03738
1884   0.28485   0.08323   0.03036   0.00312   0.00000   0.00001   0.04000  -0.02954  -0.03071  -0.09738   0.00330  -2.10800  -0.04400   0.00000  -1.86477   0.25577   0.30007  -0.03924  -0.04618  -1.89147  -1.85411  -1.86477  -0.37561  -0.06201  -0.15295
1885   0.28634   0.08395   0.03075   0.00312   0.00000   0.00001   0.04100  -0.02985  -0.03090  -0.09833   0.00333  -0.70600  -0.04200   0.00000  -0.45859   0.25792   0.30227  -0.03746  -0.04408  -0.48554  -0.44781  -0.45859  -0.27655  -0.14667  -0.18433
1886   0.28981   0.08473   0.03114   0.00312   0.00000   0.00001   0.04200  -0.03025  -0.03112  -0.09959   0.00336  -0.13400  -0.04300   0.00000   0.11621   0.26162   0.30611  -0.03835  -0.04513   0.08927   0.12698   0.11621  -0.14587  -0.12001  -0.12751
1887   0.29455   0.08580   0.03154   0.00312   0.00000   0.00001   0.04400  -0.03148  -0.03136  -0.10342   0.00340  -0.01400  -0.05100   0.00000   0.23115   0.26428   0.30917  -0.04548  -0.05353   0.20480   0.24164   0.23115  -0.06293  -0.07442  -0.07109
1888   0.29968   0.08689   0.03194   0.00312   0.00000   0.00001   0.04500  -0.03450  -0.03167  -0.11269   0.00344  -0.00400  -0.05500   0.00000   0.23222   0.25772   0.30490  -0.04905  -0.05773   0.20467   0.24317   0.23222  -0.01446  -0.03853  -0.03155
1889   0.30475   0.08798   0.03234   0.00312   0.00000   0.00001   0.04600  -0.03452  -0.03184  -0.11276   0.00349  -0.00200  -0.05500   0.00000   0.24156   0.26521   0.31218  -0.04905  -0.05773   0.21416   0.25246   0.24156   0.02088  -0.01222  -0.00262
1890   0.30894   0.08895   0.03274   0.00312   0.00000   0.00001   0.04700  -0.03780  -0.02884  -0.12274   0.00352  -0.63200  -0.04300   0.00000  -0.38010   0.26274   0.30803  -0.03835  -0.04513  -0.40760  -0.36910  -0.38010  -0.08554  -0.02062  -0.03944
1891   0.31236   0.09018   0.03315   0.00312   0.00000   0.00001   0.04800  -0.03951  -0.02930  -0.12790   0.00357  -0.40800  -0.03100   0.00000  -0.14532   0.26049   0.30724  -0.02765  -0.03254  -0.17516  -0.13330  -0.14532  -0.08348  -0.04352  -0.05511
1892   0.31603   0.09171   0.03356   0.00312   0.00000   0.00001   0.05000  -0.04122  -0.02973  -0.13302   0.00363  -0.11400  -0.02300   0.00000   0.15710   0.26020   0.30795  -0.02051  -0.02414   0.12569   0.16981   0.15710  -0.02573  -0.03472  -0.03212
1893   0.32008   0.09288   0.03398   0.00312   0.00000   0.00001   0.05100  -0.04293  -0.03018  -0.13813   0.00368  -0.01200  -0.00100   0.00000   0.28049   0.25855   0.30777  -0.00089  -0.00105   0.24566   0.29472   0.28049   0.02716  -0.00928   0.00129
1894   0.32437   0.09389   0.03441   0.00312   0.00000   0.00001   0.05200  -0.04464  -0.03064  -0.14320   0.00372  -0.00400   0.02900   0.00000   0.31804   0.25706   0.30774   0.02586   0.03044   0.27892   0.33417   0.31804   0.06611   0.01646   0.03086
1895   0.32890   0.09504   0.03485   0.00312   0.00000   0.00001   0.05300  -0.04635  -0.03107  -0.14824   0.00377  -0.00200   0.03200   0.00000   0.32303   0.25603   0.30814   0.02854   0.03359   0.28257   0.33973   0.32303   0.09391   0.03780   0.05407
1896   0.33350   0.09660   0.03529   0.00312   0.00000   0.00001   0.05400  -0.04806  -0.03152  -0.15324   0.00383  -0.00100   0.02100   0.00000   0.31352   0.25548   0.30905   0.01873   0.02204   0.27321   0.33010   0.31352   0.11302   0.05428   0.07131
1897   0.33813   0.09768   0.03574   0.00312   0.00000   0.00001   0.05500  -0.04977  -0.03198  -0.15822   0.00387  -0.00100  -0.01000   0.00000   0.28258   0.25450   0.30954  -0.00892  -0.01050   0.24458   0.29804   0.28258   0.12262   0.06576   0.08225
1898   0.34286   0.09881   0.03619   0.00312   0.00000   0.00001   0.05700  -0.05148  -0.03241  -0.16317   0.00392  -0.00100  -0.02400   0.00000   0.26984   0.25506   0.31109  -0.02140  -0.02519   0.23265   0.28490   0.26984   0.12982   0.07348   0.08982
1899   0.34785   0.10031   0.03665   0.00312   0.00000   0.00001   0.05800  -0.05318  -0.03286  -0.16809   0.00398  -0.00100  -0.02800   0.00000   0.26678   0.25495   0.31245  -0.02497  -0.02939   0.22898   0.28207   0.26678   0.13644   0.07963   0.09611
1900   0.35313   0.10151   0.03712   0.00312   0.00000   0.00001   0.05900  -0.05489  -0.03332  -0.17298   0.00402  -0.00100  -0.04300   0.00000   0.25271   0.25484   0.31381  -0.03835  -0.04513   0.21549   0.26767   0.25271   0.13997   0.08442   0.10053
1901   0.35898   0.10354   0.03759   0.00312   0.00000   0.00001   0.06000  -0.05754  -0.03370  -0.18049   0.00410  -0.00100  -0.05400   0.00000   0.24060   0.25225   0.31331  -0.04816  -0.05668   0.20309   0.25563   0.24060   0.14170   0.08765   0.10332
1902   0.36499   0.10573   0.03807   0.00312   0.00000   0.00001   0.06100  -0.06017  -0.03409  -0.18792   0.00419  -0.33600  -0.05900   0.00000  -0.10009   0.25007   0.31323  -0.05262  -0.06193  -0.13855  -0.08470  -0.10009   0.07218   0.07455   0.07387
1903   0.36917   0.10786   0.03855   0.00312   0.00000   0.00001   0.06300  -0.06282  -0.03447  -0.19531   0.00427  -1.70500  -0.05600   0.00000  -1.46761   0.24737   0.31219  -0.04994  -0.05878  -1.50757  -1.45159  -1.46761  -0.25193  -0.01313  -0.08238
1904   0.37275   0.11015   0.03904   0.00312   0.00000   0.00001   0.06400  -0.06545  -0.03485  -0.20261   0.00437  -0.60300  -0.03100   0.00000  -0.34348   0.24301   0.30992  -0.02765  -0.03254  -0.38763  -0.32562  -0.34348  -0.18418  -0.08789  -0.11581
1905   0.37828   0.11264   0.03954   0.00312   0.00000   0.00001   0.06500  -0.06810  -0.03523  -0.20987   0.00446  -0.08000  -0.06600   0.00000   0.14385   0.24086   0.30986  -0.05886  -0.06927   0.10200   0.16059   0.14385  -0.07952  -0.06961  -0.07248
1906   0.38546   0.11518   0.04005   0.00312   0.00000   0.00001   0.06600  -0.07073  -0.03562  -0.21705   0.00457  -0.01300  -0.01900   0.00000   0.25898   0.24050   0.31159  -0.01694  -0.01994   0.21055   0.27865   0.25898  -0.01026  -0.03270  -0.02620
1907   0.39340   0.11739   0.04056   0.00312   0.00000   0.00001   0.06700  -0.07337  -0.03600  -0.22419   0.00465  -0.12600  -0.04300   0.00000   0.12356   0.24059   0.31379  -0.03835  -0.04513   0.07625   0.14265   0.12356   0.00194  -0.00878  -0.00567
1908   0.40136   0.11990   0.04108   0.00312   0.00000   0.00001   0.06800  -0.07601  -0.03641  -0.23125   0.00475  -0.04700  -0.02100   0.00000   0.22654   0.24107   0.31639  -0.01873  -0.02204   0.17534   0.24734   0.22654   0.03669   0.00703   0.01563
1909   0.40930   0.12264   0.04160   0.00312   0.00000   0.00001   0.07000  -0.07865  -0.03679  -0.23828   0.00486  -0.00700  -0.04400   0.00000   0.24681   0.24316   0.32014  -0.03924  -0.04618   0.19692   0.26695   0.24681   0.06290   0.02487   0.03590
1910   0.41737   0.12511   0.04213   0.00312   0.00000   0.00001   0.07100  -0.08129  -0.03717  -0.24523   0.00496  -0.00200  -0.04400   0.00000   0.25401   0.24387   0.32294  -0.03924  -0.04618   0.20263   0.27476   0.25401   0.08258   0.03981   0.05221
1911   0.42503   0.12736   0.04267   0.00313   0.00001   0.00001   0.07200  -0.08265  -0.03756  -0.24878   0.00505  -0.00100  -0.05100   0.00000   0.25426   0.24934   0.32950  -0.04548  -0.05353   0.20286   0.27498   0.25426   0.09768   0.05195   0.06521
1912   0.43169   0.12980   0.04322   0.00314   0.00002   0.00001   0.07300  -0.08400  -0.03796  -0.25230   0.00515  -0.26500  -0.05200   0.00000  -0.00527   0.25401   0.33530  -0.04637  -0.05458  -0.05736   0.01572  -0.00527   0.05458   0.04984   0.05121
1913   0.43763   0.13256   0.04377   0.00315   0.00003   0.00001   0.07400  -0.08536  -0.03835  -0.25583   0.00526  -0.22900  -0.03900   0.00000   0.04884   0.25835   0.34074  -0.03478  -0.04093  -0.00543   0.07080   0.04884   0.04771   0.03983   0.04211
1914   0.44314   0.13548   0.04434   0.00316   0.00004   0.00001   0.07600  -0.08671  -0.03875  -0.25932   0.00537  -0.03100  -0.01700   0.00000   0.27472   0.26373   0.34681  -0.01516  -0.01784   0.21757   0.29797   0.27472   0.08975   0.04623   0.05885
1915   0.44837   0.13823   0.04491   0.00317   0.00005   0.00001   0.07700  -0.08806  -0.03914  -0.26282   0.00548  -0.00500   0.00400   0.00000   0.32615   0.26738   0.35156   0.00357   0.00420   0.26595   0.35076   0.32615   0.12083   0.06382   0.08035
1916   0.45395   0.14112   0.04549   0.00318   0.00006   0.00001   0.07800  -0.08941  -0.03952  -0.26629   0.00560  -0.00200   0.06200   0.00000   0.39213   0.27159   0.35686   0.05529   0.06507   0.32488   0.41994   0.39213   0.15372   0.08230   0.10301
1917   0.46007   0.14385   0.04608   0.00320   0.00008   0.00001   0.07900  -0.09077  -0.03993  -0.26976   0.00571  -0.00100   0.05100   0.00000   0.38745   0.27610   0.36251   0.04548   0.05353   0.32058   0.41504   0.38745   0.17491   0.09934   0.12126
1918   0.46624   0.14678   0.04669   0.00321   0.00009   0.00001   0.08000  -0.09212  -0.04031  -0.27320   0.00582  -0.00100   0.08300   0.00000   0.42512   0.28100   0.36850   0.07402   0.08712   0.35402   0.45461   0.42512   0.19866   0.11435   0.13880
1919   0.47186   0.14996   0.04730   0.00325   0.00013   0.00001   0.08100  -0.09348  -0.04072  -0.27664   0.00595  -0.00100   0.04000   0.00000   0.38750   0.28557   0.37420   0.03567   0.04198   0.32024   0.41519   0.38750   0.20870   0.12650   0.15034
1920   0.47755   0.15289   0.04791   0.00331   0.00019   0.00001   0.08300  -0.09483  -0.04110  -0.28005   0.00606  -0.00100   0.01700   0.00000   0.37076   0.29136   0.38065   0.01516   0.01784   0.30552   0.39750   0.37076   0.21544   0.13410   0.15769
1921   0.48356   0.15553   0.04854   0.00337   0.00025   0.00001   0.08400  -0.09634  -0.04163  -0.28386   0.00617  -0.00400  -0.01600   0.00000   0.33933   0.29494   0.38564  -0.01427  -0.01679   0.27667   0.36484   0.33933   0.21624   0.13867   0.16117
1922   0.48931   0.15847   0.04916   0.00344   0.00032   0.00001   0.08500  -0.09786  -0.04213  -0.28765   0.00629  -0.13000  -0.03700   0.00000   0.19703   0.29866   0.39073  -0.03300  -0.03883   0.13567   0.22190   0.19703   0.18943   0.13509   0.15085
1923   0.49565   0.16154   0.04979   0.00351   0.00039   0.00001   0.08600  -0.09937  -0.04263  -0.29143   0.00641  -0.01300  -0.04100   0.00000   0.31547   0.30313   0.39657  -0.03656  -0.04303   0.25356   0.34054   0.31547   0.20274   0.13233   0.15275
1924   0.50271   0.16453   0.05043   0.00358   0.00046   0.00001   0.08700  -0.10088  -0.04316  -0.29518   0.00653  -0.00300  -0.04400   0.00000   0.32856   0.30822   0.40306  -0.03924  -0.04618   0.26598   0.35388   0.32856   0.21101   0.13708   0.15852
1925   0.50983   0.16754   0.05106   0.00367   0.00055   0.00001   0.08900  -0.10240  -0.04366  -0.29892   0.00665  -0.00200  -0.03600   0.00000   0.34477   0.31477   0.41055  -0.03211  -0.03779   0.28066   0.37076   0.34477   0.21988   0.14224   0.16475
1926   0.51700   0.17055   0.05169   0.00376   0.00064   0.00001   0.09000  -0.10391  -0.04416  -0.30265   0.00677  -0.00100  -0.02000   0.00000   0.36804   0.32006   0.41722  -0.01784  -0.02099   0.30123   0.39522   0.36804   0.23070   0.14833   0.17222
1927   0.52478   0.17348   0.05233   0.00386   0.00074   0.00001   0.09100  -0.10543  -0.04467  -0.30636   0.00688  -0.00100   0.02300   0.00000   0.41788   0.32592   0.42445   0.02051   0.02414   0.34544   0.44759   0.41788   0.24801   0.15672   0.18320
1928   0.53296   0.17651   0.05296   0.00396   0.00084   0.00001   0.09200  -0.10694  -0.04519  -0.31006   0.00701  -0.09300  -0.00100   0.00000   0.30921   0.33226   0.43219  -0.00089  -0.00105   0.23837   0.33814   0.30921   0.23677   0.16072   0.18278
1929   0.54078   0.17940   0.05359   0.00408   0.00096   0.00001   0.09300  -0.10845  -0.04569  -0.31373   0.00712  -0.30900  -0.00800   0.00000   0.09309   0.33816   0.43947  -0.00713  -0.00840   0.02203   0.12207   0.09309   0.18819   0.14933   0.16060
1930   0.54808   0.18198   0.05421   0.00421   0.00109   0.00001   0.09400  -0.10997  -0.04620  -0.31739   0.00722  -0.12800   0.00500   0.00000   0.29316   0.34326   0.44593   0.00446   0.00525   0.21971   0.32318   0.29316   0.20620   0.14102   0.15992
1931   0.55458   0.18480   0.05483   0.00434   0.00122   0.00001   0.09600  -0.11112  -0.04668  -0.32018   0.00734  -0.13700  -0.01700   0.00000   0.26991   0.35056   0.45387  -0.01516  -0.01784   0.19840   0.29903   0.26991   0.20689   0.14340   0.16181
1932   0.56012   0.18736   0.05544   0.00449   0.00137   0.00001   0.09700  -0.11229  -0.04716  -0.32298   0.00744  -0.03700  -0.03200   0.00000   0.36044   0.35534   0.45971  -0.02854  -0.03359   0.28980   0.38912   0.36044   0.22701   0.14807   0.17096
1933   0.56510   0.19018   0.05604   0.00466   0.00154   0.00001   0.09800  -0.11344  -0.04763  -0.32575   0.00755  -0.00500  -0.03200   0.00000   0.39770   0.35984   0.46528  -0.02854  -0.03359   0.32630   0.42669   0.39770   0.24518   0.15750   0.18292
1934   0.57001   0.19273   0.05663   0.00484   0.00172   0.00001   0.09900  -0.11460  -0.04809  -0.32851   0.00765  -0.00200  -0.01200   0.00000   0.42566   0.36406   0.47054  -0.01070  -0.01260   0.35136   0.45595   0.42566   0.26211   0.16761   0.19502
1935   0.57496   0.19507   0.05720   0.00503   0.00191   0.00001   0.10000  -0.11576  -0.04857  -0.33127   0.00774  -0.00100   0.01100   0.00000   0.45440   0.36804   0.47559   0.00981   0.01155   0.37685   0.48613   0.45440   0.27933   0.17810   0.20746
1936   0.58015   0.19758   0.05775   0.00524   0.00212   0.00001   0.10200  -0.11692  -0.04905  -0.33402   0.00784  -0.00100   0.06000   0.00000   0.50958   0.37377   0.48195   0.05351   0.06298   0.42628   0.54392   0.50958   0.30226   0.19031   0.22277
1937   0.58524   0.19992   0.05828   0.00546   0.00234   0.00001   0.10300  -0.11808  -0.04952  -0.33675   0.00794  -0.00100   0.04700   0.00000   0.50149   0.37792   0.48717   0.04192   0.04933   0.41884   0.53550   0.50149   0.31620   0.20214   0.23522
1938   0.58934   0.20241   0.05879   0.00570   0.00258   0.00001   0.10400  -0.11924  -0.04998  -0.33949   0.00804  -0.00100   0.06100   0.00000   0.51956   0.38126   0.49154   0.05440   0.06403   0.43466   0.55457   0.51956   0.33092   0.21212   0.24657
1939   0.59257   0.20469   0.05927   0.00595   0.00283   0.00001   0.10500  -0.12040  -0.05046  -0.34221   0.00813  -0.00100   0.06500   0.00000   0.52655   0.38349   0.49484   0.05797   0.06822   0.44046   0.56206   0.52655   0.34349   0.22157   0.25692
1940   0.59572   0.20718   0.05975   0.00621   0.00309   0.00001   0.10600  -0.12156  -0.05094  -0.34492   0.00823  -0.00100   0.05300   0.00000   0.51768   0.38586   0.49828   0.04727   0.05563   0.43213   0.55291   0.51768   0.35177   0.22935   0.26486
1941   0.59872   0.20995   0.06024   0.00649   0.00337   0.00001   0.10700  -0.12453  -0.05149  -0.35185   0.00834  -0.00100   0.02000   0.00000   0.48186   0.38122   0.49621   0.01784   0.02099   0.39806   0.51620   0.48186   0.35199   0.23395   0.26819
1942   0.60115   0.21248   0.06078   0.00678   0.00366   0.00001   0.10900  -0.12751  -0.05206  -0.35873   0.00844  -0.00100  -0.00800   0.00000   0.45133   0.37715   0.49430  -0.00713  -0.00840   0.36902   0.48490   0.45133   0.34856   0.23520   0.26807
1943   0.60314   0.21473   0.06135   0.00709   0.00397   0.00001   0.11000  -0.13048  -0.05261  -0.36554   0.00853  -0.00100  -0.02500   0.00000   0.43022   0.37122   0.49093  -0.02230  -0.02624   0.34793   0.46369   0.43022   0.34400   0.23458   0.26631
1944   0.60490   0.21724   0.06194   0.00741   0.00429   0.00001   0.11100  -0.13346  -0.05316  -0.37231   0.00863  -0.00100  -0.00200   0.00000   0.44920   0.36539   0.48767  -0.00178  -0.00210   0.36260   0.48457   0.44920   0.34597   0.23475   0.26701
1945   0.60582   0.21987   0.06255   0.00776   0.00464   0.00001   0.11200  -0.13644  -0.05374  -0.37903   0.00873  -0.00100   0.03700   0.00000   0.48354   0.35887   0.48375   0.03300   0.03883   0.39087   0.52159   0.48354   0.35408   0.23790   0.27159
1946   0.60637   0.22239   0.06317   0.00812   0.00500   0.00001   0.11300  -0.13941  -0.05429  -0.38568   0.00883  -0.00100   0.03300   0.00000   0.47452   0.35203   0.47947   0.02943   0.03464   0.38046   0.51311   0.47452   0.35745   0.24179   0.27533
1947   0.60801   0.22551   0.06383   0.00849   0.00537   0.00002   0.11500  -0.14239  -0.05486  -0.39229   0.00896  -0.00100   0.06300   0.00000   0.50227   0.34825   0.47785   0.05618   0.06612   0.40343   0.54298   0.50227   0.36600   0.24596   0.28077
1948   0.61097   0.22851   0.06452   0.00887   0.00575   0.00002   0.11600  -0.14536  -0.05541  -0.39884   0.00908  -0.00100   0.13900   0.00000   0.57635   0.34451   0.47668   0.12396   0.14589   0.46747   0.62157   0.57635   0.38615   0.25426   0.29251
1949   0.61448   0.23162   0.06523   0.00929   0.00617   0.00002   0.11700  -0.14834  -0.05596  -0.40536   0.00920  -0.00100   0.09700   0.00000   0.53319   0.34153   0.47626   0.08651   0.10181   0.42703   0.57707   0.53319   0.39036   0.26223   0.29939
1950   0.61897   0.23507   0.06596   0.00973   0.00661   0.00002   0.11800  -0.15131  -0.05654  -0.41182   0.00934  -0.00100   0.08700   0.00000   0.52341   0.33990   0.47724   0.07759   0.09131   0.41649   0.56755   0.52341   0.39337   0.26621   0.30309
1951   0.62474   0.23864   0.06670   0.01024   0.00712   0.00002   0.12500  -0.15820  -0.05781  -0.42659   0.00948  -0.00100   0.01500   0.00000   0.44624   0.33197   0.47319   0.01338   0.01574   0.34435   0.48793   0.44624   0.38153   0.26583   0.29938
1952   0.63109   0.24251   0.06745   0.01079   0.00767   0.00002   0.13200  -0.16508  -0.05908  -0.44110   0.00964  -0.00100   0.02100   0.00000   0.44823   0.32521   0.47031   0.01873   0.02204   0.34294   0.49136   0.44823   0.37662   0.26276   0.29578
1953   0.63804   0.24697   0.06820   0.01139   0.00827   0.00002   0.13800  -0.17197  -0.06037  -0.45538   0.00981  -0.03800   0.01100   0.00000   0.39772   0.31860   0.46806   0.00981   0.01155   0.29041   0.44160   0.39772   0.36324   0.25882   0.28910
1954   0.64571   0.25123   0.06898   0.01207   0.00895   0.00002   0.14500  -0.17885  -0.06164  -0.46942   0.00998  -0.04600   0.02600   0.00000   0.40309   0.31421   0.46756   0.02319   0.02729   0.29140   0.44885   0.40309   0.35699   0.25420   0.28400
1955   0.65474   0.25572   0.06978   0.01285   0.00973   0.00002   0.15200  -0.18573  -0.06293  -0.48324   0.01016  -0.00700   0.06500   0.00000   0.48137   0.31172   0.46898   0.05797   0.06822   0.36268   0.53020   0.48137   0.36861   0.25492   0.28789
1956   0.66536   0.26039   0.07059   0.01377   0.01065   0.00002   0.15900  -0.19262  -0.06420  -0.49683   0.01035  -0.00200   0.06500   0.00000   0.48883   0.31142   0.47256   0.05797   0.06822   0.36738   0.53879   0.48883   0.37550   0.25946   0.29311
1957   0.67700   0.26534   0.07140   0.01485   0.01173   0.00002   0.16600  -0.19950  -0.06549  -0.51023   0.01055  -0.00100   0.12100   0.00000   0.54993   0.31273   0.47779   0.10791   0.12700   0.41964   0.60380   0.54993   0.39183   0.26606   0.30253
1958   0.68943   0.27034   0.07220   0.01613   0.01301   0.00003   0.17200  -0.20639  -0.06676  -0.52341   0.01075  -0.00100   0.16300   0.00000   0.59631   0.31405   0.48344   0.14537   0.17108   0.45842   0.65352   0.59631   0.41070   0.27613   0.31516
1959   0.70228   0.27526   0.07298   0.01766   0.01454   0.00003   0.17900  -0.21327  -0.06803  -0.53639   0.01094  -0.00100   0.14200   0.00000   0.58147   0.31745   0.49072   0.12664   0.14904   0.44309   0.63876   0.58147   0.42016   0.28532   0.32442
1960   0.71840   0.28064   0.07377   0.01950   0.01638   0.00003   0.18600  -0.22015  -0.06932  -0.54918   0.01116  -0.00100   0.16100   0.00000   0.61085   0.32505   0.50223   0.14358   0.16898   0.46763   0.67022   0.61085   0.43369   0.29330   0.33401
1961   0.73128   0.28599   0.07457   0.02178   0.01866   0.00003   0.19300  -0.22886  -0.07035  -0.56508   0.01137  -0.00100   0.13700   0.00000   0.58973   0.32439   0.50656   0.12218   0.14379   0.44556   0.64936   0.58973   0.43893   0.30022   0.34044
1962   0.74324   0.29174   0.07543   0.02448   0.02131   0.00003   0.20000  -0.23756  -0.07140  -0.58069   0.01160  -0.00100   0.07000   0.00000   0.52586   0.32395   0.51115   0.06243   0.07347   0.38537   0.58362   0.52586   0.43167   0.30205   0.33964
1963   0.75470   0.29737   0.07636   0.02766   0.02442   0.00004   0.20600  -0.24627  -0.07243  -0.59604   0.01183  -0.91900   0.03600   0.00000  -0.42378   0.32244   0.51508   0.03211   0.03779  -0.56445  -0.36613  -0.42378   0.22830   0.25733   0.24892
1964   0.76583   0.30301   0.07737   0.03138   0.02804   0.00005   0.21300  -0.25497  -0.07349  -0.61111   0.01205  -0.73300   0.01600   0.00000  -0.25387   0.32279   0.52045   0.01427   0.01679  -0.39594  -0.19576  -0.25387   0.16151   0.18939   0.18130
1965   0.77582   0.30928   0.07848   0.03566   0.03223   0.00005   0.22000  -0.26368  -0.07451  -0.62592   0.01230  -0.16800   0.00500   0.00000   0.30448   0.32360   0.52625   0.00446   0.00525   0.16006   0.36350   0.30448   0.22641   0.17318   0.18862
1966   0.79324   0.31534   0.07968   0.04053   0.03702   0.00006   0.22700  -0.27238  -0.07557  -0.64047   0.01255  -0.01700   0.01200   0.00000   0.47499   0.33254   0.54021   0.01070   0.01260   0.32624   0.53581   0.47499   0.28095   0.19249   0.21814
1967   0.80698   0.32143   0.08096   0.04605   0.04246   0.00008   0.23400  -0.28108  -0.07660  -0.65479   0.01279  -0.00500   0.02000   0.00000   0.50482   0.33882   0.55149   0.01784   0.02099   0.35166   0.56748   0.50482   0.31421   0.21353   0.24273
1968   0.82379   0.32781   0.08231   0.05225   0.04857   0.00009   0.24000  -0.28979  -0.07765  -0.66887   0.01304  -0.22500   0.05500   0.00000   0.33299   0.34812   0.56625   0.04905   0.05773   0.17217   0.39898   0.33299   0.29757   0.22157   0.24361
1969   0.84429   0.33427   0.08372   0.05914   0.05538   0.00010   0.24700  -0.29849  -0.07868  -0.68273   0.01330  -0.33300   0.07200   0.00000   0.26094   0.36352   0.58665   0.06421   0.07557   0.09473   0.32922   0.26094   0.27777   0.21631   0.23414
1970   0.86187   0.34097   0.08521   0.06677   0.06291   0.00011   0.25400  -0.30719  -0.07973  -0.69636   0.01357  -0.09700   0.06500   0.00000   0.50721   0.37723   0.60537   0.05797   0.06822   0.33819   0.57659   0.50721   0.32004   0.22089   0.24965
1971   0.87666   0.34736   0.08676   0.07509   0.07111   0.00013   0.26100  -0.31354  -0.08083  -0.70616   0.01383  -0.01100   0.07600   0.00000   0.62529   0.39599   0.62739   0.06778   0.07977   0.45277   0.69616   0.62529   0.36456   0.24108   0.27689
1972   0.89787   0.35401   0.08839   0.08411   0.08002   0.00015   0.26800  -0.31988  -0.08193  -0.71586   0.01409  -0.00400   0.04500   0.00000   0.62996   0.42235   0.65701   0.04013   0.04723   0.45848   0.70024   0.62996   0.39223   0.26140   0.29935
1973   0.92167   0.36073   0.09010   0.09391   0.08963   0.00017   0.27400  -0.32623  -0.08304  -0.72545   0.01436  -0.00200   0.03500   0.00000   0.65322   0.45099   0.68934   0.03121   0.03674   0.48021   0.72408   0.65322   0.41671   0.27809   0.31829
1974   0.93633   0.36730   0.09191   0.10428   0.09980   0.00019   0.28100  -0.33257  -0.08416  -0.73493   0.01462  -0.03300   0.01600   0.00000   0.62696   0.47240   0.71403   0.01427   0.01679   0.45367   0.69783   0.62696   0.42892   0.29111   0.33108
1975   0.95479   0.37392   0.09383   0.11518   0.11050   0.00022   0.28800  -0.33891  -0.08526  -0.74430   0.01489  -0.30000   0.01900   0.00000   0.39135   0.49848   0.74337   0.01694   0.01994   0.21543   0.46331   0.39135   0.38981   0.28966   0.31870
1976   0.97263   0.38044   0.09591   0.12661   0.12173   0.00025   0.29500  -0.34526  -0.08636  -0.75358   0.01515  -0.11200   0.02800   0.00000   0.61680   0.52462   0.77276   0.02497   0.02939   0.43759   0.69014   0.61680   0.42137   0.28929   0.32760
1977   0.99809   0.38700   0.09814   0.13854   0.13346   0.00029   0.30200  -0.35160  -0.08746  -0.76276   0.01541  -0.01600   0.06300   0.00000   0.78463   0.55914   0.81054   0.05618   0.06612   0.59932   0.86066   0.78463   0.47074   0.30808   0.35525
1978   1.02079   0.39387   0.10048   0.15089   0.14561   0.00033   0.30800  -0.35795  -0.08857  -0.77184   0.01569  -0.00400   0.08700   0.00000   0.85470   0.59059   0.84568   0.07759   0.09131   0.66417   0.93299   0.85470   0.51354   0.33319   0.38549
1979   1.04555   0.40034   0.10285   0.16308   0.15759   0.00037   0.31500  -0.36429  -0.08967  -0.78083   0.01595  -0.00200   0.14000   0.00000   0.94636   0.62493   0.88328   0.12485   0.14694   0.74779   1.02822   0.94636   0.56041   0.35986   0.41802
1980   1.07131   0.40718   0.10519   0.17505   0.16936   0.00043   0.31500  -0.37063  -0.09079  -0.78972   0.01622  -0.00100   0.15500   0.00000   0.99324   0.65132   0.91600   0.13823   0.16269   0.78855   1.07769   0.99324   0.60125   0.38710   0.44921
1981   1.09408   0.41512   0.10759   0.18343   0.17755   0.00048   0.31400  -0.37481  -0.09182  -0.79552   0.01654  -0.00100   0.15300   0.00000   1.02109   0.67763   0.94729   0.13645   0.16059   0.81308   1.10688   1.02109   0.63642   0.41214   0.47718
1982   1.11694   0.42278   0.10999   0.19418   0.18810   0.00055   0.31400  -0.37899  -0.09287  -0.80129   0.01685  -0.71600   0.09100   0.00000   0.27713   0.70742   0.98166   0.08115   0.09551   0.07258   0.36117   0.27713   0.50585   0.39928   0.43019
1983   1.14286   0.43054   0.11239   0.20352   0.19723   0.00061   0.31300  -0.38316  -0.09390  -0.80702   0.01716  -0.84600   0.09400   0.00000   0.18399   0.73775   1.01696   0.08383   0.09866  -0.02442   0.26963   0.18399   0.42707   0.35340   0.37476
1984   1.16159   0.43779   0.11478   0.21320   0.20672   0.00069   0.31300  -0.38734  -0.09496  -0.81271   0.01745  -0.20600   0.01800   0.00000   0.77550   0.76201   1.04580   0.01605   0.01889   0.57207   0.85869   0.77550   0.50538   0.34446   0.39113
1985   1.18304   0.44296   0.11717   0.22539   0.21871   0.00076   0.31200  -0.39152  -0.09601  -0.81836   0.01766  -0.02100  -0.01000   0.00000   0.96210   0.78806   1.07685  -0.00892  -0.01050   0.75814   1.04535   0.96210   0.57449   0.37344   0.43174
1986   1.20777   0.44773   0.11955   0.23695   0.23007   0.00084   0.31200  -0.39569  -0.09704  -0.82397   0.01785  -0.00600  -0.00800   0.00000   1.01198   0.81772   1.11105  -0.00713  -0.00840   0.80458   1.09665   1.01198   0.62353   0.40474   0.46819
1987   1.23718   0.45261   0.12196   0.24950   0.24241   0.00093   0.31200  -0.39987  -0.09809  -0.82955   0.01804  -0.00200   0.00700   0.00000   1.06970   0.85320   1.15110   0.00624   0.00735   0.85744   1.15644   1.06970   0.66815   0.43315   0.50130
1988   1.26611   0.45671   0.12461   0.26315   0.25587   0.00102   0.31100  -0.40404  -0.09915  -0.83509   0.01821  -0.00100   0.06100   0.00000   1.16254   0.88747   1.19038   0.05440   0.06403   0.94087   1.25340   1.16254   0.71771   0.46230   0.53637
1989   1.28874   0.46069   0.12740   0.27533   0.26785   0.00111   0.31100  -0.40822  -0.10017  -0.84060   0.01837  -0.00100   0.14900   0.00000   1.28165   0.91536   1.22281   0.13288   0.15639   1.04724   1.37820   1.28165   0.77546   0.49521   0.57648
1990   1.31247   0.46430   0.12993   0.28874   0.28106   0.00121   0.31000  -0.41239  -0.10123  -0.84607   0.01851  -0.00100   0.14000   0.00000   1.30447   0.94363   1.25608   0.12485   0.14694   1.06749   1.40203   1.30447   0.81987   0.52783   0.61252
1991   1.33073   0.46798   0.13218   0.29867   0.29079   0.00132   0.31000  -0.41534  -0.10214  -0.84991   0.01866  -0.89000   0.12600   0.00000   0.42814   0.96786   1.28375   0.11237   0.13225   0.19023   0.52600   0.42814   0.66757   0.51457   0.55894
1992   1.34748   0.47096   0.13435   0.30687   0.29882   0.00143   0.30900  -0.41829  -0.10307  -0.85374   0.01878  -1.36800   0.09500   0.00000  -0.05923   0.98672   1.30651   0.08472   0.09971  -0.29655   0.03822  -0.05923   0.49733   0.44458   0.45988
1993   1.36190   0.47260   0.13652   0.31412   0.30588   0.00154   0.30900  -0.42124  -0.10400  -0.85755   0.01885  -0.39100   0.04000   0.00000   0.88073   1.00222   1.32547   0.03567   0.04198   0.64689   0.97646   0.88073   0.60168   0.41642   0.47015
1994   1.38444   0.47491   0.13873   0.31813   0.30970   0.00166   0.30800  -0.42419  -0.10491  -0.86134   0.01894  -0.03700   0.01100   0.00000   1.22837   1.02211   1.34924   0.00981   0.01155   0.99492   1.32378   1.22837   0.70932   0.45470   0.52854
1995   1.41130   0.47741   0.14108   0.32151   0.31262   0.00178   0.30800  -0.42713  -0.10585  -0.86511   0.01904  -0.00900  -0.00400   0.00000   1.26904   1.04732   1.37791  -0.00357  -0.00420   1.03475   1.36471   1.26904   0.77540   0.49879   0.57901
1996   1.43568   0.47830   0.14358   0.32455   0.31501   0.00191   0.30800  -0.43008  -0.10676  -0.86887   0.01908  -0.00300  -0.02100   0.00000   1.28141   1.06825   1.40228  -0.01873  -0.02204   1.04652   1.37724   1.28141   0.82242   0.53370   0.61743
1997   1.46242   0.47963   0.14623   0.32704   0.31681   0.00204   0.30700  -0.43302  -0.10769  -0.87261   0.01913  -0.00200   0.00600   0.00000   1.33417   1.09023   1.42817   0.00535   0.00630   1.09358   1.43246   1.33417   0.86750   0.56388   0.65193
1998   1.49529   0.48313   0.14908   0.32904   0.31811   0.00215   0.30700  -0.43597  -0.10860  -0.87633   0.01927  -0.00100   0.06200   0.00000   1.42506   1.12169   1.46306   0.05529   0.06507   1.17598   1.52713   1.42506   0.91865   0.59476   0.68869
1999   1.51576   0.48588   0.15220   0.33084   0.31908   0.00226   0.30700  -0.43892  -0.10953  -0.88004   0.01938  -0.00100   0.09700   0.00000   1.48082   1.13998   1.48482   0.08651   0.10181   1.22549   1.58563   1.48082   0.96595   0.62643   0.72489
2000   1.53894   0.48649   0.15566   0.33233   0.31971   0.00236   0.30700  -0.44187  -0.11047  -0.88374   0.01940   0.00000   0.13400   0.00000   1.54011   1.15882   1.50712   0.11950   0.14065   1.27832   1.64777   1.54011   1.01262   0.65736   0.76039
