YEAR CONCO2 CONCH4 CONN2O T2M CUMCO2 ANTCO2 ANTCH4 ANTN2O ANTNOx ANTCO ANTVOC ANTSO2 RADTTL RADANT RADAER RADCO2 RADCH4 RADN2O pH
2000   369.56  1752.11   317.04   0.7604    462.50    8.0900    281.60    6.11   41.25  886.57  195.32   55.57   1.4937   1.3597  -1.4361   1.5389   0.4865   0.1557   8.0820
2001   354.30  1741.27   317.92   0.7618    470.41    7.9140    285.20    6.19   41.36  881.67  196.19   55.96   1.2603   1.1296  -1.4427   1.3138   0.4824   0.1584   8.0970
2002   340.43  1733.94   318.81   0.7422    478.57    8.1640    288.70    6.36   41.88  970.72  218.46   55.60   1.0519   0.9246  -1.4471   1.1007   0.4797   0.1613   8.1113
2003   344.07  1729.16   319.71   0.7295    486.89    8.3210    292.20    6.43   42.67  944.75  214.40   57.55   1.0783   0.9544  -1.4801   1.1574   0.4779   0.1641   8.1075
2004   347.47  1724.65   320.64   0.7199    495.74    8.8450    295.80    6.59   44.54  945.55  216.69   60.25   1.0541   0.9336  -1.5296   1.2099   0.4762   0.1671   8.1040
2005   350.68  1720.77   321.58   0.7139    504.85    9.1140    299.20    6.69   45.61  950.59  218.79   62.49   1.0570   0.9398  -1.5708   1.2590   0.4747   0.1700   8.1007
2006   353.71  1718.42   322.54   0.7142    514.30    9.4450    302.80    6.87   46.62  986.15  229.90   62.95   1.0960   0.9822  -1.5835   1.3049   0.4738   0.1731   8.0976
2007   356.60  1716.46   323.49   0.7220    523.94    9.6420    306.20    6.59   48.11  945.87  219.71   62.54   1.1569   1.0464  -1.5712   1.3484   0.4731   0.1760   8.0947
2008   359.28  1714.10   324.40   0.7357    533.34    9.3960    309.80    6.64   48.02  912.51  214.69   61.18   1.2239   1.1168  -1.5424   1.3883   0.4722   0.1789   8.0920
2009   361.74  1713.55   325.31   0.7549    542.67    9.3340    313.30    6.71   46.47  917.73  218.76   58.63   1.3009   1.1971  -1.4966   1.4247   0.4720   0.1818   8.0896
2010   364.18  1715.28   326.23   0.7756    552.53    9.8550    316.80    6.71   47.30  953.23  224.60   58.16   1.3517   1.2513  -1.4923   1.4607   0.4726   0.1846   8.0871
2011   366.70  1717.63   327.12   0.7966    562.69   10.1630    323.20    6.65   48.48  906.77  218.63   58.74   1.3916   1.2946  -1.4973   1.4975   0.4735   0.1875   8.0847
2012   369.23  1721.72   328.02   0.8190    573.04   10.3510    329.50    6.74   48.16  949.60  229.11   57.84   1.4466   1.3530  -1.4859   1.5342   0.4750   0.1903   8.0822
2013   371.76  1728.01   328.92   0.8429    583.61   10.5720    335.90    6.85   47.49  901.24  219.38   57.32   1.4968   1.4065  -1.4705   1.5707   0.4774   0.1931   8.0797
2014   374.32  1736.57   329.84   0.8668    594.42   10.8080    342.30    6.92   47.37  964.05  233.53   57.00   1.5422   1.4552  -1.4724   1.6072   0.4807   0.1959   8.0773
2015   376.83  1747.21   330.76   0.9044    605.10   10.6780    348.60    6.94   47.33  934.35  227.25   50.39   1.7117   1.6281  -1.3435   1.6429   0.4846   0.1988   8.0749
2016   379.28  1758.34   331.66   0.9440    615.81   10.7140    355.00    6.86   46.66  905.45  219.59   48.32   1.7914   1.7111  -1.2998   1.6775   0.4888   0.2016   8.0725
2017   381.71  1770.14   332.54   0.9840    626.56   10.7490    361.30    6.78   45.98  876.55  211.93   46.26   1.8706   1.7938  -1.2556   1.7115   0.4932   0.2043   8.0702
2018   384.11  1782.56   333.39   1.0247    637.35   10.7850    367.70    6.70   45.31  847.65  204.27   44.19   1.9498   1.8763  -1.2107   1.7450   0.4978   0.2070   8.0680
2019   386.49  1795.54   334.22   1.0663    648.17   10.8200    374.10    6.62   44.63  818.75  196.62   42.13   2.0297   1.9596  -1.1653   1.7780   0.5027   0.2096   8.0657
2020   388.86  1809.02   335.03   1.1089    659.02   10.8560    380.40    6.54   43.96  789.85  188.96   40.07   2.1100   2.0432  -1.1193   1.8106   0.5076   0.2120   8.0635
2021   391.17  1822.66   335.81   1.1507    669.74   10.7170    383.53    6.46   42.90  767.22  182.87   38.65   2.1739   2.1105  -1.0868   1.8423   0.5127   0.2145   8.0614
2022   393.40  1835.47   336.57   1.1916    680.32   10.5790    382.57    6.37   41.83  744.58  176.78   37.23   2.2359   2.1759  -1.0541   1.8726   0.5173   0.2168   8.0593
2023   395.55  1846.07   337.30   1.2319    690.76   10.4410    377.32    6.28   40.77  721.95  170.69   35.81   2.2954   2.2387  -1.0211   1.9017   0.5212   0.2191   8.0574
2024   397.62  1853.14   338.01   1.2714    701.06   10.3030    367.56    6.20   39.71  699.31  164.59   34.39   2.3521   2.2988  -0.9876   1.9295   0.5238   0.2212   8.0555
2025   399.62  1855.38   338.69   1.3102    711.23   10.1640    353.00    6.11   38.64  676.68  158.50   32.97   2.4056   2.3557  -0.9539   1.9563   0.5246   0.2233   8.0536
2026   401.54  1851.56   339.35   1.3479    721.25   10.0260    333.70    6.02   37.58  654.05  152.41   31.55   2.4552   2.4086  -0.9197   1.9820   0.5232   0.2254   8.0519
2027   403.40  1840.50   339.98   1.3845    731.14    9.8880    309.10    5.93   36.52  631.41  146.32   30.13   2.5003   2.4571  -0.8852   2.0066   0.5192   0.2273   8.0502
2028   405.20  1821.76   340.59   1.4197    740.89    9.7500    283.59    5.85   35.45  608.78  140.23   28.71   2.5407   2.5009  -0.8502   2.0304   0.5123   0.2292   8.0486
2029   406.93  1795.72   341.18   1.4534    750.50    9.6110    257.11    5.76   34.39  586.14  134.14   27.29   2.5767   2.5401  -0.8148   2.0531   0.5027   0.2310   8.0471
2030   408.60  1762.71   341.74   1.4854    759.97    9.4730    229.60    5.67   33.33  563.51  128.05   25.87   2.6082   2.5751  -0.7790   2.0750   0.4905   0.2327   8.0456
2031   410.20  1723.98   342.29   1.5148    769.22    9.2490    205.83    5.63   32.82  560.58  127.05   25.04   2.6273   2.5941  -0.7591   2.0958   0.4759   0.2344   8.0442
2032   411.69  1681.50   342.81   1.5417    778.25    9.0240    185.76    5.58   32.31  557.66  126.04   24.20   2.6426   2.6095  -0.7390   2.1152   0.4597   0.2360   8.0428
2033   413.09  1636.98   343.33   1.5665    787.05    8.8000    169.78    5.54   31.80  554.73  125.04   23.37   2.6551   2.6220  -0.7187   2.1333   0.4426   0.2375   8.0416
2034   414.40  1592.06   343.83   1.5893    795.62    8.5760    157.94    5.49   31.29  551.80  124.04   22.54   2.6655   2.6323  -0.6983   2.1502   0.4250   0.2391   8.0404
2035   415.62  1548.28   344.32   1.6104    803.97    8.3510    150.57    5.45   30.77  548.88  123.04   21.70   2.6747   2.6415  -0.6777   2.1658   0.4077   0.2406   8.0394
2036   416.75  1507.16   344.80   1.6301    812.10    8.1270    147.84    5.41   30.26  545.95  122.04   20.87   2.6836   2.6505  -0.6569   2.1804   0.3911   0.2420   8.0384
2037   417.80  1470.09   345.26   1.6487    820.00    7.9030    149.97    5.36   29.75  543.02  121.03   20.04   2.6933   2.6601  -0.6360   2.1938   0.3760   0.2434   8.0375
2038   418.77  1437.55   345.70   1.6665    827.68    7.6780    152.10    5.32   29.24  540.10  120.03   19.21   2.7040   2.6708  -0.6148   2.2062   0.3626   0.2448   8.0366
2039   419.67  1409.12   346.14   1.6836    835.14    7.4540    154.23    5.27   28.73  537.17  119.03   18.37   2.7157   2.6826  -0.5935   2.2176   0.3508   0.2461   8.0358
2040   420.49  1384.42   346.56   1.7004    842.37    7.2300    156.33    5.23   28.22  534.24  118.03   17.54   2.7284   2.6952  -0.5719   2.2281   0.3403   0.2474   8.0351
2041   421.24  1363.10   346.97   1.7157    849.36    6.9970    158.49    5.21   27.67  531.10  117.14   17.12   2.7311   2.6980  -0.5608   2.2376   0.3313   0.2486   8.0345
2042   421.91  1344.87   347.37   1.7298    856.13    6.7640    160.68    5.19   27.11  527.96  116.25   16.71   2.7348   2.7016  -0.5497   2.2461   0.3235   0.2499   8.0339
2043   422.51  1329.45   347.77   1.7432    862.66    6.5310    162.84    5.18   26.55  524.82  115.36   16.29   2.7393   2.7062  -0.5385   2.2536   0.3168   0.2511   8.0334
2044   423.03  1316.55   348.16   1.7558    868.96    6.2980    165.00    5.16   26.00  521.68  114.47   15.87   2.7444   2.7112  -0.5273   2.2603   0.3113   0.2522   8.0329
2045   423.49  1305.92   348.54   1.7680    875.02    6.0640    167.16    5.14   25.44  518.54  113.58   15.45   2.7499   2.7167  -0.5159   2.2660   0.3066   0.2534   8.0325
2046   423.88  1297.35   348.92   1.7798    880.85    5.8310    169.32    5.12   24.89  515.40  112.69   15.04   2.7558   2.7226  -0.5046   2.2709   0.3029   0.2545   8.0322
2047   424.20  1290.64   349.28   1.7912    886.45    5.5980    171.51    5.11   24.33  512.25  111.80   14.62   2.7621   2.7289  -0.4932   2.2750   0.2999   0.2557   8.0319
2048   424.46  1285.60   349.65   1.8024    891.81    5.3650    173.67    5.09   23.78  509.11  110.91   14.20   2.7687   2.7355  -0.4817   2.2782   0.2977   0.2567   8.0317
2049   424.65  1282.08   350.00   1.8133    896.95    5.1320    175.86    5.07   23.22  505.97  110.02   13.78   2.7755   2.7424  -0.4702   2.2807   0.2962   0.2578   8.0315
2050   424.79  1279.92   350.35   1.8240    901.84    4.8990    178.02    5.05   22.67  502.83  109.12   13.37   2.7825   2.7494  -0.4586   2.2824   0.2952   0.2589   8.0314
2051   424.87  1278.87   350.69   1.8342    906.54    4.6960    180.09    5.05   22.45  499.80  108.27   13.13   2.7865   2.7533  -0.4519   2.2834   0.2948   0.2599   8.0313
2052   424.90  1278.70   351.02   1.8439    911.03    4.4940    182.22    5.04   22.23  496.77  107.42   12.90   2.7905   2.7574  -0.4452   2.2838   0.2947   0.2609   8.0313
2053   424.89  1279.33   351.36   1.8533    915.33    4.2910    184.32    5.03   22.01  493.74  106.56   12.66   2.7945   2.7614  -0.4384   2.2836   0.2950   0.2619   8.0313
2054   424.83  1280.68   351.68   1.8623    919.41    4.0880    186.42    5.02   21.79  490.71  105.71   12.43   2.7986   2.7654  -0.4317   2.2828   0.2956   0.2629   8.0314
2055   424.72  1282.68   352.01   1.8710    923.30    3.8850    188.52    5.02   21.57  487.69  104.85   12.19   2.8025   2.7694  -0.4249   2.2815   0.2964   0.2639   8.0315
2056   424.56  1285.26   352.33   1.8795    926.98    3.6820    190.62    5.01   21.35  484.66  104.00   11.96   2.8063   2.7732  -0.4181   2.2796   0.2976   0.2648   8.0316
2057   424.37  1288.38   352.64   1.8876    930.46    3.4800    192.75    5.00   21.13  481.63  103.14   11.72   2.8100   2.7769  -0.4113   2.2771   0.2990   0.2658   8.0318
2058   424.12  1291.99   352.95   1.8956    933.74    3.2770    194.85    4.99   20.91  478.60  102.29   11.49   2.8135   2.7804  -0.4045   2.2740   0.3005   0.2667   8.0320
2059   423.83  1296.03   353.25   1.9032    936.81    3.0740    196.95    4.99   20.69  475.57  101.43   11.26   2.8168   2.7836  -0.3977   2.2704   0.3023   0.2676   8.0322
2060   423.50  1300.46   353.55   1.9107    939.68    2.8710    199.05    4.98   20.47  472.54  100.58   11.02   2.8198   2.7867  -0.3908   2.2662   0.3042   0.2685   8.0325
2061   423.14  1305.12   353.85   1.9177    942.39    2.7060    200.37    4.98   20.23  470.44   99.55   10.81   2.8218   2.7886  -0.3846   2.2616   0.3063   0.2694   8.0328
2062   422.74  1309.86   354.15   1.9245    944.93    2.5410    201.66    4.98   19.98  468.34   98.51   10.59   2.8236   2.7904  -0.3783   2.2566   0.3083   0.2703   8.0332
2063   422.32  1314.67   354.44   1.9310    947.31    2.3760    202.98    4.98   19.74  466.24   97.48   10.38   2.8251   2.7919  -0.3721   2.2512   0.3104   0.2712   8.0335
2064   421.87  1319.55   354.73   1.9372    949.52    2.2110    204.27    4.98   19.50  464.14   96.45   10.16   2.8263   2.7932  -0.3658   2.2455   0.3126   0.2721   8.0339
2065   421.39  1324.48   355.01   1.9431    951.56    2.0460    205.59    4.98   19.26  462.04   95.42    9.95   2.8273   2.7941  -0.3595   2.2395   0.3147   0.2729   8.0343
2066   420.88  1329.48   355.30   1.9488    953.44    1.8810    206.88    4.98   19.01  459.94   94.39    9.73   2.8279   2.7948  -0.3532   2.2330   0.3169   0.2738   8.0348
2067   420.34  1334.52   355.58   1.9542    955.16    1.7160    208.20    4.98   18.77  457.84   93.35    9.52   2.8283   2.7951  -0.3469   2.2262   0.3190   0.2746   8.0353
2068   419.78  1339.62   355.86   1.9593    956.71    1.5510    209.52    4.98   18.53  455.74   92.32    9.30   2.8283   2.7952  -0.3405   2.2190   0.3212   0.2755   8.0357
2069   419.18  1344.76   356.13   1.9642    958.10    1.3860    210.81    4.98   18.29  453.64   91.29    9.09   2.8281   2.7949  -0.3342   2.2114   0.3234   0.2763   8.0363
2070   418.56  1349.94   356.41   1.9688    959.32    1.2210    212.13    4.98   18.04  451.54   90.26    8.87   2.8275   2.7944  -0.3278   2.2035   0.3257   0.2771   8.0368
2071   417.89  1355.17   356.68   1.9732    960.33    1.0090    213.45    4.99   17.75  448.25   88.97    8.65   2.8266   2.7935  -0.3210   2.1950   0.3279   0.2779   8.0374
2072   417.18  1360.43   356.95   1.9772    961.12    0.7970    214.77    5.00   17.46  444.97   87.69    8.43   2.8252   2.7920  -0.3141   2.1859   0.3301   0.2787   8.0380
2073   416.42  1365.72   357.23   1.9810    961.71    0.5860    216.09    5.02   17.18  441.69   86.41    8.20   2.8232   2.7900  -0.3072   2.1762   0.3324   0.2796   8.0387
2074   415.62  1371.05   357.50   1.9845    962.08    0.3740    217.41    5.03   16.89  438.41   85.13    7.98   2.8206   2.7874  -0.3004   2.1659   0.3347   0.2804   8.0394
2075   414.77  1376.41   357.77   1.9876    962.25    0.1620    218.73    5.04   16.60  435.13   83.85    7.75   2.8175   2.7844  -0.2934   2.1550   0.3370   0.2812   8.0401
2076   413.88  1381.79   358.05   1.9904    962.20   -0.0490    220.02    5.06   16.31  431.85   82.57    7.53   2.8139   2.7807  -0.2865   2.1435   0.3392   0.2820   8.0409
2077   412.94  1387.20   358.32   1.9929    961.94   -0.2610    221.34    5.07   16.02  428.56   81.29    7.30   2.8097   2.7766  -0.2796   2.1314   0.3415   0.2828   8.0417
2078   411.96  1392.63   358.59   1.9951    961.46   -0.4730    222.66    5.08   15.73  425.28   80.00    7.08   2.8051   2.7719  -0.2726   2.1187   0.3438   0.2836   8.0426
2079   410.94  1398.09   358.87   1.9969    960.78   -0.6840    223.98    5.09   15.44  422.00   78.72    6.86   2.7999   2.7668  -0.2656   2.1055   0.3461   0.2845   8.0435
2080   409.88  1403.57   359.14   1.9983    959.88   -0.8960    225.30    5.11   15.15  418.72   77.44    6.63   2.7942   2.7611  -0.2586   2.0917   0.3484   0.2853   8.0444
2081   408.80  1409.01   359.42   1.9993    958.85   -1.0350    226.41    5.14   14.99  416.20   76.74    6.48   2.7866   2.7534  -0.2539   2.0776   0.3507   0.2861   8.0454
2082   407.70  1414.35   359.70   1.9998    957.67   -1.1740    227.49    5.17   14.83  413.68   76.03    6.33   2.7788   2.7457  -0.2492   2.0632   0.3529   0.2869   8.0464
2083   406.60  1419.60   359.98   2.0000    956.36   -1.3130    228.57    5.21   14.67  411.16   75.33    6.19   2.7708   2.7377  -0.2445   2.0487   0.3551   0.2878   8.0474
2084   405.48  1425.91   360.27   1.9999    954.91   -1.4520    236.21    5.24   14.51  408.64   74.62    6.04   2.7633   2.7301  -0.2398   2.0340   0.3578   0.2886   8.0484
2085   404.34  1434.41   360.57   1.9996    953.32   -1.5910    244.43    5.27   14.35  406.12   73.92    5.89   2.7568   2.7237  -0.2351   2.0191   0.3613   0.2895   8.0494
2086   403.20  1445.22   360.86   1.9994    951.59   -1.7300    253.91    5.30   14.19  403.60   73.21    5.74   2.7515   2.7184  -0.2303   2.0039   0.3658   0.2904   8.0504
2087   402.04  1457.01   361.16   1.9992    949.72   -1.8700    255.67    5.34   14.03  401.08   72.51    5.59   2.7466   2.7134  -0.2256   1.9886   0.3707   0.2913   8.0514
2088   400.86  1468.98   361.47   1.9989    947.71   -2.0090    261.07    5.37   13.87  398.57   71.81    5.45   2.7414   2.7083  -0.2208   1.9730   0.3756   0.2922   8.0525
2089   399.68  1482.76   361.78   1.9987    945.56   -2.1480    272.24    5.40   13.71  396.05   71.10    5.30   2.7371   2.7040  -0.2161   1.9571   0.3812   0.2931   8.0536
2090   398.48  1499.20   362.09   1.9985    943.27   -2.2870    283.53    5.44   13.55  393.53   70.39    5.15   2.7339   2.7008  -0.2113   1.9410   0.3879   0.2941   8.0547
2091   397.29  1516.65   362.41   1.9985    940.98   -2.2930    286.82    5.42   13.45  389.50   69.59    5.04   2.7308   2.6976  -0.2074   1.9251   0.3950   0.2950   8.0558
2092   396.14  1532.23   362.71   1.9985    938.68   -2.3000    282.16    5.41   13.35  385.48   68.78    4.93   2.7270   2.6939  -0.2035   1.9097   0.4012   0.2959   8.0568
2093   395.03  1546.08   363.02   1.9983    936.37   -2.3060    285.38    5.40   13.25  381.45   67.97    4.82   2.7226   2.6895  -0.1997   1.8947   0.4068   0.2968   8.0578
2094   393.96  1561.14   363.31   1.9982    934.06   -2.3120    296.64    5.39   13.15  377.43   67.16    4.71   2.7193   2.6861  -0.1958   1.8802   0.4128   0.2977   8.0588
2095   392.92  1577.32   363.61   1.9982    931.74   -2.3190    299.96    5.38   13.05  373.40   66.35    4.59   2.7169   2.6837  -0.1918   1.8660   0.4192   0.2986   8.0598
2096   391.90  1593.07   363.89   1.9983    929.42   -2.3250    302.87    5.37   12.95  369.38   65.54    4.48   2.7146   2.6814  -0.1880   1.8522   0.4254   0.2994   8.0607
2097   390.91  1609.76   364.17   1.9985    927.09   -2.3310    313.83    5.35   12.85  365.35   64.73    4.37   2.7131   2.6799  -0.1840   1.8388   0.4320   0.3002   8.0616
2098   389.95  1627.31   364.45   1.9988    924.75   -2.3380    316.79    5.34   12.75  361.33   63.92    4.26   2.7123   2.6791  -0.1801   1.8256   0.4388   0.3011   8.0625
2099   389.01  1644.46   364.72   1.9994    922.41   -2.3440    320.91    5.33   12.65  357.30   63.11    4.15   2.7115   2.6783  -0.1762   1.8127   0.4455   0.3019   8.0634
2100   388.09  1660.04   364.99   1.9999    920.06   -2.3500    316.84    5.32   12.55  353.28   62.30    4.04   2.7100   2.6769  -0.1723   1.8001   0.4515   0.3027   8.0642
2101   387.20  1672.28   365.25   2.0000    917.71   -2.3500    309.87    5.32   12.55  353.28   62.30    4.04   2.7040   2.6709  -0.1723   1.7878   0.4562   0.3034   8.0651
2102   386.33  1682.41   365.51   1.9996    915.36   -2.3500    311.06    5.32   12.55  353.28   62.30    4.04   2.6971   2.6639  -0.1723   1.7758   0.4601   0.3042   8.0659
2103   385.47  1690.63   365.77   1.9988    913.01   -2.3500    304.10    5.32   12.55  353.28   62.30    4.04   2.6894   2.6563  -0.1723   1.7640   0.4632   0.3050   8.0667
2104   384.64  1697.12   366.03   1.9975    910.66   -2.3500    305.29    5.32   12.55  353.28   62.30    4.04   2.6811   2.6479  -0.1723   1.7524   0.4657   0.3057   8.0675
2105   383.82  1702.02   366.28   1.9959    908.31   -2.3500    298.32    5.32   12.55  353.28   62.30    4.04   2.6721   2.6390  -0.1723   1.7410   0.4676   0.3065   8.0682
2106   383.02  1705.48   366.53   1.9939    905.96   -2.3500    299.51    5.32   12.55  353.28   62.30    4.04   2.6627   2.6296  -0.1723   1.7298   0.4689   0.3072   8.0690
2107   382.23  1707.63   366.78   1.9915    903.61   -2.3500    292.54    5.32   12.55  353.28   62.30    4.04   2.6528   2.6196  -0.1723   1.7189   0.4697   0.3080   8.0697
2108   381.46  1708.58   367.03   1.9888    901.26   -2.3500    293.73    5.32   12.55  353.28   62.30    4.04   2.6425   2.6093  -0.1723   1.7080   0.4701   0.3087   8.0705
2109   380.70  1708.44   367.27   1.9858    898.91   -2.3500    286.76    5.32   12.55  353.28   62.30    4.04   2.6318   2.5986  -0.1723   1.6974   0.4700   0.3094   8.0712
2110   379.95  1707.30   367.51   1.9825    896.56   -2.3500    287.95    5.32   12.55  353.28   62.30    4.04   2.6207   2.5876  -0.1723   1.6869   0.4696   0.3101   8.0719
2111   379.22  1705.27   367.75   1.9789    894.21   -2.3500    280.99    5.32   12.55  353.28   62.30    4.04   2.6094   2.5763  -0.1723   1.6766   0.4688   0.3108   8.0726
2112   378.49  1702.41   367.99   1.9750    891.86   -2.3500    282.18    5.32   12.55  353.28   62.30    4.04   2.5978   2.5647  -0.1723   1.6664   0.4677   0.3115   8.0733
2113   377.78  1698.80   368.23   1.9708    889.51   -2.3500    275.21    5.32   12.55  353.28   62.30    4.04   2.5860   2.5529  -0.1723   1.6563   0.4664   0.3122   8.0740
2114   377.08  1694.50   368.46   1.9664    887.16   -2.3500    276.40    5.32   12.55  353.28   62.30    4.04   2.5740   2.5408  -0.1723   1.6464   0.4647   0.3129   8.0746
2115   376.39  1689.59   368.69   1.9618    884.81   -2.3500    269.43    5.32   12.55  353.28   62.30    4.04   2.5618   2.5286  -0.1723   1.6366   0.4628   0.3136   8.0753
2116   375.71  1684.10   368.92   1.9569    882.46   -2.3500    270.62    5.32   12.55  353.28   62.30    4.04   2.5494   2.5162  -0.1723   1.6269   0.4607   0.3143   8.0759
2117   375.03  1678.11   369.15   1.9519    880.11   -2.3500    263.65    5.32   12.55  353.28   62.30    4.04   2.5369   2.5037  -0.1723   1.6174   0.4585   0.3149   8.0766
2118   374.37  1671.64   369.37   1.9466    877.76   -2.3500    264.84    5.32   12.55  353.28   62.30    4.04   2.5242   2.4911  -0.1723   1.6079   0.4560   0.3156   8.0772
2119   373.71  1664.75   369.60   1.9412    875.41   -2.3500    257.88    5.32   12.55  353.28   62.30    4.04   2.5114   2.4783  -0.1723   1.5986   0.4533   0.3163   8.0779
2120   373.07  1657.47   369.82   1.9356    873.06   -2.3500    259.07    5.32   12.55  353.28   62.30    4.04   2.4985   2.4654  -0.1723   1.5893   0.4505   0.3169   8.0785
2121   372.43  1649.84   370.04   1.9298    870.71   -2.3500    252.10    5.32   12.55  353.28   62.30    4.04   2.4856   2.4524  -0.1723   1.5802   0.4476   0.3175   8.0791
2122   371.80  1641.89   370.25   1.9239    868.36   -2.3500    253.29    5.32   12.55  353.28   62.30    4.04   2.4725   2.4394  -0.1723   1.5711   0.4445   0.3182   8.0797
2123   371.18  1633.65   370.47   1.9179    866.01   -2.3500    246.32    5.32   12.55  353.28   62.30    4.04   2.4594   2.4263  -0.1723   1.5622   0.4413   0.3188   8.0803
2124   370.56  1624.67   370.68   1.9116    863.66   -2.3500    244.74    5.32   12.55  353.28   62.30    4.04   2.4460   2.4129  -0.1723   1.5533   0.4378   0.3194   8.0809
2125   369.95  1617.37   370.89   1.9054    861.31   -2.3500    251.32    5.32   12.55  353.28   62.30    4.04   2.4336   2.4004  -0.1723   1.5445   0.4350   0.3201   8.0815
2126   369.35  1614.42   371.10   1.8993    858.96   -2.3500    266.05    5.32   12.55  353.28   62.30    4.04   2.4235   2.3904  -0.1723   1.5359   0.4338   0.3207   8.0821
2127   368.75  1615.46   371.31   1.8936    856.61   -2.3500    272.63    5.32   12.55  353.28   62.30    4.04   2.4158   2.3826  -0.1723   1.5273   0.4342   0.3213   8.0827
2128   368.17  1620.10   371.51   1.8884    854.26   -2.3500    287.36    5.32   12.55  353.28   62.30    4.04   2.4100   2.3769  -0.1723   1.5188   0.4360   0.3219   8.0832
2129   367.59  1628.03   371.72   1.8837    851.91   -2.3500    293.94    5.32   12.55  353.28   62.30    4.04   2.4061   2.3729  -0.1723   1.5104   0.4391   0.3225   8.0838
2130   367.02  1638.95   371.92   1.8797    849.56   -2.3500    308.67    5.32   12.55  353.28   62.30    4.04   2.4038   2.3706  -0.1723   1.5021   0.4434   0.3231   8.0844
2131   366.46  1652.59   372.12   1.8762    847.21   -2.3500    315.25    5.32   12.55  353.28   62.30    4.04   2.4029   2.3698  -0.1723   1.4940   0.4486   0.3237   8.0849
2132   365.91  1668.71   372.32   1.8734    844.86   -2.3500    329.98    5.32   12.55  353.28   62.30    4.04   2.4034   2.3703  -0.1723   1.4859   0.4548   0.3242   8.0854
2133   365.37  1687.10   372.51   1.8712    842.51   -2.3500    336.56    5.32   12.55  353.28   62.30    4.04   2.4051   2.3720  -0.1723   1.4780   0.4619   0.3248   8.0860
2134   364.84  1707.55   372.71   1.8696    840.16   -2.3500    351.29    5.32   12.55  353.28   62.30    4.04   2.4079   2.3748  -0.1723   1.4702   0.4697   0.3254   8.0865
2135   364.31  1729.89   372.90   1.8686    837.81   -2.3500    357.87    5.32   12.55  353.28   62.30    4.04   2.4116   2.3785  -0.1723   1.4626   0.4781   0.3259   8.0870
2136   363.80  1753.95   373.09   1.8681    835.46   -2.3500    372.60    5.32   12.55  353.28   62.30    4.04   2.4162   2.3831  -0.1723   1.4550   0.4872   0.3265   8.0875
2137   363.29  1779.60   373.28   1.8682    833.11   -2.3500    379.18    5.32   12.55  353.28   62.30    4.04   2.4216   2.3885  -0.1723   1.4476   0.4967   0.3271   8.0880
2138   362.80  1806.69   373.47   1.8687    830.76   -2.3500    393.91    5.32   12.55  353.28   62.30    4.04   2.4277   2.3945  -0.1723   1.4403   0.5068   0.3276   8.0885
2139   362.31  1835.12   373.65   1.8698    828.41   -2.3500    400.49    5.32   12.55  353.28   62.30    4.04   2.4344   2.4012  -0.1723   1.4331   0.5172   0.3281   8.0890
2140   361.83  1864.77   373.83   1.8713    826.06   -2.3500    415.22    5.32   12.55  353.28   62.30    4.04   2.4416   2.4085  -0.1723   1.4261   0.5280   0.3287   8.0895
2141   361.36  1895.55   374.02   1.8733    823.71   -2.3500    421.80    5.32   12.55  353.28   62.30    4.04   2.4494   2.4162  -0.1723   1.4191   0.5391   0.3292   8.0899
2142   360.90  1927.38   374.20   1.8757    821.36   -2.3500    436.53    5.32   12.55  353.28   62.30    4.04   2.4576   2.4244  -0.1723   1.4123   0.5505   0.3297   8.0904
2143   360.44  1960.17   374.38   1.8784    819.01   -2.3500    443.11    5.32   12.55  353.28   62.30    4.04   2.4662   2.4330  -0.1723   1.4056   0.5622   0.3303   8.0908
2144   360.00  1993.86   374.55   1.8815    816.66   -2.3500    457.84    5.32   12.55  353.28   62.30    4.04   2.4751   2.4420  -0.1723   1.3990   0.5741   0.3308   8.0913
2145   359.56  2028.38   374.73   1.8850    814.31   -2.3500    464.42    5.32   12.55  353.28   62.30    4.04   2.4844   2.4512  -0.1723   1.3925   0.5861   0.3313   8.0917
2146   359.13  2063.67   374.90   1.8887    811.96   -2.3500    479.15    5.32   12.55  353.28   62.30    4.04   2.4939   2.4608  -0.1723   1.3861   0.5983   0.3318   8.0922
2147   358.71  2099.69   375.07   1.8928    809.61   -2.3500    485.73    5.32   12.55  353.28   62.30    4.04   2.5037   2.4705  -0.1723   1.3798   0.6107   0.3323   8.0926
2148   358.29  2136.38   375.25   1.8972    807.26   -2.3500    500.47    5.32   12.55  353.28   62.30    4.04   2.5137   2.4806  -0.1723   1.3736   0.6231   0.3328   8.0930
2149   357.88  2173.70   375.41   1.9018    804.91   -2.3500    507.04    5.32   12.55  353.28   62.30    4.04   2.5239   2.4908  -0.1723   1.3675   0.6357   0.3333   8.0934
2150   357.48  2211.62   375.58   1.9066    802.56   -2.3500    521.78    5.32   12.55  353.28   62.30    4.04   2.5343   2.5011  -0.1723   1.3615   0.6484   0.3338   8.0938
2151   357.08  2250.10   375.75   1.9117    800.21   -2.3500    528.35    5.32   12.55  353.28   62.30    4.04   2.5448   2.5117  -0.1723   1.3556   0.6611   0.3343   8.0942
2152   356.69  2286.25   375.91   1.9168    797.86   -2.3500    526.77    5.32   12.55  353.28   62.30    4.04   2.5542   2.5211  -0.1723   1.3498   0.6729   0.3347   8.0946
2153   356.31  2317.44   376.08   1.9219    795.51   -2.3500    517.03    5.32   12.55  353.28   62.30    4.04   2.5615   2.5283  -0.1723   1.3440   0.6831   0.3352   8.0950
2154   355.93  2344.09   376.24   1.9266    793.16   -2.3500    515.45    5.32   12.55  353.28   62.30    4.04   2.5667   2.5336  -0.1723   1.3383   0.6917   0.3357   8.0954
2155   355.56  2369.41   376.40   1.9310    790.81   -2.3500    522.02    5.32   12.55  353.28   62.30    4.04   2.5714   2.5383  -0.1723   1.3327   0.6999   0.3362   8.0957
2156   355.19  2393.54   376.56   1.9352    788.46   -2.3500    520.44    5.32   12.55  353.28   62.30    4.04   2.5757   2.5425  -0.1723   1.3271   0.7076   0.3366   8.0961
2157   354.82  2416.57   376.71   1.9392    786.11   -2.3500    527.02    5.32   12.55  353.28   62.30    4.04   2.5795   2.5463  -0.1723   1.3216   0.7149   0.3371   8.0965
2158   354.45  2438.59   376.87   1.9430    783.76   -2.3500    525.44    5.32   12.55  353.28   62.30    4.04   2.5829   2.5497  -0.1723   1.3161   0.7219   0.3375   8.0968
2159   354.09  2459.70   377.02   1.9465    781.41   -2.3500    532.01    5.32   12.55  353.28   62.30    4.04   2.5859   2.5528  -0.1723   1.3107   0.7285   0.3380   8.0972
2160   353.74  2479.97   377.18   1.9499    779.06   -2.3500    530.43    5.32   12.55  353.28   62.30    4.04   2.5887   2.5555  -0.1723   1.3053   0.7349   0.3384   8.0976
2161   353.38  2499.46   377.33   1.9531    776.71   -2.3500    537.01    5.32   12.55  353.28   62.30    4.04   2.5911   2.5580  -0.1723   1.3000   0.7410   0.3389   8.0979
2162   353.03  2518.26   377.48   1.9562    774.36   -2.3500    535.43    5.32   12.55  353.28   62.30    4.04   2.5933   2.5602  -0.1723   1.2946   0.7468   0.3393   8.0983
2163   352.68  2536.41   377.63   1.9591    772.01   -2.3500    542.00    5.32   12.55  353.28   62.30    4.04   2.5952   2.5621  -0.1723   1.2894   0.7525   0.3397   8.0986
2164   352.33  2553.98   377.77   1.9618    769.66   -2.3500    540.42    5.32   12.55  353.28   62.30    4.04   2.5969   2.5638  -0.1723   1.2841   0.7579   0.3402   8.0990
2165   351.99  2571.01   377.92   1.9644    767.31   -2.3500    547.00    5.32   12.55  353.28   62.30    4.04   2.5984   2.5653  -0.1723   1.2789   0.7631   0.3406   8.0993
2166   351.65  2587.54   378.06   1.9668    764.96   -2.3500    545.42    5.32   12.55  353.28   62.30    4.04   2.5997   2.5666  -0.1723   1.2737   0.7682   0.3410   8.0997
2167   351.31  2603.62   378.21   1.9692    762.61   -2.3500    551.99    5.32   12.55  353.28   62.30    4.04   2.6009   2.5677  -0.1723   1.2686   0.7731   0.3414   8.1000
2168   350.97  2619.33   378.35   1.9714    760.26   -2.3500    550.65    5.32   12.55  353.28   62.30    4.04   2.6019   2.5688  -0.1723   1.2634   0.7779   0.3418   8.1004
2169   350.64  2634.75   378.49   1.9735    757.91   -2.3500    557.46    5.32   12.55  353.28   62.30    4.04   2.6028   2.5697  -0.1723   1.2583   0.7826   0.3423   8.1007
2170   350.30  2649.89   378.63   1.9755    755.56   -2.3500    556.12    5.32   12.55  353.28   62.30    4.04   2.6036   2.5705  -0.1723   1.2533   0.7872   0.3427   8.1011
2171   349.97  2664.78   378.77   1.9774    753.21   -2.3500    562.93    5.32   12.55  353.28   62.30    4.04   2.6044   2.5712  -0.1723   1.2482   0.7917   0.3431   8.1014
2172   349.64  2679.44   378.91   1.9792    750.86   -2.3500    561.59    5.32   12.55  353.28   62.30    4.04   2.6050   2.5719  -0.1723   1.2432   0.7961   0.3435   8.1017
2173   349.32  2693.90   379.04   1.9809    748.51   -2.3500    568.40    5.32   12.55  353.28   62.30    4.04   2.6056   2.5725  -0.1723   1.2382   0.8005   0.3439   8.1021
2174   348.99  2708.17   379.18   1.9826    746.16   -2.3500    567.05    5.32   12.55  353.28   62.30    4.04   2.6061   2.5730  -0.1723   1.2332   0.8047   0.3442   8.1024
2175   348.67  2722.26   379.31   1.9842    743.81   -2.3500    573.87    5.32   12.55  353.28   62.30    4.04   2.6066   2.5735  -0.1723   1.2283   0.8090   0.3446   8.1027
2176   348.35  2736.20   379.44   1.9857    741.46   -2.3500    572.52    5.32   12.55  353.28   62.30    4.04   2.6070   2.5739  -0.1723   1.2234   0.8131   0.3450   8.1031
2177   348.03  2749.99   379.57   1.9872    739.11   -2.3500    579.34    5.32   12.55  353.28   62.30    4.04   2.6074   2.5742  -0.1723   1.2185   0.8172   0.3454   8.1034
2178   347.71  2763.65   379.70   1.9886    736.76   -2.3500    577.99    5.32   12.55  353.28   62.30    4.04   2.6077   2.5746  -0.1723   1.2136   0.8213   0.3458   8.1037
2179   347.40  2777.20   379.83   1.9900    734.41   -2.3500    584.81    5.32   12.55  353.28   62.30    4.04   2.6080   2.5749  -0.1723   1.2088   0.8253   0.3461   8.1040
2180   347.08  2790.63   379.96   1.9913    732.06   -2.3500    583.46    5.32   12.55  353.28   62.30    4.04   2.6083   2.5751  -0.1723   1.2039   0.8292   0.3465   8.1044
2181   346.77  2803.96   380.08   1.9925    729.71   -2.3500    590.27    5.32   12.55  353.28   62.30    4.04   2.6085   2.5754  -0.1723   1.1991   0.8332   0.3469   8.1047
2182   346.46  2817.21   380.21   1.9938    727.36   -2.3500    588.93    5.32   12.55  353.28   62.30    4.04   2.6087   2.5756  -0.1723   1.1944   0.8370   0.3472   8.1050
2183   346.15  2830.37   380.33   1.9949    725.01   -2.3500    595.74    5.32   12.55  353.28   62.30    4.04   2.6089   2.5758  -0.1723   1.1896   0.8409   0.3476   8.1053
2184   345.84  2843.46   380.45   1.9961    722.66   -2.3500    594.40    5.32   12.55  353.28   62.30    4.04   2.6091   2.5759  -0.1723   1.1849   0.8447   0.3480   8.1056
2185   345.54  2856.49   380.58   1.9972    720.31   -2.3500    601.21    5.32   12.55  353.28   62.30    4.04   2.6092   2.5761  -0.1723   1.1802   0.8485   0.3483   8.1060
2186   345.24  2869.45   380.70   1.9983    717.96   -2.3500    599.87    5.32   12.55  353.28   62.30    4.04   2.6093   2.5762  -0.1723   1.1755   0.8523   0.3487   8.1063
2187   344.93  2879.51   380.81   1.9992    715.61   -2.3500    590.37    5.32   12.55  353.28   62.30    4.04   2.6084   2.5753  -0.1723   1.1708   0.8552   0.3490   8.1066
2188   344.63  2884.02   380.93   1.9998    713.26   -2.3500    572.71    5.32   12.55  353.28   62.30    4.04   2.6054   2.5722  -0.1723   1.1661   0.8565   0.3493   8.1069
2189   344.33  2883.43   381.05   2.0000    710.91   -2.3500    563.20    5.32   12.55  353.28   62.30    4.04   2.6005   2.5673  -0.1723   1.1615   0.8563   0.3497   8.1072
2190   344.03  2878.14   381.17   1.9996    708.56   -2.3500    545.54    5.32   12.55  353.28   62.30    4.04   2.5938   2.5607  -0.1723   1.1568   0.8548   0.3500   8.1075
2191   343.73  2868.50   381.28   1.9986    706.21   -2.3500    536.04    5.32   12.55  353.28   62.30    4.04   2.5855   2.5524  -0.1723   1.1522   0.8520   0.3503   8.1078
2192   343.43  2854.87   381.39   1.9970    703.86   -2.3500    518.38    5.32   12.55  353.28   62.30    4.04   2.5758   2.5426  -0.1723   1.1475   0.8480   0.3507   8.1081
2193   343.13  2837.54   381.51   1.9948    701.51   -2.3500    508.88    5.32   12.55  353.28   62.30    4.04   2.5646   2.5315  -0.1723   1.1428   0.8430   0.3510   8.1084
2194   342.82  2816.82   381.62   1.9919    699.16   -2.3500    491.22    5.32   12.55  353.28   62.30    4.04   2.5522   2.5191  -0.1723   1.1381   0.8369   0.3513   8.1088
2195   342.52  2792.97   381.73   1.9883    696.81   -2.3500    481.71    5.32   12.55  353.28   62.30    4.04   2.5386   2.5055  -0.1723   1.1333   0.8299   0.3516   8.1091
2196   342.21  2769.10   381.84   1.9842    694.46   -2.3500    480.37    5.32   12.55  353.28   62.30    4.04   2.5249   2.4918  -0.1723   1.1285   0.8229   0.3520   8.1094
2197   341.90  2745.21   381.95   1.9797    692.11   -2.3500    470.87    5.32   12.55  353.28   62.30    4.04   2.5112   2.4781  -0.1723   1.1237   0.8158   0.3523   8.1097
2198   341.59  2721.30   382.06   1.9748    689.76   -2.3500    469.52    5.32   12.55  353.28   62.30    4.04   2.4975   2.4644  -0.1723   1.1189   0.8087   0.3526   8.1100
2199   341.28  2697.39   382.16   1.9695    687.41   -2.3500    460.02    5.32   12.55  353.28   62.30    4.04   2.4837   2.4506  -0.1723   1.1140   0.8015   0.3529   8.1104
2200   341.47  2670.63   382.27   1.9646    687.41    0.0000    442.36    5.32   12.55  353.28   62.30    4.04   2.4765   2.4434  -0.1723   1.1169   0.7935   0.3532   8.1102
2201   342.11  2638.39   382.37   1.9604    687.41    0.0000    416.54    5.32   12.55  353.28   62.30    4.04   2.4742   2.4411  -0.1723   1.1269   0.7837   0.3535   8.1095
2202   342.67  2598.26   382.48   1.9565    687.41    0.0000    382.56    5.32   12.55  353.28   62.30    4.04   2.4675   2.4344  -0.1723   1.1357   0.7715   0.3538   8.1089
2203   343.18  2550.90   382.58   1.9522    687.41    0.0000    356.75    5.32   12.55  353.28   62.30    4.04   2.4568   2.4237  -0.1723   1.1436   0.7569   0.3541   8.1084
2204   343.63  2499.09   382.68   1.9473    687.41    0.0000    335.37    5.32   12.55  353.28   62.30    4.04   2.4433   2.4101  -0.1723   1.1506   0.7409   0.3544   8.1079
2205   344.04  2444.86   382.78   1.9418    687.41    0.0000    318.92    5.32   12.55  353.28   62.30    4.04   2.4278   2.3947  -0.1723   1.1570   0.7239   0.3547   8.1075
2206   344.41  2390.24   382.88   1.9357    687.41    0.0000    307.89    5.32   12.55  353.28   62.30    4.04   2.4114   2.3783  -0.1723   1.1628   0.7065   0.3550   8.1071
2207   344.75  2337.25   382.98   1.9291    687.41    0.0000    302.77    5.32   12.55  353.28   62.30    4.04   2.3950   2.3618  -0.1723   1.1680   0.6895   0.3553   8.1068
2208   345.06  2287.95   383.08   1.9221    687.41    0.0000    304.03    5.32   12.55  353.28   62.30    4.04   2.3794   2.3462  -0.1723   1.1728   0.6735   0.3556   8.1064
2209   345.35  2241.74   383.18   1.9150    687.41    0.0000    297.13    5.32   12.55  353.28   62.30    4.04   2.3645   2.3314  -0.1723   1.1772   0.6583   0.3558   8.1061
2210   345.61  2197.93   383.28   1.9077    687.41    0.0000    295.83    5.32   12.55  353.28   62.30    4.04   2.3502   2.3170  -0.1723   1.1813   0.6438   0.3561   8.1059
2211   345.86  2155.90   383.37   1.9004    687.41    0.0000    286.37    5.32   12.55  353.28   62.30    4.04   2.3360   2.3029  -0.1723   1.1851   0.6297   0.3564   8.1056
2212   346.08  2115.25   383.47   1.8930    687.41    0.0000    283.54    5.32   12.55  353.28   62.30    4.04   2.3220   2.2889  -0.1723   1.1886   0.6160   0.3567   8.1054
2213   346.30  2075.62   383.56   1.8854    687.41    0.0000    272.55    5.32   12.55  353.28   62.30    4.04   2.3079   2.2748  -0.1723   1.1918   0.6024   0.3569   8.1052
2214   346.49  2036.93   383.65   1.8778    687.41    0.0000    269.72    5.32   12.55  353.28   62.30    4.04   2.2938   2.2607  -0.1723   1.1948   0.5891   0.3572   8.1050
2215   346.67  1999.13   383.74   1.8701    687.41    0.0000    258.74    5.32   12.55  353.28   62.30    4.04   2.2797   2.2465  -0.1723   1.1976   0.5759   0.3575   8.1048
2216   346.84  1962.15   383.84   1.8623    687.41    0.0000    255.91    5.32   12.55  353.28   62.30    4.04   2.2655   2.2324  -0.1723   1.2002   0.5629   0.3577   8.1046
2217   347.00  1927.37   383.93   1.8545    687.41    0.0000    253.11    5.32   12.55  353.28   62.30    4.04   2.2520   2.2189  -0.1723   1.2027   0.5505   0.3580   8.1044
2218   347.15  1896.04   384.02   1.8468    687.41    0.0000    258.48    5.32   12.55  353.28   62.30    4.04   2.2398   2.2067  -0.1723   1.2049   0.5393   0.3583   8.1043
2219   347.28  1870.71   384.10   1.8394    687.41    0.0000    272.00    5.32   12.55  353.28   62.30    4.04   2.2302   2.1971  -0.1723   1.2070   0.5302   0.3585   8.1042
2220   347.41  1850.91   384.19   1.8325    687.41    0.0000    277.52    5.32   12.55  353.28   62.30    4.04   2.2231   2.1900  -0.1723   1.2090   0.5230   0.3588   8.1040
2221   347.53  1835.95   384.28   1.8262    687.41    0.0000    289.92    5.32   12.55  353.28   62.30    4.04   2.2182   2.1850  -0.1723   1.2109   0.5175   0.3590   8.1039
2222   347.65  1825.22   384.37   1.8206    687.41    0.0000    294.31    5.32   12.55  353.28   62.30    4.04   2.2152   2.1820  -0.1723   1.2126   0.5136   0.3593   8.1038
2223   347.76  1818.16   384.45   1.8158    687.41    0.0000    305.63    5.32   12.55  353.28   62.30    4.04   2.2138   2.1807  -0.1723   1.2143   0.5110   0.3595   8.1037
2224   347.86  1814.27   384.54   1.8116    687.41    0.0000    308.95    5.32   12.55  353.28   62.30    4.04   2.2139   2.1807  -0.1723   1.2159   0.5096   0.3598   8.1036
2225   347.96  1813.10   384.62   1.8080    687.41    0.0000    319.25    5.32   12.55  353.28   62.30    4.04   2.2151   2.1820  -0.1723   1.2175   0.5091   0.3600   8.1035
2226   348.06  1814.22   384.70   1.8051    687.41    0.0000    321.53    5.32   12.55  353.28   62.30    4.04   2.2175   2.1843  -0.1723   1.2190   0.5096   0.3602   8.1034
2227   348.16  1817.26   384.79   1.8029    687.41    0.0000    330.87    5.32   12.55  353.28   62.30    4.04   2.2206   2.1875  -0.1723   1.2205   0.5107   0.3605   8.1033
2228   348.25  1821.89   384.87   1.8012    687.41    0.0000    332.18    5.32   12.55  353.28   62.30    4.04   2.2245   2.1913  -0.1723   1.2219   0.5124   0.3607   8.1032
2229   348.35  1827.81   384.95   1.8000    687.41    0.0000    340.61    5.32   12.55  353.28   62.30    4.04   2.2289   2.1958  -0.1723   1.2233   0.5145   0.3609   8.1031
2230   348.44  1834.75   385.03   1.7993    687.41    0.0000    341.00    5.32   12.55  353.28   62.30    4.04   2.2338   2.2006  -0.1723   1.2247   0.5171   0.3612   8.1030
2231   348.53  1842.47   385.11   1.7990    687.41    0.0000    348.57    5.32   12.55  353.28   62.30    4.04   2.2390   2.2058  -0.1723   1.2261   0.5199   0.3614   8.1029
2232   348.61  1850.73   385.19   1.7991    687.41    0.0000    347.99    5.32   12.55  353.28   62.30    4.04   2.2444   2.2112  -0.1723   1.2275   0.5229   0.3616   8.1028
2233   348.70  1859.49   385.27   1.7995    687.41    0.0000    355.56    5.32   12.55  353.28   62.30    4.04   2.2499   2.2168  -0.1723   1.2288   0.5261   0.3619   8.1027
2234   348.79  1868.70   385.34   1.8003    687.41    0.0000    354.98    5.32   12.55  353.28   62.30    4.04   2.2557   2.2226  -0.1723   1.2301   0.5294   0.3621   8.1026
2235   348.87  1878.33   385.42   1.8013    687.41    0.0000    362.55    5.32   12.55  353.28   62.30    4.04   2.2616   2.2285  -0.1723   1.2314   0.5329   0.3623   8.1025
2236   348.96  1888.34   385.50   1.8027    687.41    0.0000    361.96    5.32   12.55  353.28   62.30    4.04   2.2677   2.2346  -0.1723   1.2327   0.5365   0.3625   8.1024
2237   349.04  1898.69   385.57   1.8042    687.41    0.0000    369.53    5.32   12.55  353.28   62.30    4.04   2.2739   2.2408  -0.1723   1.2340   0.5403   0.3627   8.1024
2238   349.12  1909.37   385.65   1.8060    687.41    0.0000    368.95    5.32   12.55  353.28   62.30    4.04   2.2802   2.2471  -0.1723   1.2352   0.5441   0.3629   8.1023
2239   349.20  1917.49   385.72   1.8078    687.41    0.0000    360.21    5.32   12.55  353.28   62.30    4.04   2.2853   2.2521  -0.1723   1.2365   0.5470   0.3632   8.1022
2240   349.28  1923.29   385.79   1.8096    687.41    0.0000    359.62    5.32   12.55  353.28   62.30    4.04   2.2892   2.2560  -0.1723   1.2377   0.5491   0.3634   8.1021
2241   349.36  1929.81   385.86   1.8114    687.41    0.0000    367.19    5.32   12.55  353.28   62.30    4.04   2.2934   2.2603  -0.1723   1.2389   0.5514   0.3636   8.1020
2242   349.44  1939.82   385.94   1.8134    687.41    0.0000    382.92    5.32   12.55  353.28   62.30    4.04   2.2993   2.2661  -0.1723   1.2401   0.5550   0.3638   8.1019
2243   349.52  1953.03   386.01   1.8157    687.41    0.0000    390.49    5.32   12.55  353.28   62.30    4.04   2.3067   2.2735  -0.1723   1.2413   0.5597   0.3640   8.1019
2244   349.59  1966.32   386.08   1.8184    687.41    0.0000    389.91    5.32   12.55  353.28   62.30    4.04   2.3141   2.2810  -0.1723   1.2424   0.5644   0.3642   8.1018
2245   349.67  1979.69   386.15   1.8212    687.41    0.0000    397.48    5.32   12.55  353.28   62.30    4.04   2.3215   2.2884  -0.1723   1.2436   0.5691   0.3644   8.1017
2246   349.74  1993.13   386.22   1.8242    687.41    0.0000    396.90    5.32   12.55  353.28   62.30    4.04   2.3289   2.2958  -0.1723   1.2447   0.5738   0.3646   8.1016
2247   349.82  2003.79   386.29   1.8273    687.41    0.0000    388.15    5.32   12.55  353.28   62.30    4.04   2.3349   2.3018  -0.1723   1.2459   0.5775   0.3648   8.1016
2248   349.89  2011.92   386.35   1.8302    687.41    0.0000    387.57    5.32   12.55  353.28   62.30    4.04   2.3397   2.3066  -0.1723   1.2470   0.5804   0.3650   8.1015
2249   349.97  2017.72   386.42   1.8330    687.41    0.0000    378.82    5.32   12.55  353.28   62.30    4.04   2.3434   2.3103  -0.1723   1.2482   0.5824   0.3652   8.1014
2250   350.04  2021.41   386.49   1.8355    687.41    0.0000    378.24    5.32   12.55  353.28   62.30    4.04   2.3461   2.3129  -0.1723   1.2493   0.5837   0.3654   8.1013
2251   350.11  2023.15   386.55   1.8378    687.41    0.0000    369.49    5.32   12.55  353.28   62.30    4.04   2.3479   2.3147  -0.1723   1.2503   0.5843   0.3656   8.1013
2252   350.18  2020.27   386.62   1.8397    687.41    0.0000    352.59    5.32   12.55  353.28   62.30    4.04   2.3475   2.3144  -0.1723   1.2514   0.5833   0.3658   8.1012
2253   350.25  2013.17   386.68   1.8410    687.41    0.0000    343.85    5.32   12.55  353.28   62.30    4.04   2.3452   2.3120  -0.1723   1.2524   0.5808   0.3659   8.1011
2254   350.31  2005.05   386.75   1.8419    687.41    0.0000    343.26    5.32   12.55  353.28   62.30    4.04   2.3423   2.3092  -0.1723   1.2534   0.5780   0.3661   8.1011
2255   350.37  1996.00   386.81   1.8424    687.41    0.0000    334.52    5.32   12.55  353.28   62.30    4.04   2.3390   2.3059  -0.1723   1.2543   0.5748   0.3663   8.1010
2256   350.43  1986.10   386.88   1.8425    687.41    0.0000    333.93    5.32   12.55  353.28   62.30    4.04   2.3354   2.3022  -0.1723   1.2552   0.5713   0.3665   8.1009
2257   350.48  1975.41   386.94   1.8423    687.41    0.0000    325.19    5.32   12.55  353.28   62.30    4.04   2.3313   2.2982  -0.1723   1.2560   0.5676   0.3667   8.1009
2258   350.54  1964.02   387.00   1.8418    687.41    0.0000    324.60    5.32   12.55  353.28   62.30    4.04   2.3269   2.2937  -0.1723   1.2568   0.5636   0.3668   8.1008
2259   350.58  1951.98   387.06   1.8410    687.41    0.0000    315.86    5.32   12.55  353.28   62.30    4.04   2.3221   2.2890  -0.1723   1.2575   0.5593   0.3670   8.1008
2260   350.63  1939.35   387.12   1.8399    687.41    0.0000    315.27    5.32   12.55  353.28   62.30    4.04   2.3170   2.2838  -0.1723   1.2583   0.5548   0.3672   8.1007
2261   350.67  1926.19   387.18   1.8386    687.41    0.0000    306.53    5.32   12.55  353.28   62.30    4.04   2.3116   2.2784  -0.1723   1.2589   0.5501   0.3674   8.1007
2262   350.72  1912.53   387.24   1.8370    687.41    0.0000    305.95    5.32   12.55  353.28   62.30    4.04   2.3058   2.2727  -0.1723   1.2595   0.5452   0.3675   8.1006
2263   350.75  1898.44   387.30   1.8352    687.41    0.0000    297.20    5.32   12.55  353.28   62.30    4.04   2.2999   2.2667  -0.1723   1.2601   0.5402   0.3677   8.1006
2264   350.79  1883.93   387.36   1.8332    687.41    0.0000    296.62    5.32   12.55  353.28   62.30    4.04   2.2936   2.2605  -0.1723   1.2607   0.5350   0.3679   8.1006
2265   350.82  1869.07   387.42   1.8309    687.41    0.0000    287.87    5.32   12.55  353.28   62.30    4.04   2.2871   2.2540  -0.1723   1.2612   0.5296   0.3680   8.1005
2266   350.85  1853.87   387.48   1.8285    687.41    0.0000    287.29    5.32   12.55  353.28   62.30    4.04   2.2804   2.2472  -0.1723   1.2616   0.5241   0.3682   8.1005
2267   350.88  1838.37   387.53   1.8258    687.41    0.0000    278.54    5.32   12.55  353.28   62.30    4.04   2.2735   2.2403  -0.1723   1.2621   0.5184   0.3684   8.1005
2268   350.91  1822.60   387.59   1.8230    687.41    0.0000    277.96    5.32   12.55  353.28   62.30    4.04   2.2663   2.2332  -0.1723   1.2625   0.5126   0.3685   8.1004
2269   350.93  1806.59   387.65   1.8200    687.41    0.0000    269.21    5.32   12.55  353.28   62.30    4.04   2.2590   2.2258  -0.1723   1.2628   0.5067   0.3687   8.1004
2270   350.95  1789.61   387.70   1.8168    687.41    0.0000    264.32    5.32   12.55  353.28   62.30    4.04   2.2511   2.2179  -0.1723   1.2631   0.5005   0.3689   8.1004
2271   350.97  1773.83   387.76   1.8134    687.41    0.0000    267.58    5.32   12.55  353.28   62.30    4.04   2.2437   2.2106  -0.1723   1.2634   0.4946   0.3690   8.1004
2272   350.99  1759.17   387.81   1.8100    687.41    0.0000    262.69    5.32   12.55  353.28   62.30    4.04   2.2368   2.2037  -0.1723   1.2637   0.4891   0.3692   8.1004
2273   351.00  1742.68   387.87   1.8065    687.41    0.0000    249.63    5.32   12.55  353.28   62.30    4.04   2.2290   2.1958  -0.1723   1.2639   0.4829   0.3693   8.1003
2274   351.02  1724.52   387.92   1.8027    687.41    0.0000    244.74    5.32   12.55  353.28   62.30    4.04   2.2202   2.1870  -0.1723   1.2641   0.4761   0.3695   8.1003
2275   351.03  1707.70   387.97   1.7988    687.41    0.0000    248.00    5.32   12.55  353.28   62.30    4.04   2.2119   2.1788  -0.1723   1.2643   0.4697   0.3696   8.1003
2276   351.04  1694.92   388.02   1.7949    687.41    0.0000    259.42    5.32   12.55  353.28   62.30    4.04   2.2057   2.1726  -0.1723   1.2644   0.4649   0.3698   8.1003
2277   351.04  1685.84   388.08   1.7913    687.41    0.0000    262.69    5.32   12.55  353.28   62.30    4.04   2.2015   2.1683  -0.1723   1.2645   0.4614   0.3699   8.1003
2278   351.05  1677.29   388.13   1.7880    687.41    0.0000    257.79    5.32   12.55  353.28   62.30    4.04   2.1974   2.1643  -0.1723   1.2646   0.4581   0.3701   8.1003
2279   351.06  1669.22   388.18   1.7848    687.41    0.0000    261.06    5.32   12.55  353.28   62.30    4.04   2.1936   2.1604  -0.1723   1.2647   0.4550   0.3702   8.1003
2280   351.06  1664.43   388.23   1.7819    687.41    0.0000    272.48    5.32   12.55  353.28   62.30    4.04   2.1914   2.1583  -0.1723   1.2648   0.4532   0.3704   8.1003
2281   351.07  1662.62   388.28   1.7795    687.41    0.0000    275.74    5.32   12.55  353.28   62.30    4.04   2.1907   2.1576  -0.1723   1.2649   0.4525   0.3705   8.1003
2282   351.07  1663.52   388.33   1.7774    687.41    0.0000    287.16    5.32   12.55  353.28   62.30    4.04   2.1915   2.1584  -0.1723   1.2650   0.4528   0.3707   8.1003
2283   351.08  1666.90   388.38   1.7759    687.41    0.0000    290.42    5.32   12.55  353.28   62.30    4.04   2.1936   2.1604  -0.1723   1.2651   0.4541   0.3708   8.1003
2284   351.09  1669.69   388.43   1.7747    687.41    0.0000    285.53    5.32   12.55  353.28   62.30    4.04   2.1953   2.1621  -0.1723   1.2652   0.4552   0.3709   8.1003
2285   351.10  1669.11   388.48   1.7736    687.41    0.0000    272.48    5.32   12.55  353.28   62.30    4.04   2.1952   2.1620  -0.1723   1.2653   0.4550   0.3711   8.1003
2286   351.10  1665.46   388.52   1.7725    687.41    0.0000    267.58    5.32   12.55  353.28   62.30    4.04   2.1934   2.1602  -0.1723   1.2655   0.4536   0.3712   8.1002
2287   351.11  1661.86   388.57   1.7712    687.41    0.0000    270.85    5.32   12.55  353.28   62.30    4.04   2.1916   2.1585  -0.1723   1.2656   0.4522   0.3714   8.1002
2288   351.12  1658.29   388.62   1.7699    687.41    0.0000    265.95    5.32   12.55  353.28   62.30    4.04   2.1899   2.1567  -0.1723   1.2657   0.4508   0.3715   8.1002
2289   351.13  1654.76   388.66   1.7686    687.41    0.0000    269.21    5.32   12.55  353.28   62.30    4.04   2.1882   2.1551  -0.1723   1.2659   0.4495   0.3716   8.1002
2290   351.14  1651.26   388.71   1.7673    687.41    0.0000    264.32    5.32   12.55  353.28   62.30    4.04   2.1866   2.1534  -0.1723   1.2660   0.4481   0.3718   8.1002
2291   351.15  1644.96   388.76   1.7659    687.41    0.0000    251.27    5.32   12.55  353.28   62.30    4.04   2.1834   2.1503  -0.1723   1.2661   0.4457   0.3719   8.1002
2292   351.15  1636.10   388.80   1.7642    687.41    0.0000    246.37    5.32   12.55  353.28   62.30    4.04   2.1789   2.1458  -0.1723   1.2662   0.4423   0.3720   8.1002
2293   351.16  1627.76   388.85   1.7624    687.41    0.0000    249.63    5.32   12.55  353.28   62.30    4.04   2.1747   2.1415  -0.1723   1.2663   0.4390   0.3721   8.1002
2294   351.17  1619.88   388.89   1.7604    687.41    0.0000    244.74    5.32   12.55  353.28   62.30    4.04   2.1706   2.1375  -0.1723   1.2664   0.4359   0.3723   8.1002
2295   351.17  1612.43   388.94   1.7584    687.41    0.0000    248.00    5.32   12.55  353.28   62.30    4.04   2.1669   2.1337  -0.1723   1.2665   0.4330   0.3724   8.1002
2296   351.17  1607.01   388.98   1.7564    687.41    0.0000    252.49    5.32   12.55  353.28   62.30    4.04   2.1642   2.1310  -0.1723   1.2665   0.4309   0.3725   8.1002
2297   351.18  1602.21   389.02   1.7545    687.41    0.0000    248.82    5.32   12.55  353.28   62.30    4.04   2.1618   2.1287  -0.1723   1.2666   0.4290   0.3726   8.1002
2298   351.18  1596.50   389.07   1.7527    687.41    0.0000    244.74    5.32   12.55  353.28   62.30    4.04   2.1589   2.1258  -0.1723   1.2666   0.4268   0.3728   8.1002
2299   351.18  1591.31   389.11   1.7508    687.41    0.0000    248.82    5.32   12.55  353.28   62.30    4.04   2.1563   2.1232  -0.1723   1.2666   0.4247   0.3729   8.1002
2300   351.18  1586.59   389.15   1.7490    687.41    0.0000    244.74    5.32   12.55  353.28   62.30    4.04   2.1539   2.1208  -0.1723   1.2667   0.4229   0.3730   8.1002
2301   351.19  1582.30   389.19   1.7473    687.41    0.0000    248.82    5.32   12.55  353.28   62.30    4.04   2.1518   2.1186  -0.1723   1.2667   0.4212   0.3731   8.1002
2302   351.19  1578.39   389.23   1.7456    687.41    0.0000    244.74    5.32   12.55  353.28   62.30    4.04   2.1498   2.1166  -0.1723   1.2667   0.4196   0.3733   8.1002
2303   351.19  1574.14   389.27   1.7440    687.41    0.0000    244.74    5.32   12.55  353.28   62.30    4.04   2.1476   2.1145  -0.1723   1.2667   0.4180   0.3734   8.1002
2304   351.19  1570.98   389.31   1.7424    687.41    0.0000    248.82    5.32   12.55  353.28   62.30    4.04   2.1460   2.1129  -0.1723   1.2667   0.4167   0.3735   8.1002
2305   351.19  1568.10   389.35   1.7409    687.41    0.0000    244.74    5.32   12.55  353.28   62.30    4.04   2.1446   2.1114  -0.1723   1.2668   0.4156   0.3736   8.1002
2306   351.19  1565.49   389.39   1.7395    687.41    0.0000    248.82    5.32   12.55  353.28   62.30    4.04   2.1433   2.1101  -0.1723   1.2668   0.4145   0.3737   8.1002
2307   351.19  1563.12   389.43   1.7382    687.41    0.0000    244.74    5.32   12.55  353.28   62.30    4.04   2.1421   2.1090  -0.1723   1.2668   0.4136   0.3738   8.1002
2308   351.19  1560.96   389.47   1.7369    687.41    0.0000    248.82    5.32   12.55  353.28   62.30    4.04   2.1410   2.1079  -0.1723   1.2668   0.4127   0.3739   8.1002
2309   351.19  1559.00   389.51   1.7357    687.41    0.0000    244.74    5.32   12.55  353.28   62.30    4.04   2.1400   2.1069  -0.1723   1.2668   0.4120   0.3740   8.1002
2310   351.20  1557.22   389.55   1.7346    687.41    0.0000    248.82    5.32   12.55  353.28   62.30    4.04   2.1392   2.1060  -0.1723   1.2668   0.4112   0.3742   8.1002
2311   351.20  1555.60   389.59   1.7336    687.41    0.0000    244.74    5.32   12.55  353.28   62.30    4.04   2.1384   2.1052  -0.1723   1.2669   0.4106   0.3743   8.1002
2312   351.20  1554.13   389.63   1.7326    687.41    0.0000    248.82    5.32   12.55  353.28   62.30    4.04   2.1377   2.1045  -0.1723   1.2669   0.4100   0.3744   8.1001
2313   351.20  1552.79   389.66   1.7316    687.41    0.0000    244.74    5.32   12.55  353.28   62.30    4.04   2.1370   2.1039  -0.1723   1.2669   0.4095   0.3745   8.1001
2314   351.20  1551.57   389.70   1.7307    687.41    0.0000    248.82    5.32   12.55  353.28   62.30    4.04   2.1364   2.1033  -0.1723   1.2669   0.4090   0.3746   8.1001
2315   351.20  1550.47   389.74   1.7299    687.41    0.0000    244.74    5.32   12.55  353.28   62.30    4.04   2.1359   2.1028  -0.1723   1.2670   0.4086   0.3747   8.1001
2316   351.21  1549.47   389.77   1.7291    687.41    0.0000    248.82    5.32   12.55  353.28   62.30    4.04   2.1355   2.1023  -0.1723   1.2670   0.4081   0.3748   8.1001
2317   351.21  1548.55   389.81   1.7284    687.41    0.0000    244.74    5.32   12.55  353.28   62.30    4.04   2.1350   2.1019  -0.1723   1.2670   0.4078   0.3749   8.1001
2318   351.21  1547.72   389.85   1.7277    687.41    0.0000    248.82    5.32   12.55  353.28   62.30    4.04   2.1347   2.1015  -0.1723   1.2671   0.4075   0.3750   8.1001
2319   351.21  1549.81   389.88   1.7272    687.41    0.0000    261.06    5.32   12.55  353.28   62.30    4.04   2.1359   2.1028  -0.1723   1.2671   0.4083   0.3751   8.1001
2320   351.22  1554.53   389.92   1.7270    687.41    0.0000    265.13    5.32   12.55  353.28   62.30    4.04   2.1386   2.1055  -0.1723   1.2672   0.4102   0.3752   8.1001
2321   351.22  1561.67   389.95   1.7273    687.41    0.0000    277.37    5.32   12.55  353.28   62.30    4.04   2.1426   2.1095  -0.1723   1.2672   0.4130   0.3753   8.1001
2322   351.23  1570.98   389.98   1.7279    687.41    0.0000    281.45    5.32   12.55  353.28   62.30    4.04   2.1479   2.1147  -0.1723   1.2673   0.4167   0.3754   8.1001
2323   351.23  1579.45   390.02   1.7288    687.41    0.0000    277.37    5.32   12.55  353.28   62.30    4.04   2.1526   2.1194  -0.1723   1.2674   0.4201   0.3755   8.1001
2324   351.24  1587.15   390.05   1.7300    687.41    0.0000    281.45    5.32   12.55  353.28   62.30    4.04   2.1568   2.1237  -0.1723   1.2675   0.4231   0.3756   8.1001
2325   351.25  1596.99   390.09   1.7314    687.41    0.0000    293.69    5.32   12.55  353.28   62.30    4.04   2.1622   2.1291  -0.1723   1.2677   0.4270   0.3757   8.1001
2326   351.26  1608.77   390.12   1.7331    687.41    0.0000    297.77    5.32   12.55  353.28   62.30    4.04   2.1686   2.1355  -0.1723   1.2679   0.4316   0.3758   8.1001
2327   351.28  1622.33   390.15   1.7352    687.41    0.0000    310.00    5.32   12.55  353.28   62.30    4.04   2.1759   2.1428  -0.1723   1.2681   0.4369   0.3759   8.1001
2328   351.29  1637.49   390.18   1.7377    687.41    0.0000    314.08    5.32   12.55  353.28   62.30    4.04   2.1841   2.1510  -0.1723   1.2683   0.4428   0.3760   8.1001
2329   351.31  1651.30   390.22   1.7404    687.41    0.0000    310.00    5.32   12.55  353.28   62.30    4.04   2.1916   2.1584  -0.1723   1.2685   0.4481   0.3761   8.1000
2330   351.32  1663.86   390.25   1.7432    687.41    0.0000    314.08    5.32   12.55  353.28   62.30    4.04   2.1983   2.1651  -0.1723   1.2688   0.4530   0.3762   8.1000
2331   351.34  1675.29   390.28   1.7461    687.41    0.0000    310.00    5.32   12.55  353.28   62.30    4.04   2.2044   2.1712  -0.1723   1.2691   0.4574   0.3762   8.1000
2332   351.36  1682.87   390.31   1.7489    687.41    0.0000    297.77    5.32   12.55  353.28   62.30    4.04   2.2084   2.1753  -0.1723   1.2694   0.4603   0.3763   8.1000
2333   351.39  1686.93   390.34   1.7514    687.41    0.0000    293.69    5.32   12.55  353.28   62.30    4.04   2.2107   2.1775  -0.1723   1.2697   0.4618   0.3764   8.1000
2334   351.41  1687.79   390.37   1.7534    687.41    0.0000    281.45    5.32   12.55  353.28   62.30    4.04   2.2112   2.1781  -0.1723   1.2700   0.4622   0.3765   8.0999
2335   351.43  1685.73   390.40   1.7551    687.41    0.0000    277.37    5.32   12.55  353.28   62.30    4.04   2.2103   2.1772  -0.1723   1.2703   0.4614   0.3766   8.0999
2336   351.45  1681.02   390.43   1.7562    687.41    0.0000    265.13    5.32   12.55  353.28   62.30    4.04   2.2081   2.1749  -0.1723   1.2706   0.4596   0.3767   8.0999
2337   351.46  1673.89   390.46   1.7568    687.41    0.0000    261.06    5.32   12.55  353.28   62.30    4.04   2.2046   2.1714  -0.1723   1.2709   0.4568   0.3768   8.0999
2338   351.48  1667.40   390.49   1.7571    687.41    0.0000    265.13    5.32   12.55  353.28   62.30    4.04   2.2014   2.1683  -0.1723   1.2711   0.4543   0.3769   8.0999
2339   351.49  1661.50   390.52   1.7572    687.41    0.0000    261.06    5.32   12.55  353.28   62.30    4.04   2.1986   2.1654  -0.1723   1.2714   0.4521   0.3769   8.0998
2340   351.51  1655.58   390.55   1.7570    687.41    0.0000    262.08    5.32   12.55  353.28   62.30    4.04   2.1958   2.1626  -0.1723   1.2716   0.4498   0.3770   8.0998
2341   351.52  1649.14   390.58   1.7566    687.41    0.0000    254.94    5.32   12.55  353.28   62.30    4.04   2.1927   2.1596  -0.1723   1.2717   0.4473   0.3771   8.0998
2342   351.53  1642.21   390.61   1.7561    687.41    0.0000    255.96    5.32   12.55  353.28   62.30    4.04   2.1893   2.1562  -0.1723   1.2719   0.4446   0.3772   8.0998
2343   351.54  1634.84   390.64   1.7553    687.41    0.0000    248.82    5.32   12.55  353.28   62.30    4.04   2.1857   2.1525  -0.1723   1.2720   0.4418   0.3773   8.0998
2344   351.55  1627.07   390.67   1.7544    687.41    0.0000    249.84    5.32   12.55  353.28   62.30    4.04   2.1818   2.1487  -0.1723   1.2722   0.4387   0.3774   8.0998
2345   351.55  1621.78   390.69   1.7535    687.41    0.0000    259.02    5.32   12.55  353.28   62.30    4.04   2.1792   2.1461  -0.1723   1.2723   0.4367   0.3774   8.0998
2346   351.56  1618.73   390.72   1.7526    687.41    0.0000    260.04    5.32   12.55  353.28   62.30    4.04   2.1778   2.1447  -0.1723   1.2723   0.4355   0.3775   8.0998
2347   351.56  1617.73   390.75   1.7519    687.41    0.0000    269.21    5.32   12.55  353.28   62.30    4.04   2.1776   2.1444  -0.1723   1.2724   0.4351   0.3776   8.0998
2348   351.57  1618.60   390.78   1.7515    687.41    0.0000    270.23    5.32   12.55  353.28   62.30    4.04   2.1783   2.1451  -0.1723   1.2725   0.4354   0.3777   8.0998
2349   351.57  1618.32   390.80   1.7512    687.41    0.0000    263.10    5.32   12.55  353.28   62.30    4.04   2.1783   2.1452  -0.1723   1.2726   0.4353   0.3777   8.0998
2350   351.58  1617.01   390.83   1.7509    687.41    0.0000    264.12    5.32   12.55  353.28   62.30    4.04   2.1778   2.1447  -0.1723   1.2727   0.4348   0.3778   8.0998
2351   351.59  1614.75   390.86   1.7505    687.41    0.0000    256.98    5.32   12.55  353.28   62.30    4.04   2.1767   2.1436  -0.1723   1.2728   0.4339   0.3779   8.0998
2352   351.59  1611.63   390.88   1.7501    687.41    0.0000    258.00    5.32   12.55  353.28   62.30    4.04   2.1752   2.1420  -0.1723   1.2728   0.4327   0.3780   8.0998
2353   351.60  1607.73   390.91   1.7496    687.41    0.0000    250.86    5.32   12.55  353.28   62.30    4.04   2.1732   2.1401  -0.1723   1.2729   0.4312   0.3780   8.0997
2354   351.60  1603.11   390.93   1.7489    687.41    0.0000    251.88    5.32   12.55  353.28   62.30    4.04   2.1708   2.1377  -0.1723   1.2730   0.4294   0.3781   8.0997
2355   351.61  1597.85   390.96   1.7481    687.41    0.0000    244.74    5.32   12.55  353.28   62.30    4.04   2.1681   2.1350  -0.1723   1.2731   0.4273   0.3782   8.0997
2356   351.61  1592.01   390.98   1.7471    687.41    0.0000    245.76    5.32   12.55  353.28   62.30    4.04   2.1651   2.1320  -0.1723   1.2731   0.4250   0.3783   8.0997
2357   351.61  1586.69   391.01   1.7461    687.41    0.0000    244.74    5.32   12.55  353.28   62.30    4.04   2.1624   2.1292  -0.1723   1.2732   0.4229   0.3783   8.0997
2358   351.61  1581.97   391.03   1.7450    687.41    0.0000    246.37    5.32   12.55  353.28   62.30    4.04   2.1600   2.1268  -0.1723   1.2732   0.4211   0.3784   8.0997
2359   351.62  1579.65   391.06   1.7441    687.41    0.0000    256.16    5.32   12.55  353.28   62.30    4.04   2.1588   2.1257  -0.1723   1.2732   0.4201   0.3785   8.0997
2360   351.62  1579.54   391.08   1.7433    687.41    0.0000    257.79    5.32   12.55  353.28   62.30    4.04   2.1589   2.1258  -0.1723   1.2732   0.4201   0.3785   8.0997
2361   351.62  1578.58   391.11   1.7427    687.41    0.0000    251.27    5.32   12.55  353.28   62.30    4.04   2.1586   2.1254  -0.1723   1.2733   0.4197   0.3786   8.0997
2362   351.62  1576.86   391.13   1.7421    687.41    0.0000    252.90    5.32   12.55  353.28   62.30    4.04   2.1578   2.1246  -0.1723   1.2733   0.4190   0.3787   8.0997
2363   351.62  1575.58   391.15   1.7415    687.41    0.0000    252.90    5.32   12.55  353.28   62.30    4.04   2.1572   2.1240  -0.1723   1.2733   0.4185   0.3787   8.0997
2364   351.63  1572.99   391.18   1.7409    687.41    0.0000    244.74    5.32   12.55  353.28   62.30    4.04   2.1558   2.1227  -0.1723   1.2734   0.4175   0.3788   8.0997
2365   351.63  1569.23   391.20   1.7402    687.41    0.0000    244.74    5.32   12.55  353.28   62.30    4.04   2.1539   2.1207  -0.1723   1.2734   0.4160   0.3789   8.0997
2366   351.63  1566.51   391.22   1.7394    687.41    0.0000    248.82    5.32   12.55  353.28   62.30    4.04   2.1525   2.1193  -0.1723   1.2734   0.4149   0.3789   8.0997
2367   351.63  1564.05   391.24   1.7387    687.41    0.0000    244.74    5.32   12.55  353.28   62.30    4.04   2.1512   2.1181  -0.1723   1.2734   0.4140   0.3790   8.0997
2368   351.63  1561.10   391.27   1.7380    687.41    0.0000    244.74    5.32   12.55  353.28   62.30    4.04   2.1497   2.1165  -0.1723   1.2735   0.4128   0.3791   8.0997
2369   351.63  1558.41   391.29   1.7372    687.41    0.0000    244.74    5.32   12.55  353.28   62.30    4.04   2.1483   2.1152  -0.1723   1.2735   0.4117   0.3791   8.0997
2370   351.63  1556.69   391.31   1.7365    687.41    0.0000    248.82    5.32   12.55  353.28   62.30    4.04   2.1475   2.1143  -0.1723   1.2735   0.4110   0.3792   8.0997
2371   351.64  1555.11   391.33   1.7359    687.41    0.0000    244.74    5.32   12.55  353.28   62.30    4.04   2.1467   2.1135  -0.1723   1.2735   0.4104   0.3793   8.0997
2372   351.64  1552.98   391.36   1.7352    687.41    0.0000    244.74    5.32   12.55  353.28   62.30    4.04   2.1456   2.1125  -0.1723   1.2735   0.4096   0.3793   8.0997
2373   351.64  1551.75   391.38   1.7346    687.41    0.0000    248.82    5.32   12.55  353.28   62.30    4.04   2.1450   2.1119  -0.1723   1.2736   0.4091   0.3794   8.0997
2374   351.64  1550.62   391.40   1.7340    687.41    0.0000    244.74    5.32   12.55  353.28   62.30    4.04   2.1445   2.1113  -0.1723   1.2736   0.4086   0.3794   8.0997
2375   351.64  1548.90   391.42   1.7335    687.41    0.0000    244.74    5.32   12.55  353.28   62.30    4.04   2.1436   2.1105  -0.1723   1.2736   0.4079   0.3795   8.0997
2376   351.64  1547.33   391.44   1.7329    687.41    0.0000    244.74    5.32   12.55  353.28   62.30    4.04   2.1428   2.1097  -0.1723   1.2736   0.4073   0.3796   8.0997
2377   351.64  1545.90   391.46   1.7324    687.41    0.0000    244.74    5.32   12.55  353.28   62.30    4.04   2.1421   2.1090  -0.1723   1.2736   0.4067   0.3796   8.0997
2378   351.65  1544.61   391.48   1.7319    687.41    0.0000    244.74    5.32   12.55  353.28   62.30    4.04   2.1415   2.1083  -0.1723   1.2737   0.4062   0.3797   8.0997
2379   351.65  1544.14   391.50   1.7315    687.41    0.0000    248.82    5.32   12.55  353.28   62.30    4.04   2.1413   2.1082  -0.1723   1.2737   0.4060   0.3797   8.0997
2380   351.65  1543.71   391.52   1.7311    687.41    0.0000    244.74    5.32   12.55  353.28   62.30    4.04   2.1411   2.1080  -0.1723   1.2737   0.4059   0.3798   8.0997
2381   351.65  1543.33   391.54   1.7307    687.41    0.0000    248.82    5.32   12.55  353.28   62.30    4.04   2.1410   2.1079  -0.1723   1.2737   0.4057   0.3799   8.0997
2382   351.65  1542.98   391.56   1.7304    687.41    0.0000    244.74    5.32   12.55  353.28   62.30    4.04   2.1409   2.1078  -0.1723   1.2738   0.4056   0.3799   8.0997
2383   351.66  1541.95   391.58   1.7301    687.41    0.0000    244.74    5.32   12.55  353.28   62.30    4.04   2.1404   2.1073  -0.1723   1.2738   0.4051   0.3800   8.0997
2384   351.66  1541.72   391.60   1.7298    687.41    0.0000    248.82    5.32   12.55  353.28   62.30    4.04   2.1403   2.1072  -0.1723   1.2739   0.4051   0.3800   8.0997
2385   351.66  1541.52   391.62   1.7296    687.41    0.0000    244.74    5.32   12.55  353.28   62.30    4.04   2.1403   2.1072  -0.1723   1.2739   0.4050   0.3801   8.0997
2386   351.66  1540.62   391.64   1.7293    687.41    0.0000    244.74    5.32   12.55  353.28   62.30    4.04   2.1399   2.1067  -0.1723   1.2739   0.4046   0.3801   8.0997
2387   351.67  1539.81   391.66   1.7291    687.41    0.0000    244.74    5.32   12.55  353.28   62.30    4.04   2.1395   2.1064  -0.1723   1.2740   0.4043   0.3802   8.0997
2388   351.67  1539.78   391.68   1.7289    687.41    0.0000    248.82    5.32   12.55  353.28   62.30    4.04   2.1396   2.1064  -0.1723   1.2740   0.4043   0.3802   8.0997
2389   351.67  1539.75   391.69   1.7287    687.41    0.0000    244.74    5.32   12.55  353.28   62.30    4.04   2.1396   2.1065  -0.1723   1.2741   0.4043   0.3803   8.0997
2390   351.68  1539.02   391.71   1.7285    687.41    0.0000    244.74    5.32   12.55  353.28   62.30    4.04   2.1393   2.1062  -0.1723   1.2741   0.4040   0.3803   8.0997
2391   351.68  1539.06   391.73   1.7284    687.41    0.0000    248.82    5.32   12.55  353.28   62.30    4.04   2.1394   2.1063  -0.1723   1.2742   0.4040   0.3804   8.0997
2392   351.68  1539.10   391.75   1.7283    687.41    0.0000    244.74    5.32   12.55  353.28   62.30    4.04   2.1395   2.1064  -0.1723   1.2742   0.4040   0.3804   8.0997
2393   351.69  1538.43   391.77   1.7281    687.41    0.0000    244.74    5.32   12.55  353.28   62.30    4.04   2.1393   2.1061  -0.1723   1.2743   0.4037   0.3805   8.0997
2394   351.69  1537.82   391.78   1.7280    687.41    0.0000    244.74    5.32   12.55  353.28   62.30    4.04   2.1390   2.1059  -0.1723   1.2743   0.4035   0.3806   8.0997
2395   351.69  1537.26   391.80   1.7278    687.41    0.0000    244.74    5.32   12.55  353.28   62.30    4.04   2.1388   2.1056  -0.1723   1.2744   0.4033   0.3806   8.0996
2396   351.70  1536.75   391.82   1.7277    687.41    0.0000    244.74    5.32   12.55  353.28   62.30    4.04   2.1386   2.1054  -0.1723   1.2745   0.4031   0.3806   8.0996
2397   351.70  1536.30   391.84   1.7276    687.41    0.0000    244.74    5.32   12.55  353.28   62.30    4.04   2.1384   2.1053  -0.1723   1.2745   0.4029   0.3807   8.0996
2398   351.71  1535.88   391.85   1.7275    687.41    0.0000    244.74    5.32   12.55  353.28   62.30    4.04   2.1383   2.1052  -0.1723   1.2746   0.4027   0.3807   8.0996
2399   351.71  1536.21   391.87   1.7274    687.41    0.0000    248.82    5.32   12.55  353.28   62.30    4.04   2.1386   2.1054  -0.1723   1.2747   0.4028   0.3808   8.0996
2400   351.71  1536.51   391.89   1.7273    687.41    0.0000    244.74    5.32   12.55  353.28   62.30    4.04   2.1388   2.1057  -0.1723   1.2747   0.4030   0.3808   8.0996
2401   351.72  1536.78   391.90   1.7273    687.41    0.0000    248.82    5.32   12.55  353.28   62.30    4.04   2.1391   2.1060  -0.1723   1.2748   0.4031   0.3809   8.0996
2402   351.72  1537.03   391.92   1.7274    687.41    0.0000    244.74    5.32   12.55  353.28   62.30    4.04   2.1393   2.1062  -0.1723   1.2749   0.4032   0.3809   8.0996
2403   351.73  1536.54   391.94   1.7274    687.41    0.0000    244.74    5.32   12.55  353.28   62.30    4.04   2.1392   2.1060  -0.1723   1.2749   0.4030   0.3810   8.0996
2404   351.73  1536.81   391.95   1.7274    687.41    0.0000    248.82    5.32   12.55  353.28   62.30    4.04   2.1394   2.1063  -0.1723   1.2750   0.4031   0.3810   8.0996
2405   351.74  1537.06   391.97   1.7274    687.41    0.0000    244.74    5.32   12.55  353.28   62.30    4.04   2.1396   2.1065  -0.1723   1.2751   0.4032   0.3811   8.0996
2406   351.74  1536.57   391.98   1.7274    687.41    0.0000    244.74    5.32   12.55  353.28   62.30    4.04   2.1395   2.1063  -0.1723   1.2752   0.4030   0.3811   8.0996
2407   351.75  1536.13   392.00   1.7274    687.41    0.0000    244.74    5.32   12.55  353.28   62.30    4.04   2.1393   2.1062  -0.1723   1.2752   0.4028   0.3812   8.0996
2408   351.75  1535.73   392.02   1.7274    687.41    0.0000    244.74    5.32   12.55  353.28   62.30    4.04   2.1392   2.1061  -0.1723   1.2753   0.4027   0.3812   8.0996
2409   351.76  1535.36   392.03   1.7274    687.41    0.0000    244.74    5.32   12.55  353.28   62.30    4.04   2.1391   2.1060  -0.1723   1.2754   0.4025   0.3813   8.0996
2410   351.77  1535.74   392.05   1.7274    687.41    0.0000    248.82    5.32   12.55  353.28   62.30    4.04   2.1394   2.1063  -0.1723   1.2755   0.4027   0.3813   8.0996
2411   351.77  1536.08   392.06   1.7275    687.41    0.0000    244.74    5.32   12.55  353.28   62.30    4.04   2.1397   2.1066  -0.1723   1.2756   0.4028   0.3813   8.0996
2412   351.78  1536.39   392.08   1.7276    687.41    0.0000    248.82    5.32   12.55  353.28   62.30    4.04   2.1400   2.1069  -0.1723   1.2757   0.4029   0.3814   8.0996
2413   351.78  1536.68   392.09   1.7276    687.41    0.0000    244.74    5.32   12.55  353.28   62.30    4.04   2.1403   2.1072  -0.1723   1.2757   0.4030   0.3814   8.0996
2414   351.79  1536.93   392.11   1.7278    687.41    0.0000    248.82    5.32   12.55  353.28   62.30    4.04   2.1406   2.1074  -0.1723   1.2758   0.4031   0.3815   8.0996
2415   351.79  1537.17   392.12   1.7279    687.41    0.0000    244.74    5.32   12.55  353.28   62.30    4.04   2.1408   2.1077  -0.1723   1.2759   0.4032   0.3815   8.0995
2416   351.80  1537.38   392.14   1.7280    687.41    0.0000    248.82    5.32   12.55  353.28   62.30    4.04   2.1410   2.1079  -0.1723   1.2760   0.4033   0.3816   8.0995
2417   351.81  1537.93   392.15   1.7281    687.41    0.0000    246.78    5.32   12.55  353.28   62.30    4.04   2.1414   2.1083  -0.1723   1.2761   0.4035   0.3816   8.0995
2418   351.81  1539.13   392.16   1.7283    687.41    0.0000    252.90    5.32   12.55  353.28   62.30    4.04   2.1422   2.1091  -0.1723   1.2762   0.4040   0.3816   8.0995
2419   351.82  1541.29   392.18   1.7287    687.41    0.0000    252.90    5.32   12.55  353.28   62.30    4.04   2.1435   2.1104  -0.1723   1.2763   0.4049   0.3817   8.0995
2420   351.83  1541.83   392.19   1.7290    687.41    0.0000    244.74    5.32   12.55  353.28   62.30    4.04   2.1440   2.1108  -0.1723   1.2764   0.4051   0.3817   8.0995
2421   351.83  1540.91   392.21   1.7292    687.41    0.0000    244.74    5.32   12.55  353.28   62.30    4.04   2.1436   2.1104  -0.1723   1.2765   0.4047   0.3818   8.0995
2422   351.84  1540.78   392.22   1.7293    687.41    0.0000    248.82    5.32   12.55  353.28   62.30    4.04   2.1436   2.1105  -0.1723   1.2767   0.4047   0.3818   8.0995
2423   351.85  1540.66   392.23   1.7295    687.41    0.0000    244.74    5.32   12.55  353.28   62.30    4.04   2.1437   2.1105  -0.1723   1.2768   0.4046   0.3818   8.0995
2424   351.86  1540.55   392.25   1.7296    687.41    0.0000    248.82    5.32   12.55  353.28   62.30    4.04   2.1437   2.1106  -0.1723   1.2769   0.4046   0.3819   8.0995
2425   351.86  1540.46   392.26   1.7298    687.41    0.0000    244.74    5.32   12.55  353.28   62.30    4.04   2.1438   2.1107  -0.1723   1.2770   0.4045   0.3819   8.0995
2426   351.87  1540.37   392.27   1.7299    687.41    0.0000    248.82    5.32   12.55  353.28   62.30    4.04   2.1439   2.1108  -0.1723   1.2771   0.4045   0.3819   8.0995
2427   351.88  1543.12   392.29   1.7302    687.41    0.0000    261.06    5.32   12.55  353.28   62.30    4.04   2.1456   2.1124  -0.1723   1.2772   0.4056   0.3820   8.0995
2428   351.89  1548.55   392.30   1.7308    687.41    0.0000    265.64    5.32   12.55  353.28   62.30    4.04   2.1487   2.1156  -0.1723   1.2773   0.4078   0.3820   8.0995
2429   351.89  1553.66   392.31   1.7316    687.41    0.0000    262.08    5.32   12.55  353.28   62.30    4.04   2.1517   2.1185  -0.1723   1.2775   0.4098   0.3821   8.0994
2430   351.90  1555.64   392.32   1.7323    687.41    0.0000    250.35    5.32   12.55  353.28   62.30    4.04   2.1529   2.1198  -0.1723   1.2776   0.4106   0.3821   8.0994
2431   351.91  1554.78   392.34   1.7329    687.41    0.0000    246.78    5.32   12.55  353.28   62.30    4.04   2.1525   2.1194  -0.1723   1.2777   0.4103   0.3821   8.0994
2432   351.92  1554.18   392.35   1.7334    687.41    0.0000    251.37    5.32   12.55  353.28   62.30    4.04   2.1523   2.1192  -0.1723   1.2779   0.4100   0.3822   8.0994
2433   351.93  1553.82   392.36   1.7337    687.41    0.0000    247.80    5.32   12.55  353.28   62.30    4.04   2.1522   2.1190  -0.1723   1.2780   0.4099   0.3822   8.0994
2434   351.94  1553.66   392.37   1.7341    687.41    0.0000    252.39    5.32   12.55  353.28   62.30    4.04   2.1522   2.1191  -0.1723   1.2782   0.4098   0.3822   8.0994
2435   351.95  1553.69   392.39   1.7344    687.41    0.0000    248.82    5.32   12.55  353.28   62.30    4.04   2.1524   2.1193  -0.1723   1.2783   0.4098   0.3823   8.0994
2436   351.96  1552.39   392.40   1.7346    687.41    0.0000    244.74    5.32   12.55  353.28   62.30    4.04   2.1519   2.1187  -0.1723   1.2784   0.4093   0.3823   8.0994
2437   351.97  1551.21   392.41   1.7348    687.41    0.0000    248.82    5.32   12.55  353.28   62.30    4.04   2.1514   2.1182  -0.1723   1.2786   0.4088   0.3823   8.0994
2438   351.98  1550.14   392.42   1.7349    687.41    0.0000    244.74    5.32   12.55  353.28   62.30    4.04   2.1510   2.1178  -0.1723   1.2787   0.4084   0.3824   8.0994
2439   351.99  1549.17   392.43   1.7350    687.41    0.0000    248.82    5.32   12.55  353.28   62.30    4.04   2.1506   2.1174  -0.1723   1.2788   0.4080   0.3824   8.0993
2440   351.99  1548.28   392.45   1.7350    687.41    0.0000    244.74    5.32   12.55  353.28   62.30    4.04   2.1503   2.1171  -0.1723   1.2790   0.4077   0.3824   8.0993
2441   352.00  1547.48   392.46   1.7351    687.41    0.0000    248.82    5.32   12.55  353.28   62.30    4.04   2.1500   2.1168  -0.1723   1.2791   0.4074   0.3825   8.0993
2442   352.01  1546.75   392.47   1.7351    687.41    0.0000    244.74    5.32   12.55  353.28   62.30    4.04   2.1497   2.1166  -0.1723   1.2792   0.4071   0.3825   8.0993
2443   352.02  1545.94   392.48   1.7351    687.41    0.0000    248.00    5.32   12.55  353.28   62.30    4.04   2.1495   2.1163  -0.1723   1.2793   0.4067   0.3825   8.0993
2444   352.03  1547.76   392.49   1.7353    687.41    0.0000    259.42    5.32   12.55  353.28   62.30    4.04   2.1506   2.1175  -0.1723   1.2795   0.4075   0.3826   8.0993
2445   352.04  1551.97   392.50   1.7357    687.41    0.0000    262.69    5.32   12.55  353.28   62.30    4.04   2.1531   2.1200  -0.1723   1.2796   0.4091   0.3826   8.0993
2446   352.04  1558.34   392.51   1.7364    687.41    0.0000    274.11    5.32   12.55  353.28   62.30    4.04   2.1568   2.1236  -0.1723   1.2797   0.4117   0.3826   8.0993
2447   352.05  1566.68   392.52   1.7375    687.41    0.0000    277.37    5.32   12.55  353.28   62.30    4.04   2.1615   2.1284  -0.1723   1.2799   0.4150   0.3827   8.0993
2448   352.07  1576.82   392.53   1.7390    687.41    0.0000    288.79    5.32   12.55  353.28   62.30    4.04   2.1672   2.1341  -0.1723   1.2801   0.4190   0.3827   8.0993
2449   352.08  1591.43   392.54   1.7410    687.41    0.0000    308.37    5.32   12.55  353.28   62.30    4.04   2.1753   2.1422  -0.1723   1.2803   0.4248   0.3827   8.0993
2450   352.09  1610.09   392.56   1.7436    687.41    0.0000    319.79    5.32   12.55  353.28   62.30    4.04   2.1855   2.1524  -0.1723   1.2805   0.4321   0.3827   8.0992
2451   352.11  1629.63   392.57   1.7468    687.41    0.0000    323.06    5.32   12.55  353.28   62.30    4.04   2.1961   2.1630  -0.1723   1.2808   0.4397   0.3828   8.0992
2452   352.13  1647.12   392.58   1.7504    687.41    0.0000    318.16    5.32   12.55  353.28   62.30    4.04   2.2056   2.1724  -0.1723   1.2811   0.4465   0.3828   8.0992
2453   352.16  1659.91   392.59   1.7540    687.41    0.0000    305.11    5.32   12.55  353.28   62.30    4.04   2.2124   2.1793  -0.1723   1.2814   0.4515   0.3828   8.0992
2454   352.18  1665.60   392.60   1.7572    687.41    0.0000    283.90    5.32   12.55  353.28   62.30    4.04   2.2155   2.1823  -0.1723   1.2818   0.4536   0.3829   8.0992
2455   352.20  1664.82   392.61   1.7597    687.41    0.0000    270.85    5.32   12.55  353.28   62.30    4.04   2.2151   2.1820  -0.1723   1.2821   0.4533   0.3829   8.0991
2456   352.23  1660.99   392.62   1.7617    687.41    0.0000    265.95    5.32   12.55  353.28   62.30    4.04   2.2132   2.1801  -0.1723   1.2825   0.4519   0.3829   8.0991
2457   352.25  1657.22   392.63   1.7631    687.41    0.0000    269.21    5.32   12.55  353.28   62.30    4.04   2.2114   2.1782  -0.1723   1.2828   0.4504   0.3830   8.0991
2458   352.27  1653.50   392.64   1.7642    687.41    0.0000    264.32    5.32   12.55  353.28   62.30    4.04   2.2096   2.1765  -0.1723   1.2831   0.4490   0.3830   8.0991
2459   352.29  1646.99   392.65   1.7649    687.41    0.0000    251.27    5.32   12.55  353.28   62.30    4.04   2.2065   2.1734  -0.1723   1.2834   0.4465   0.3830   8.0990
2460   352.31  1637.95   392.66   1.7651    687.41    0.0000    246.37    5.32   12.55  353.28   62.30    4.04   2.2020   2.1689  -0.1723   1.2837   0.4430   0.3830   8.0990
2461   352.32  1629.44   392.67   1.7650    687.41    0.0000    249.63    5.32   12.55  353.28   62.30    4.04   2.1978   2.1647  -0.1723   1.2839   0.4397   0.3831   8.0990
2462   352.34  1621.41   392.67   1.7646    687.41    0.0000    244.74    5.32   12.55  353.28   62.30    4.04   2.1939   2.1607  -0.1723   1.2842   0.4365   0.3831   8.0990
2463   352.35  1613.26   392.68   1.7640    687.41    0.0000    244.74    5.32   12.55  353.28   62.30    4.04   2.1898   2.1567  -0.1723   1.2843   0.4334   0.3831   8.0990
2464   352.36  1606.55   392.69   1.7632    687.41    0.0000    248.82    5.32   12.55  353.28   62.30    4.04   2.1866   2.1534  -0.1723   1.2845   0.4307   0.3831   8.0990
2465   352.37  1600.45   392.70   1.7624    687.41    0.0000    244.74    5.32   12.55  353.28   62.30    4.04   2.1836   2.1505  -0.1723   1.2847   0.4283   0.3832   8.0990
2466   352.38  1594.19   392.71   1.7616    687.41    0.0000    244.74    5.32   12.55  353.28   62.30    4.04   2.1805   2.1474  -0.1723   1.2848   0.4259   0.3832   8.0989
2467   352.39  1588.50   392.72   1.7607    687.41    0.0000    244.74    5.32   12.55  353.28   62.30    4.04   2.1777   2.1446  -0.1723   1.2849   0.4236   0.3832   8.0989
2468   352.40  1583.33   392.73   1.7597    687.41    0.0000    244.74    5.32   12.55  353.28   62.30    4.04   2.1752   2.1421  -0.1723   1.2850   0.4216   0.3832   8.0989
2469   352.40  1579.33   392.74   1.7588    687.41    0.0000    248.82    5.32   12.55  353.28   62.30    4.04   2.1733   2.1401  -0.1723   1.2851   0.4200   0.3833   8.0989
2470   352.41  1575.70   392.75   1.7580    687.41    0.0000    244.74    5.32   12.55  353.28   62.30    4.04   2.1715   2.1384  -0.1723   1.2852   0.4186   0.3833   8.0989
2471   352.41  1571.69   392.76   1.7571    687.41    0.0000    244.74    5.32   12.55  353.28   62.30    4.04   2.1695   2.1364  -0.1723   1.2853   0.4170   0.3833   8.0989
2472   352.42  1568.04   392.76   1.7563    687.41    0.0000    244.74    5.32   12.55  353.28   62.30    4.04   2.1678   2.1346  -0.1723   1.2854   0.4155   0.3833   8.0989
2473   352.43  1564.72   392.77   1.7555    687.41    0.0000    244.74    5.32   12.55  353.28   62.30    4.04   2.1661   2.1330  -0.1723   1.2855   0.4142   0.3834   8.0989
2474   352.43  1561.71   392.78   1.7547    687.41    0.0000    244.74    5.32   12.55  353.28   62.30    4.04   2.1647   2.1315  -0.1723   1.2856   0.4130   0.3834   8.0989
2475   352.44  1558.97   392.79   1.7539    687.41    0.0000    244.74    5.32   12.55  353.28   62.30    4.04   2.1633   2.1302  -0.1723   1.2857   0.4119   0.3834   8.0989
2476   352.44  1556.49   392.80   1.7532    687.41    0.0000    244.74    5.32   12.55  353.28   62.30    4.04   2.1621   2.1290  -0.1723   1.2857   0.4109   0.3834   8.0989
2477   352.45  1554.93   392.81   1.7526    687.41    0.0000    248.82    5.32   12.55  353.28   62.30    4.04   2.1614   2.1283  -0.1723   1.2858   0.4103   0.3835   8.0989
2478   352.45  1553.52   392.81   1.7520    687.41    0.0000    244.74    5.32   12.55  353.28   62.30    4.04   2.1608   2.1277  -0.1723   1.2859   0.4098   0.3835   8.0989
2479   352.46  1551.53   392.82   1.7514    687.41    0.0000    244.74    5.32   12.55  353.28   62.30    4.04   2.1599   2.1267  -0.1723   1.2860   0.4090   0.3835   8.0989
2480   352.46  1549.72   392.83   1.7509    687.41    0.0000    244.74    5.32   12.55  353.28   62.30    4.04   2.1590   2.1259  -0.1723   1.2861   0.4083   0.3835   8.0989
2481   352.47  1549.49   392.84   1.7504    687.41    0.0000    252.90    5.32   12.55  353.28   62.30    4.04   2.1590   2.1259  -0.1723   1.2861   0.4082   0.3836   8.0989
2482   352.47  1550.71   392.85   1.7502    687.41    0.0000    252.90    5.32   12.55  353.28   62.30    4.04   2.1598   2.1267  -0.1723   1.2862   0.4086   0.3836   8.0989
2483   352.48  1550.39   392.85   1.7500    687.41    0.0000    244.74    5.32   12.55  353.28   62.30    4.04   2.1598   2.1266  -0.1723   1.2863   0.4085   0.3836   8.0988
2484   352.49  1548.68   392.86   1.7497    687.41    0.0000    244.74    5.32   12.55  353.28   62.30    4.04   2.1590   2.1258  -0.1723   1.2864   0.4078   0.3836   8.0988
2485   352.49  1547.13   392.87   1.7494    687.41    0.0000    244.74    5.32   12.55  353.28   62.30    4.04   2.1582   2.1251  -0.1723   1.2865   0.4072   0.3836   8.0988
2486   352.50  1545.73   392.88   1.7491    687.41    0.0000    244.74    5.32   12.55  353.28   62.30    4.04   2.1576   2.1244  -0.1723   1.2866   0.4067   0.3837   8.0988
2487   352.50  1544.45   392.89   1.7488    687.41    0.0000    244.74    5.32   12.55  353.28   62.30    4.04   2.1570   2.1238  -0.1723   1.2867   0.4061   0.3837   8.0988
2488   352.51  1543.28   392.89   1.7485    687.41    0.0000    244.74    5.32   12.55  353.28   62.30    4.04   2.1565   2.1233  -0.1723   1.2868   0.4057   0.3837   8.0988
2489   352.52  1542.94   392.90   1.7482    687.41    0.0000    248.82    5.32   12.55  353.28   62.30    4.04   2.1564   2.1233  -0.1723   1.2869   0.4055   0.3837   8.0988
2490   352.52  1542.62   392.91   1.7480    687.41    0.0000    244.74    5.32   12.55  353.28   62.30    4.04   2.1564   2.1233  -0.1723   1.2870   0.4054   0.3838   8.0988
2491   352.53  1542.33   392.91   1.7478    687.41    0.0000    248.82    5.32   12.55  353.28   62.30    4.04   2.1564   2.1232  -0.1723   1.2871   0.4053   0.3838   8.0988
2492   352.54  1542.07   392.92   1.7477    687.41    0.0000    244.74    5.32   12.55  353.28   62.30    4.04   2.1564   2.1232  -0.1723   1.2872   0.4052   0.3838   8.0988
2493   352.54  1541.13   392.93   1.7476    687.41    0.0000    244.74    5.32   12.55  353.28   62.30    4.04   2.1560   2.1229  -0.1723   1.2873   0.4048   0.3838   8.0988
2494   352.55  1541.33   392.94   1.7475    687.41    0.0000    250.86    5.32   12.55  353.28   62.30    4.04   2.1562   2.1231  -0.1723   1.2874   0.4049   0.3838   8.0988
2495   352.56  1542.23   392.94   1.7474    687.41    0.0000    248.82    5.32   12.55  353.28   62.30    4.04   2.1569   2.1237  -0.1723   1.2875   0.4053   0.3839   8.0988
2496   352.57  1543.75   392.95   1.7475    687.41    0.0000    254.94    5.32   12.55  353.28   62.30    4.04   2.1579   2.1247  -0.1723   1.2876   0.4059   0.3839   8.0988
2497   352.58  1545.84   392.96   1.7477    687.41    0.0000    252.90    5.32   12.55  353.28   62.30    4.04   2.1592   2.1260  -0.1723   1.2878   0.4067   0.3839   8.0988
2498   352.58  1545.97   392.96   1.7479    687.41    0.0000    244.74    5.32   12.55  353.28   62.30    4.04   2.1594   2.1262  -0.1723   1.2879   0.4068   0.3839   8.0987
2499   352.59  1544.67   392.97   1.7480    687.41    0.0000    244.74    5.32   12.55  353.28   62.30    4.04   2.1588   2.1256  -0.1723   1.2880   0.4062   0.3839   8.0987
2500   352.60  1544.90   392.98   1.7481    687.41    0.0000    252.90    5.32   12.55  353.28   62.30    4.04   2.1590   2.1259  -0.1723   1.2882   0.4063   0.3840   8.0987
