YEAR RADTTL RADANT RADAER RADCO2 RADCH4 RADN2O RADSO2 RADO3TRP RADO3STR RADrOH RADNOx RADEESC RADSF6 RADCO RADVOC RADCRBAER RADAERIND RADH20STR
2000   1.4937   1.3597  -1.4361   1.5389   0.4865   0.1557  -0.4419   0.3780  -0.1174   0.1000   0.1000   0.1000   0.0024   0.1000   0.1000  -0.1105  -0.8837   0.0194
2001   1.2603   1.1296  -1.4427   1.3138   0.4824   0.1584  -0.4450   0.3772  -0.1149   0.1000   0.1000   0.1000   0.0025   0.1000   0.1000  -0.1099  -0.8879   0.0192
2002   1.0519   0.9246  -1.4471   1.1007   0.4797   0.1613  -0.4421   0.3862  -0.1126   0.1000   0.1000   0.1000   0.0026   0.1000   0.1000  -0.1210  -0.8840   0.0191
2003   1.0783   0.9544  -1.4801   1.1574   0.4779   0.1641  -0.4576   0.3880  -0.1106   0.1000   0.1000   0.1000   0.0027   0.1000   0.1000  -0.1177  -0.9048   0.0191
2004   1.0541   0.9336  -1.5296   1.2099   0.4762   0.1671  -0.4790   0.3977  -0.1467   0.1000   0.1000   0.1000   0.0028   0.1000   0.1000  -0.1178  -0.9328   0.0190
2005   1.0570   0.9398  -1.5708   1.2590   0.4747   0.1700  -0.4969   0.4033  -0.1570   0.1000   0.1000   0.1000   0.0029   0.1000   0.1000  -0.1184  -0.9555   0.0189
2006   1.0960   0.9822  -1.5835   1.3049   0.4738   0.1731  -0.5005   0.4115  -0.1597   0.1000   0.1000   0.1000   0.0031   0.1000   0.1000  -0.1229  -0.9601   0.0189
2007   1.1569   1.0464  -1.5712   1.3484   0.4731   0.1760  -0.4973   0.4158  -0.1592   0.1000   0.1000   0.1000   0.0032   0.1000   0.1000  -0.1179  -0.9561   0.0189
2008   1.2239   1.1168  -1.5424   1.3883   0.4722   0.1789  -0.4864   0.4128  -0.1579   0.1000   0.1000   0.1000   0.0033   0.1000   0.1000  -0.1137  -0.9423   0.0188
2009   1.3009   1.1971  -1.4966   1.4247   0.4720   0.1818  -0.4662   0.4054  -0.1566   0.1000   0.1000   0.1000   0.0035   0.1000   0.1000  -0.1144  -0.9161   0.0188
2010   1.3517   1.2513  -1.4923   1.4607   0.4726   0.1846  -0.4624   0.4125  -0.1546   0.1000   0.1000   0.1000   0.0036   0.1000   0.1000  -0.1188  -0.9112   0.0188
2011   1.3916   1.2946  -1.4973   1.4975   0.4735   0.1875  -0.4671   0.4159  -0.1519   0.1000   0.1000   0.1000   0.0038   0.1000   0.1000  -0.1130  -0.9172   0.0189
2012   1.4466   1.3530  -1.4859   1.5342   0.4750   0.1903  -0.4598   0.4182  -0.1500   0.1000   0.1000   0.1000   0.0039   0.1000   0.1000  -0.1183  -0.9078   0.0189
2013   1.4968   1.4065  -1.4705   1.5707   0.4774   0.1931  -0.4558   0.4119  -0.1487   0.1000   0.1000   0.1000   0.0041   0.1000   0.1000  -0.1123  -0.9024   0.0190
2014   1.5422   1.4552  -1.4724   1.6072   0.4807   0.1959  -0.4532   0.4171  -0.1471   0.1000   0.1000   0.1000   0.0043   0.1000   0.1000  -0.1201  -0.8990   0.0192
2015   1.7117   1.6281  -1.3435   1.6429   0.4846   0.1988  -0.4006   0.4160  -0.1455   0.1000   0.1000   0.1000   0.0044   0.1000   0.1000  -0.1164  -0.8265   0.0193
2016   1.7914   1.7111  -1.2998   1.6775   0.4888   0.2016  -0.3842   0.4114  -0.1441   0.1000   0.1000   0.1000   0.0046   0.1000   0.1000  -0.1128  -0.8028   0.0195
2017   1.8706   1.7938  -1.2556   1.7115   0.4932   0.2043  -0.3678   0.4068  -0.1431   0.1000   0.1000   0.1000   0.0047   0.1000   0.1000  -0.1092  -0.7785   0.0197
2018   1.9498   1.8763  -1.2107   1.7450   0.4978   0.2070  -0.3514   0.4024  -0.1425   0.1000   0.1000   0.1000   0.0049   0.1000   0.1000  -0.1056  -0.7537   0.0199
2019   2.0297   1.9596  -1.1653   1.7780   0.5027   0.2096  -0.3350   0.3980  -0.1413   0.1000   0.1000   0.1000   0.0050   0.1000   0.1000  -0.1020  -0.7283   0.0201
2020   2.1100   2.0432  -1.1193   1.8106   0.5076   0.2120  -0.3186   0.3936  -0.1401   0.1000   0.1000   0.1000   0.0052   0.1000   0.1000  -0.0984  -0.7023   0.0203
2021   2.1739   2.1105  -1.0868   1.8423   0.5127   0.2145  -0.3073   0.3877  -0.1388   0.1000   0.1000   0.1000   0.0053   0.1000   0.1000  -0.0956  -0.6840   0.0205
2022   2.2359   2.1759  -1.0541   1.8726   0.5173   0.2168  -0.2960   0.3817  -0.1375   0.1000   0.1000   0.1000   0.0054   0.1000   0.1000  -0.0928  -0.6653   0.0206
2023   2.2954   2.2387  -1.0211   1.9017   0.5212   0.2191  -0.2847   0.3754  -0.1362   0.1000   0.1000   0.1000   0.0056   0.1000   0.1000  -0.0900  -0.6464   0.0208
2024   2.3521   2.2988  -0.9876   1.9295   0.5238   0.2212  -0.2734   0.3688  -0.1346   0.1000   0.1000   0.1000   0.0057   0.1000   0.1000  -0.0871  -0.6271   0.0209
2025   2.4056   2.3557  -0.9539   1.9563   0.5246   0.2233  -0.2621   0.3616  -0.1327   0.1000   0.1000   0.1000   0.0058   0.1000   0.1000  -0.0843  -0.6074   0.0209
2026   2.4552   2.4086  -0.9197   1.9820   0.5232   0.2254  -0.2508   0.3536  -0.1306   0.1000   0.1000   0.1000   0.0059   0.1000   0.1000  -0.0815  -0.5874   0.0209
2027   2.5003   2.4571  -0.8852   2.0066   0.5192   0.2273  -0.2395   0.3449  -0.1285   0.1000   0.1000   0.1000   0.0060   0.1000   0.1000  -0.0787  -0.5669   0.0207
2028   2.5407   2.5009  -0.8502   2.0304   0.5123   0.2292  -0.2283   0.3353  -0.1262   0.1000   0.1000   0.1000   0.0061   0.1000   0.1000  -0.0759  -0.5461   0.0204
2029   2.5767   2.5401  -0.8148   2.0531   0.5027   0.2310  -0.2170   0.3248  -0.1239   0.1000   0.1000   0.1000   0.0062   0.1000   0.1000  -0.0730  -0.5248   0.0201
2030   2.6082   2.5751  -0.7790   2.0750   0.4905   0.2327  -0.2057   0.3134  -0.1214   0.1000   0.1000   0.1000   0.0063   0.1000   0.1000  -0.0702  -0.5031   0.0196
2031   2.6273   2.5941  -0.7591   2.0958   0.4759   0.2344  -0.1991   0.3058  -0.1188   0.1000   0.1000   0.1000   0.0063   0.1000   0.1000  -0.0698  -0.4902   0.0190
2032   2.6426   2.6095  -0.7390   2.1152   0.4597   0.2360  -0.1924   0.2976  -0.1161   0.1000   0.1000   0.1000   0.0064   0.1000   0.1000  -0.0695  -0.4771   0.0183
2033   2.6551   2.6220  -0.7187   2.1333   0.4426   0.2375  -0.1858   0.2890  -0.1132   0.1000   0.1000   0.1000   0.0065   0.1000   0.1000  -0.0691  -0.4638   0.0176
2034   2.6655   2.6323  -0.6983   2.1502   0.4250   0.2391  -0.1792   0.2802  -0.1103   0.1000   0.1000   0.1000   0.0066   0.1000   0.1000  -0.0688  -0.4504   0.0169
2035   2.6747   2.6415  -0.6777   2.1658   0.4077   0.2406  -0.1726   0.2714  -0.1074   0.1000   0.1000   0.1000   0.0066   0.1000   0.1000  -0.0684  -0.4368   0.0162
2036   2.6836   2.6505  -0.6569   2.1804   0.3911   0.2420  -0.1660   0.2628  -0.1045   0.1000   0.1000   0.1000   0.0067   0.1000   0.1000  -0.0680  -0.4230   0.0156
2037   2.6933   2.6601  -0.6360   2.1938   0.3760   0.2434  -0.1593   0.2546  -0.1016   0.1000   0.1000   0.1000   0.0068   0.1000   0.1000  -0.0677  -0.4090   0.0150
2038   2.7040   2.6708  -0.6148   2.2062   0.3626   0.2448  -0.1527   0.2470  -0.0986   0.1000   0.1000   0.1000   0.0068   0.1000   0.1000  -0.0673  -0.3948   0.0144
2039   2.7157   2.6826  -0.5935   2.2176   0.3508   0.2461  -0.1461   0.2398  -0.0957   0.1000   0.1000   0.1000   0.0069   0.1000   0.1000  -0.0669  -0.3805   0.0140
2040   2.7284   2.6952  -0.5719   2.2281   0.3403   0.2474  -0.1395   0.2331  -0.0929   0.1000   0.1000   0.1000   0.0069   0.1000   0.1000  -0.0666  -0.3659   0.0135
2041   2.7311   2.6980  -0.5608   2.2376   0.3313   0.2486  -0.1362   0.2267  -0.0901   0.1000   0.1000   0.1000   0.0070   0.1000   0.1000  -0.0662  -0.3585   0.0132
2042   2.7348   2.7016  -0.5497   2.2461   0.3235   0.2499  -0.1328   0.2207  -0.0874   0.1000   0.1000   0.1000   0.0070   0.1000   0.1000  -0.0658  -0.3511   0.0129
2043   2.7393   2.7062  -0.5385   2.2536   0.3168   0.2511  -0.1295   0.2151  -0.0848   0.1000   0.1000   0.1000   0.0071   0.1000   0.1000  -0.0654  -0.3436   0.0126
2044   2.7444   2.7112  -0.5273   2.2603   0.3113   0.2522  -0.1262   0.2099  -0.0825   0.1000   0.1000   0.1000   0.0071   0.1000   0.1000  -0.0650  -0.3361   0.0124
2045   2.7499   2.7167  -0.5159   2.2660   0.3066   0.2534  -0.1229   0.2050  -0.0804   0.1000   0.1000   0.1000   0.0072   0.1000   0.1000  -0.0646  -0.3285   0.0122
2046   2.7558   2.7226  -0.5046   2.2709   0.3029   0.2545  -0.1196   0.2004  -0.0784   0.1000   0.1000   0.1000   0.0072   0.1000   0.1000  -0.0642  -0.3208   0.0120
2047   2.7621   2.7289  -0.4932   2.2750   0.2999   0.2557  -0.1162   0.1961  -0.0766   0.1000   0.1000   0.1000   0.0072   0.1000   0.1000  -0.0638  -0.3131   0.0119
2048   2.7687   2.7355  -0.4817   2.2782   0.2977   0.2567  -0.1129   0.1921  -0.0749   0.1000   0.1000   0.1000   0.0073   0.1000   0.1000  -0.0634  -0.3053   0.0118
2049   2.7755   2.7424  -0.4702   2.2807   0.2962   0.2578  -0.1096   0.1884  -0.0732   0.1000   0.1000   0.1000   0.0073   0.1000   0.1000  -0.0630  -0.2975   0.0118
2050   2.7825   2.7494  -0.4586   2.2824   0.2952   0.2589  -0.1063   0.1848  -0.0716   0.1000   0.1000   0.1000   0.0074   0.1000   0.1000  -0.0627  -0.2896   0.0117
2051   2.7865   2.7533  -0.4519   2.2834   0.2948   0.2599  -0.1044   0.1832  -0.0701   0.1000   0.1000   0.1000   0.0074   0.1000   0.1000  -0.0623  -0.2852   0.0117
2052   2.7905   2.7574  -0.4452   2.2838   0.2947   0.2609  -0.1025   0.1818  -0.0687   0.1000   0.1000   0.1000   0.0075   0.1000   0.1000  -0.0619  -0.2807   0.0117
2053   2.7945   2.7614  -0.4384   2.2836   0.2950   0.2619  -0.1007   0.1805  -0.0673   0.1000   0.1000   0.1000   0.0075   0.1000   0.1000  -0.0615  -0.2763   0.0117
2054   2.7986   2.7654  -0.4317   2.2828   0.2956   0.2629  -0.0988   0.1793  -0.0659   0.1000   0.1000   0.1000   0.0075   0.1000   0.1000  -0.0611  -0.2717   0.0118
2055   2.8025   2.7694  -0.4249   2.2815   0.2964   0.2639  -0.0969   0.1782  -0.0646   0.1000   0.1000   0.1000   0.0076   0.1000   0.1000  -0.0608  -0.2672   0.0118
2056   2.8063   2.7732  -0.4181   2.2796   0.2976   0.2648  -0.0951   0.1772  -0.0633   0.1000   0.1000   0.1000   0.0076   0.1000   0.1000  -0.0604  -0.2627   0.0118
2057   2.8100   2.7769  -0.4113   2.2771   0.2990   0.2658  -0.0932   0.1763  -0.0621   0.1000   0.1000   0.1000   0.0077   0.1000   0.1000  -0.0600  -0.2581   0.0119
2058   2.8135   2.7804  -0.4045   2.2740   0.3005   0.2667  -0.0913   0.1755  -0.0609   0.1000   0.1000   0.1000   0.0077   0.1000   0.1000  -0.0596  -0.2535   0.0120
2059   2.8168   2.7836  -0.3977   2.2704   0.3023   0.2676  -0.0895   0.1747  -0.0598   0.1000   0.1000   0.1000   0.0077   0.1000   0.1000  -0.0593  -0.2489   0.0120
2060   2.8198   2.7867  -0.3908   2.2662   0.3042   0.2685  -0.0876   0.1740  -0.0587   0.1000   0.1000   0.1000   0.0078   0.1000   0.1000  -0.0589  -0.2443   0.0121
2061   2.8218   2.7886  -0.3846   2.2616   0.3063   0.2694  -0.0859   0.1733  -0.0576   0.1000   0.1000   0.1000   0.0078   0.1000   0.1000  -0.0586  -0.2400   0.0122
2062   2.8236   2.7904  -0.3783   2.2566   0.3083   0.2703  -0.0842   0.1725  -0.0566   0.1000   0.1000   0.1000   0.0078   0.1000   0.1000  -0.0584  -0.2358   0.0123
2063   2.8251   2.7919  -0.3721   2.2512   0.3104   0.2712  -0.0825   0.1718  -0.0556   0.1000   0.1000   0.1000   0.0079   0.1000   0.1000  -0.0581  -0.2315   0.0123
2064   2.8263   2.7932  -0.3658   2.2455   0.3126   0.2721  -0.0808   0.1711  -0.0546   0.1000   0.1000   0.1000   0.0079   0.1000   0.1000  -0.0578  -0.2272   0.0124
2065   2.8273   2.7941  -0.3595   2.2395   0.3147   0.2729  -0.0791   0.1703  -0.0537   0.1000   0.1000   0.1000   0.0079   0.1000   0.1000  -0.0576  -0.2228   0.0125
2066   2.8279   2.7948  -0.3532   2.2330   0.3169   0.2738  -0.0774   0.1696  -0.0528   0.1000   0.1000   0.1000   0.0080   0.1000   0.1000  -0.0573  -0.2185   0.0126
2067   2.8283   2.7951  -0.3469   2.2262   0.3190   0.2746  -0.0757   0.1689  -0.0520   0.1000   0.1000   0.1000   0.0080   0.1000   0.1000  -0.0570  -0.2141   0.0127
2068   2.8283   2.7952  -0.3405   2.2190   0.3212   0.2755  -0.0740   0.1682  -0.0512   0.1000   0.1000   0.1000   0.0080   0.1000   0.1000  -0.0568  -0.2098   0.0128
2069   2.8281   2.7949  -0.3342   2.2114   0.3234   0.2763  -0.0723   0.1675  -0.0503   0.1000   0.1000   0.1000   0.0081   0.1000   0.1000  -0.0565  -0.2054   0.0129
2070   2.8275   2.7944  -0.3278   2.2035   0.3257   0.2771  -0.0706   0.1667  -0.0496   0.1000   0.1000   0.1000   0.0081   0.1000   0.1000  -0.0563  -0.2010   0.0130
2071   2.8266   2.7935  -0.3210   2.1950   0.3279   0.2779  -0.0688   0.1657  -0.0488   0.1000   0.1000   0.1000   0.0081   0.1000   0.1000  -0.0559  -0.1963   0.0130
2072   2.8252   2.7920  -0.3141   2.1859   0.3301   0.2787  -0.0670   0.1647  -0.0480   0.1000   0.1000   0.1000   0.0082   0.1000   0.1000  -0.0554  -0.1917   0.0131
2073   2.8232   2.7900  -0.3072   2.1762   0.3324   0.2796  -0.0652   0.1636  -0.0473   0.1000   0.1000   0.1000   0.0082   0.1000   0.1000  -0.0550  -0.1870   0.0132
2074   2.8206   2.7874  -0.3004   2.1659   0.3347   0.2804  -0.0634   0.1626  -0.0466   0.1000   0.1000   0.1000   0.0082   0.1000   0.1000  -0.0546  -0.1823   0.0133
2075   2.8175   2.7844  -0.2934   2.1550   0.3370   0.2812  -0.0616   0.1616  -0.0459   0.1000   0.1000   0.1000   0.0083   0.1000   0.1000  -0.0542  -0.1776   0.0134
2076   2.8139   2.7807  -0.2865   2.1435   0.3392   0.2820  -0.0599   0.1606  -0.0453   0.1000   0.1000   0.1000   0.0083   0.1000   0.1000  -0.0538  -0.1728   0.0135
2077   2.8097   2.7766  -0.2796   2.1314   0.3415   0.2828  -0.0581   0.1595  -0.0446   0.1000   0.1000   0.1000   0.0083   0.1000   0.1000  -0.0534  -0.1681   0.0136
2078   2.8051   2.7719  -0.2726   2.1187   0.3438   0.2836  -0.0563   0.1585  -0.0440   0.1000   0.1000   0.1000   0.0083   0.1000   0.1000  -0.0530  -0.1633   0.0137
2079   2.7999   2.7668  -0.2656   2.1055   0.3461   0.2845  -0.0545   0.1575  -0.0434   0.1000   0.1000   0.1000   0.0084   0.1000   0.1000  -0.0526  -0.1585   0.0138
2080   2.7942   2.7611  -0.2586   2.0917   0.3484   0.2853  -0.0527   0.1564  -0.0428   0.1000   0.1000   0.1000   0.0084   0.1000   0.1000  -0.0522  -0.1537   0.0139
2081   2.7866   2.7534  -0.2539   2.0776   0.3507   0.2861  -0.0515   0.1562  -0.0422   0.1000   0.1000   0.1000   0.0084   0.1000   0.1000  -0.0519  -0.1505   0.0140
2082   2.7788   2.7457  -0.2492   2.0632   0.3529   0.2869  -0.0504   0.1559  -0.0416   0.1000   0.1000   0.1000   0.0084   0.1000   0.1000  -0.0515  -0.1473   0.0140
2083   2.7708   2.7377  -0.2445   2.0487   0.3551   0.2878  -0.0492   0.1557  -0.0411   0.1000   0.1000   0.1000   0.0085   0.1000   0.1000  -0.0512  -0.1441   0.0141
2084   2.7633   2.7301  -0.2398   2.0340   0.3578   0.2886  -0.0480   0.1555  -0.0405   0.1000   0.1000   0.1000   0.0085   0.1000   0.1000  -0.0509  -0.1408   0.0142
2085   2.7568   2.7237  -0.2351   2.0191   0.3613   0.2895  -0.0468   0.1557  -0.0400   0.1000   0.1000   0.1000   0.0085   0.1000   0.1000  -0.0506  -0.1376   0.0144
2086   2.7515   2.7184  -0.2303   2.0039   0.3658   0.2904  -0.0457   0.1563  -0.0394   0.1000   0.1000   0.1000   0.0085   0.1000   0.1000  -0.0503  -0.1344   0.0146
2087   2.7466   2.7134  -0.2256   1.9886   0.3707   0.2913  -0.0445   0.1569  -0.0389   0.1000   0.1000   0.1000   0.0086   0.1000   0.1000  -0.0500  -0.1311   0.0148
2088   2.7414   2.7083  -0.2208   1.9730   0.3756   0.2922  -0.0433   0.1576  -0.0384   0.1000   0.1000   0.1000   0.0086   0.1000   0.1000  -0.0497  -0.1278   0.0150
2089   2.7371   2.7040  -0.2161   1.9571   0.3812   0.2931  -0.0421   0.1585  -0.0380   0.1000   0.1000   0.1000   0.0086   0.1000   0.1000  -0.0493  -0.1246   0.0152
2090   2.7339   2.7008  -0.2113   1.9410   0.3879   0.2941  -0.0410   0.1598  -0.0376   0.1000   0.1000   0.1000   0.0086   0.1000   0.1000  -0.0490  -0.1213   0.0155
2091   2.7308   2.6976  -0.2074   1.9251   0.3950   0.2950  -0.0401   0.1614  -0.0372   0.1000   0.1000   0.1000   0.0086   0.1000   0.1000  -0.0485  -0.1188   0.0157
2092   2.7270   2.6939  -0.2035   1.9097   0.4012   0.2959  -0.0392   0.1627  -0.0369   0.1000   0.1000   0.1000   0.0087   0.1000   0.1000  -0.0480  -0.1163   0.0160
2093   2.7226   2.6895  -0.1997   1.8947   0.4068   0.2968  -0.0383   0.1638  -0.0366   0.1000   0.1000   0.1000   0.0087   0.1000   0.1000  -0.0475  -0.1138   0.0162
2094   2.7193   2.6861  -0.1958   1.8802   0.4128   0.2977  -0.0374   0.1650  -0.0363   0.1000   0.1000   0.1000   0.0087   0.1000   0.1000  -0.0470  -0.1113   0.0164
2095   2.7169   2.6837  -0.1918   1.8660   0.4192   0.2986  -0.0365   0.1663  -0.0360   0.1000   0.1000   0.1000   0.0087   0.1000   0.1000  -0.0465  -0.1088   0.0167
2096   2.7146   2.6814  -0.1880   1.8522   0.4254   0.2994  -0.0356   0.1676  -0.0358   0.1000   0.1000   0.1000   0.0087   0.1000   0.1000  -0.0460  -0.1063   0.0170
2097   2.7131   2.6799  -0.1840   1.8388   0.4320   0.3002  -0.0347   0.1689  -0.0355   0.1000   0.1000   0.1000   0.0088   0.1000   0.1000  -0.0455  -0.1038   0.0172
2098   2.7123   2.6791  -0.1801   1.8256   0.4388   0.3011  -0.0339   0.1704  -0.0352   0.1000   0.1000   0.1000   0.0088   0.1000   0.1000  -0.0450  -0.1012   0.0175
2099   2.7115   2.6783  -0.1762   1.8127   0.4455   0.3019  -0.0330   0.1718  -0.0349   0.1000   0.1000   0.1000   0.0088   0.1000   0.1000  -0.0445  -0.0987   0.0178
2100   2.7100   2.6769  -0.1723   1.8001   0.4515   0.3027  -0.0321   0.1729  -0.0347   0.1000   0.1000   0.1000   0.0088   0.1000   0.1000  -0.0440  -0.0962   0.0180
2101   2.7040   2.6709  -0.1723   1.7878   0.4562   0.3034  -0.0321   0.1745  -0.0345   0.1000   0.1000   0.1000   0.0088   0.1000   0.1000  -0.0440  -0.0962   0.0182
2102   2.6971   2.6639  -0.1723   1.7758   0.4601   0.3042  -0.0321   0.1757  -0.0343   0.1000   0.1000   0.1000   0.0088   0.1000   0.1000  -0.0440  -0.0962   0.0183
2103   2.6894   2.6563  -0.1723   1.7640   0.4632   0.3050  -0.0321   0.1767  -0.0341   0.1000   0.1000   0.1000   0.0089   0.1000   0.1000  -0.0440  -0.0962   0.0185
2104   2.6811   2.6479  -0.1723   1.7524   0.4657   0.3057  -0.0321   0.1775  -0.0339   0.1000   0.1000   0.1000   0.0089   0.1000   0.1000  -0.0440  -0.0962   0.0186
2105   2.6721   2.6390  -0.1723   1.7410   0.4676   0.3065  -0.0321   0.1782  -0.0336   0.1000   0.1000   0.1000   0.0089   0.1000   0.1000  -0.0440  -0.0962   0.0186
2106   2.6627   2.6296  -0.1723   1.7298   0.4689   0.3072  -0.0321   0.1786  -0.0334   0.1000   0.1000   0.1000   0.0089   0.1000   0.1000  -0.0440  -0.0962   0.0187
2107   2.6528   2.6196  -0.1723   1.7189   0.4697   0.3080  -0.0321   0.1788  -0.0331   0.1000   0.1000   0.1000   0.0089   0.1000   0.1000  -0.0440  -0.0962   0.0187
2108   2.6425   2.6093  -0.1723   1.7080   0.4701   0.3087  -0.0321   0.1790  -0.0328   0.1000   0.1000   0.1000   0.0089   0.1000   0.1000  -0.0440  -0.0962   0.0187
2109   2.6318   2.5986  -0.1723   1.6974   0.4700   0.3094  -0.0321   0.1789  -0.0324   0.1000   0.1000   0.1000   0.0089   0.1000   0.1000  -0.0440  -0.0962   0.0187
2110   2.6207   2.5876  -0.1723   1.6869   0.4696   0.3101  -0.0321   0.1788  -0.0321   0.1000   0.1000   0.1000   0.0090   0.1000   0.1000  -0.0440  -0.0962   0.0187
2111   2.6094   2.5763  -0.1723   1.6766   0.4688   0.3108  -0.0321   0.1786  -0.0317   0.1000   0.1000   0.1000   0.0090   0.1000   0.1000  -0.0440  -0.0962   0.0187
2112   2.5978   2.5647  -0.1723   1.6664   0.4677   0.3115  -0.0321   0.1782  -0.0314   0.1000   0.1000   0.1000   0.0090   0.1000   0.1000  -0.0440  -0.0962   0.0187
2113   2.5860   2.5529  -0.1723   1.6563   0.4664   0.3122  -0.0321   0.1778  -0.0310   0.1000   0.1000   0.1000   0.0090   0.1000   0.1000  -0.0440  -0.0962   0.0186
2114   2.5740   2.5408  -0.1723   1.6464   0.4647   0.3129  -0.0321   0.1772  -0.0306   0.1000   0.1000   0.1000   0.0090   0.1000   0.1000  -0.0440  -0.0962   0.0185
2115   2.5618   2.5286  -0.1723   1.6366   0.4628   0.3136  -0.0321   0.1766  -0.0302   0.1000   0.1000   0.1000   0.0090   0.1000   0.1000  -0.0440  -0.0962   0.0185
2116   2.5494   2.5162  -0.1723   1.6269   0.4607   0.3143  -0.0321   0.1759  -0.0298   0.1000   0.1000   0.1000   0.0091   0.1000   0.1000  -0.0440  -0.0962   0.0184
2117   2.5369   2.5037  -0.1723   1.6174   0.4585   0.3149  -0.0321   0.1752  -0.0293   0.1000   0.1000   0.1000   0.0091   0.1000   0.1000  -0.0440  -0.0962   0.0183
2118   2.5242   2.4911  -0.1723   1.6079   0.4560   0.3156  -0.0321   0.1744  -0.0289   0.1000   0.1000   0.1000   0.0091   0.1000   0.1000  -0.0440  -0.0962   0.0182
2119   2.5114   2.4783  -0.1723   1.5986   0.4533   0.3163  -0.0321   0.1735  -0.0285   0.1000   0.1000   0.1000   0.0091   0.1000   0.1000  -0.0440  -0.0962   0.0181
2120   2.4985   2.4654  -0.1723   1.5893   0.4505   0.3169  -0.0321   0.1726  -0.0280   0.1000   0.1000   0.1000   0.0091   0.1000   0.1000  -0.0440  -0.0962   0.0180
2121   2.4856   2.4524  -0.1723   1.5802   0.4476   0.3175  -0.0321   0.1716  -0.0276   0.1000   0.1000   0.1000   0.0091   0.1000   0.1000  -0.0440  -0.0962   0.0178
2122   2.4725   2.4394  -0.1723   1.5711   0.4445   0.3182  -0.0321   0.1706  -0.0272   0.1000   0.1000   0.1000   0.0092   0.1000   0.1000  -0.0440  -0.0962   0.0177
2123   2.4594   2.4263  -0.1723   1.5622   0.4413   0.3188  -0.0321   0.1695  -0.0267   0.1000   0.1000   0.1000   0.0092   0.1000   0.1000  -0.0440  -0.0962   0.0176
2124   2.4460   2.4129  -0.1723   1.5533   0.4378   0.3194  -0.0321   0.1684  -0.0263   0.1000   0.1000   0.1000   0.0092   0.1000   0.1000  -0.0440  -0.0962   0.0175
2125   2.4336   2.4004  -0.1723   1.5445   0.4350   0.3201  -0.0321   0.1674  -0.0258   0.1000   0.1000   0.1000   0.0092   0.1000   0.1000  -0.0440  -0.0962   0.0173
2126   2.4235   2.3904  -0.1723   1.5359   0.4338   0.3207  -0.0321   0.1671  -0.0254   0.1000   0.1000   0.1000   0.0092   0.1000   0.1000  -0.0440  -0.0962   0.0173
2127   2.4158   2.3826  -0.1723   1.5273   0.4342   0.3213  -0.0321   0.1672  -0.0249   0.1000   0.1000   0.1000   0.0092   0.1000   0.1000  -0.0440  -0.0962   0.0173
2128   2.4100   2.3769  -0.1723   1.5188   0.4360   0.3219  -0.0321   0.1678  -0.0245   0.1000   0.1000   0.1000   0.0092   0.1000   0.1000  -0.0440  -0.0962   0.0174
2129   2.4061   2.3729  -0.1723   1.5104   0.4391   0.3225  -0.0321   0.1688  -0.0241   0.1000   0.1000   0.1000   0.0093   0.1000   0.1000  -0.0440  -0.0962   0.0175
2130   2.4038   2.3706  -0.1723   1.5021   0.4434   0.3231  -0.0321   0.1702  -0.0237   0.1000   0.1000   0.1000   0.0093   0.1000   0.1000  -0.0440  -0.0962   0.0177
2131   2.4029   2.3698  -0.1723   1.4940   0.4486   0.3237  -0.0321   0.1720  -0.0235   0.1000   0.1000   0.1000   0.0093   0.1000   0.1000  -0.0440  -0.0962   0.0179
2132   2.4034   2.3703  -0.1723   1.4859   0.4548   0.3242  -0.0321   0.1740  -0.0233   0.1000   0.1000   0.1000   0.0093   0.1000   0.1000  -0.0440  -0.0962   0.0181
2133   2.4051   2.3720  -0.1723   1.4780   0.4619   0.3248  -0.0321   0.1763  -0.0231   0.1000   0.1000   0.1000   0.0093   0.1000   0.1000  -0.0440  -0.0962   0.0184
2134   2.4079   2.3748  -0.1723   1.4702   0.4697   0.3254  -0.0321   0.1788  -0.0231   0.1000   0.1000   0.1000   0.0093   0.1000   0.1000  -0.0440  -0.0962   0.0187
2135   2.4116   2.3785  -0.1723   1.4626   0.4781   0.3259  -0.0321   0.1816  -0.0230   0.1000   0.1000   0.1000   0.0094   0.1000   0.1000  -0.0440  -0.0962   0.0191
2136   2.4162   2.3831  -0.1723   1.4550   0.4872   0.3265  -0.0321   0.1845  -0.0231   0.1000   0.1000   0.1000   0.0094   0.1000   0.1000  -0.0440  -0.0962   0.0194
2137   2.4216   2.3885  -0.1723   1.4476   0.4967   0.3271  -0.0321   0.1875  -0.0232   0.1000   0.1000   0.1000   0.0094   0.1000   0.1000  -0.0440  -0.0962   0.0198
2138   2.4277   2.3945  -0.1723   1.4403   0.5068   0.3276  -0.0321   0.1907  -0.0233   0.1000   0.1000   0.1000   0.0094   0.1000   0.1000  -0.0440  -0.0962   0.0202
2139   2.4344   2.4012  -0.1723   1.4331   0.5172   0.3281  -0.0321   0.1940  -0.0234   0.1000   0.1000   0.1000   0.0094   0.1000   0.1000  -0.0440  -0.0962   0.0206
2140   2.4416   2.4085  -0.1723   1.4261   0.5280   0.3287  -0.0321   0.1973  -0.0236   0.1000   0.1000   0.1000   0.0094   0.1000   0.1000  -0.0440  -0.0962   0.0211
2141   2.4494   2.4162  -0.1723   1.4191   0.5391   0.3292  -0.0321   0.2008  -0.0238   0.1000   0.1000   0.1000   0.0094   0.1000   0.1000  -0.0440  -0.0962   0.0215
2142   2.4576   2.4244  -0.1723   1.4123   0.5505   0.3297  -0.0321   0.2043  -0.0240   0.1000   0.1000   0.1000   0.0095   0.1000   0.1000  -0.0440  -0.0962   0.0220
2143   2.4662   2.4330  -0.1723   1.4056   0.5622   0.3303  -0.0321   0.2078  -0.0243   0.1000   0.1000   0.1000   0.0095   0.1000   0.1000  -0.0440  -0.0962   0.0224
2144   2.4751   2.4420  -0.1723   1.3990   0.5741   0.3308  -0.0321   0.2114  -0.0245   0.1000   0.1000   0.1000   0.0095   0.1000   0.1000  -0.0440  -0.0962   0.0229
2145   2.4844   2.4512  -0.1723   1.3925   0.5861   0.3313  -0.0321   0.2150  -0.0248   0.1000   0.1000   0.1000   0.0095   0.1000   0.1000  -0.0440  -0.0962   0.0234
2146   2.4939   2.4608  -0.1723   1.3861   0.5983   0.3318  -0.0321   0.2186  -0.0251   0.1000   0.1000   0.1000   0.0095   0.1000   0.1000  -0.0440  -0.0962   0.0239
2147   2.5037   2.4705  -0.1723   1.3798   0.6107   0.3323  -0.0321   0.2222  -0.0254   0.1000   0.1000   0.1000   0.0095   0.1000   0.1000  -0.0440  -0.0962   0.0244
2148   2.5137   2.4806  -0.1723   1.3736   0.6231   0.3328  -0.0321   0.2259  -0.0258   0.1000   0.1000   0.1000   0.0096   0.1000   0.1000  -0.0440  -0.0962   0.0249
2149   2.5239   2.4908  -0.1723   1.3675   0.6357   0.3333  -0.0321   0.2295  -0.0261   0.1000   0.1000   0.1000   0.0096   0.1000   0.1000  -0.0440  -0.0962   0.0254
2150   2.5343   2.5011  -0.1723   1.3615   0.6484   0.3338  -0.0321   0.2332  -0.0265   0.1000   0.1000   0.1000   0.0096   0.1000   0.1000  -0.0440  -0.0962   0.0259
2151   2.5448   2.5117  -0.1723   1.3556   0.6611   0.3343  -0.0321   0.2368  -0.0268   0.1000   0.1000   0.1000   0.0096   0.1000   0.1000  -0.0440  -0.0962   0.0264
2152   2.5542   2.5211  -0.1723   1.3498   0.6729   0.3347  -0.0321   0.2401  -0.0272   0.1000   0.1000   0.1000   0.0096   0.1000   0.1000  -0.0440  -0.0962   0.0269
2153   2.5615   2.5283  -0.1723   1.3440   0.6831   0.3352  -0.0321   0.2430  -0.0275   0.1000   0.1000   0.1000   0.0096   0.1000   0.1000  -0.0440  -0.0962   0.0273
2154   2.5667   2.5336  -0.1723   1.3383   0.6917   0.3357  -0.0321   0.2454  -0.0279   0.1000   0.1000   0.1000   0.0097   0.1000   0.1000  -0.0440  -0.0962   0.0277
2155   2.5714   2.5383  -0.1723   1.3327   0.6999   0.3362  -0.0321   0.2476  -0.0283   0.1000   0.1000   0.1000   0.0097   0.1000   0.1000  -0.0440  -0.0962   0.0280
2156   2.5757   2.5425  -0.1723   1.3271   0.7076   0.3366  -0.0321   0.2498  -0.0286   0.1000   0.1000   0.1000   0.0097   0.1000   0.1000  -0.0440  -0.0962   0.0283
2157   2.5795   2.5463  -0.1723   1.3216   0.7149   0.3371  -0.0321   0.2518  -0.0289   0.1000   0.1000   0.1000   0.0097   0.1000   0.1000  -0.0440  -0.0962   0.0286
2158   2.5829   2.5497  -0.1723   1.3161   0.7219   0.3375  -0.0321   0.2537  -0.0291   0.1000   0.1000   0.1000   0.0097   0.1000   0.1000  -0.0440  -0.0962   0.0289
2159   2.5859   2.5528  -0.1723   1.3107   0.7285   0.3380  -0.0321   0.2555  -0.0293   0.1000   0.1000   0.1000   0.0097   0.1000   0.1000  -0.0440  -0.0962   0.0292
2160   2.5887   2.5555  -0.1723   1.3053   0.7349   0.3384  -0.0321   0.2572  -0.0295   0.1000   0.1000   0.1000   0.0097   0.1000   0.1000  -0.0440  -0.0962   0.0294
2161   2.5911   2.5580  -0.1723   1.3000   0.7410   0.3389  -0.0321   0.2588  -0.0296   0.1000   0.1000   0.1000   0.0098   0.1000   0.1000  -0.0440  -0.0962   0.0297
2162   2.5933   2.5602  -0.1723   1.2946   0.7468   0.3393  -0.0321   0.2604  -0.0298   0.1000   0.1000   0.1000   0.0098   0.1000   0.1000  -0.0440  -0.0962   0.0299
2163   2.5952   2.5621  -0.1723   1.2894   0.7525   0.3397  -0.0321   0.2619  -0.0299   0.1000   0.1000   0.1000   0.0098   0.1000   0.1000  -0.0440  -0.0962   0.0301
2164   2.5969   2.5638  -0.1723   1.2841   0.7579   0.3402  -0.0321   0.2634  -0.0300   0.1000   0.1000   0.1000   0.0098   0.1000   0.1000  -0.0440  -0.0962   0.0303
2165   2.5984   2.5653  -0.1723   1.2789   0.7631   0.3406  -0.0321   0.2648  -0.0301   0.1000   0.1000   0.1000   0.0098   0.1000   0.1000  -0.0440  -0.0962   0.0306
2166   2.5997   2.5666  -0.1723   1.2737   0.7682   0.3410  -0.0321   0.2661  -0.0302   0.1000   0.1000   0.1000   0.0098   0.1000   0.1000  -0.0440  -0.0962   0.0308
2167   2.6009   2.5677  -0.1723   1.2686   0.7731   0.3414  -0.0321   0.2674  -0.0303   0.1000   0.1000   0.1000   0.0099   0.1000   0.1000  -0.0440  -0.0962   0.0310
2168   2.6019   2.5688  -0.1723   1.2634   0.7779   0.3418  -0.0321   0.2687  -0.0304   0.1000   0.1000   0.1000   0.0099   0.1000   0.1000  -0.0440  -0.0962   0.0311
2169   2.6028   2.5697  -0.1723   1.2583   0.7826   0.3423  -0.0321   0.2699  -0.0305   0.1000   0.1000   0.1000   0.0099   0.1000   0.1000  -0.0440  -0.0962   0.0313
2170   2.6036   2.5705  -0.1723   1.2533   0.7872   0.3427  -0.0321   0.2711  -0.0306   0.1000   0.1000   0.1000   0.0099   0.1000   0.1000  -0.0440  -0.0962   0.0315
2171   2.6044   2.5712  -0.1723   1.2482   0.7917   0.3431  -0.0321   0.2723  -0.0306   0.1000   0.1000   0.1000   0.0099   0.1000   0.1000  -0.0440  -0.0962   0.0317
2172   2.6050   2.5719  -0.1723   1.2432   0.7961   0.3435  -0.0321   0.2735  -0.0307   0.1000   0.1000   0.1000   0.0099   0.1000   0.1000  -0.0440  -0.0962   0.0319
2173   2.6056   2.5725  -0.1723   1.2382   0.8005   0.3439  -0.0321   0.2746  -0.0308   0.1000   0.1000   0.1000   0.0099   0.1000   0.1000  -0.0440  -0.0962   0.0321
2174   2.6061   2.5730  -0.1723   1.2332   0.8047   0.3442  -0.0321   0.2757  -0.0308   0.1000   0.1000   0.1000   0.0100   0.1000   0.1000  -0.0440  -0.0962   0.0322
2175   2.6066   2.5735  -0.1723   1.2283   0.8090   0.3446  -0.0321   0.2768  -0.0309   0.1000   0.1000   0.1000   0.0100   0.1000   0.1000  -0.0440  -0.0962   0.0324
2176   2.6070   2.5739  -0.1723   1.2234   0.8131   0.3450  -0.0321   0.2779  -0.0309   0.1000   0.1000   0.1000   0.0100   0.1000   0.1000  -0.0440  -0.0962   0.0326
2177   2.6074   2.5742  -0.1723   1.2185   0.8172   0.3454  -0.0321   0.2789  -0.0310   0.1000   0.1000   0.1000   0.0100   0.1000   0.1000  -0.0440  -0.0962   0.0327
2178   2.6077   2.5746  -0.1723   1.2136   0.8213   0.3458  -0.0321   0.2799  -0.0310   0.1000   0.1000   0.1000   0.0100   0.1000   0.1000  -0.0440  -0.0962   0.0329
2179   2.6080   2.5749  -0.1723   1.2088   0.8253   0.3461  -0.0321   0.2810  -0.0311   0.1000   0.1000   0.1000   0.0100   0.1000   0.1000  -0.0440  -0.0962   0.0331
2180   2.6083   2.5751  -0.1723   1.2039   0.8292   0.3465  -0.0321   0.2820  -0.0311   0.1000   0.1000   0.1000   0.0101   0.1000   0.1000  -0.0440  -0.0962   0.0332
2181   2.6085   2.5754  -0.1723   1.1991   0.8332   0.3469  -0.0321   0.2830  -0.0312   0.1000   0.1000   0.1000   0.0101   0.1000   0.1000  -0.0440  -0.0962   0.0334
2182   2.6087   2.5756  -0.1723   1.1944   0.8370   0.3472  -0.0321   0.2840  -0.0312   0.1000   0.1000   0.1000   0.0101   0.1000   0.1000  -0.0440  -0.0962   0.0335
2183   2.6089   2.5758  -0.1723   1.1896   0.8409   0.3476  -0.0321   0.2850  -0.0313   0.1000   0.1000   0.1000   0.0101   0.1000   0.1000  -0.0440  -0.0962   0.0337
2184   2.6091   2.5759  -0.1723   1.1849   0.8447   0.3480  -0.0321   0.2859  -0.0313   0.1000   0.1000   0.1000   0.0101   0.1000   0.1000  -0.0440  -0.0962   0.0339
2185   2.6092   2.5761  -0.1723   1.1802   0.8485   0.3483  -0.0321   0.2869  -0.0314   0.1000   0.1000   0.1000   0.0101   0.1000   0.1000  -0.0440  -0.0962   0.0340
2186   2.6093   2.5762  -0.1723   1.1755   0.8523   0.3487  -0.0321   0.2878  -0.0314   0.1000   0.1000   0.1000   0.0101   0.1000   0.1000  -0.0440  -0.0962   0.0342
2187   2.6084   2.5753  -0.1723   1.1708   0.8552   0.3490  -0.0321   0.2886  -0.0315   0.1000   0.1000   0.1000   0.0102   0.1000   0.1000  -0.0440  -0.0962   0.0343
2188   2.6054   2.5722  -0.1723   1.1661   0.8565   0.3493  -0.0321   0.2889  -0.0315   0.1000   0.1000   0.1000   0.0102   0.1000   0.1000  -0.0440  -0.0962   0.0343
2189   2.6005   2.5673  -0.1723   1.1615   0.8563   0.3497  -0.0321   0.2889  -0.0315   0.1000   0.1000   0.1000   0.0102   0.1000   0.1000  -0.0440  -0.0962   0.0343
2190   2.5938   2.5607  -0.1723   1.1568   0.8548   0.3500  -0.0321   0.2885  -0.0316   0.1000   0.1000   0.1000   0.0102   0.1000   0.1000  -0.0440  -0.0962   0.0343
2191   2.5855   2.5524  -0.1723   1.1522   0.8520   0.3503  -0.0321   0.2878  -0.0316   0.1000   0.1000   0.1000   0.0102   0.1000   0.1000  -0.0440  -0.0962   0.0341
2192   2.5758   2.5426  -0.1723   1.1475   0.8480   0.3507  -0.0321   0.2868  -0.0315   0.1000   0.1000   0.1000   0.0102   0.1000   0.1000  -0.0440  -0.0962   0.0340
2193   2.5646   2.5315  -0.1723   1.1428   0.8430   0.3510  -0.0321   0.2855  -0.0314   0.1000   0.1000   0.1000   0.0103   0.1000   0.1000  -0.0440  -0.0962   0.0338
2194   2.5522   2.5191  -0.1723   1.1381   0.8369   0.3513  -0.0321   0.2840  -0.0313   0.1000   0.1000   0.1000   0.0103   0.1000   0.1000  -0.0440  -0.0962   0.0335
2195   2.5386   2.5055  -0.1723   1.1333   0.8299   0.3516  -0.0321   0.2822  -0.0311   0.1000   0.1000   0.1000   0.0103   0.1000   0.1000  -0.0440  -0.0962   0.0333
2196   2.5249   2.4918  -0.1723   1.1285   0.8229   0.3520  -0.0321   0.2804  -0.0308   0.1000   0.1000   0.1000   0.0103   0.1000   0.1000  -0.0440  -0.0962   0.0330
2197   2.5112   2.4781  -0.1723   1.1237   0.8158   0.3523  -0.0321   0.2785  -0.0305   0.1000   0.1000   0.1000   0.0103   0.1000   0.1000  -0.0440  -0.0962   0.0327
2198   2.4975   2.4644  -0.1723   1.1189   0.8087   0.3526  -0.0321   0.2767  -0.0301   0.1000   0.1000   0.1000   0.0103   0.1000   0.1000  -0.0440  -0.0962   0.0324
2199   2.4837   2.4506  -0.1723   1.1140   0.8015   0.3529  -0.0321   0.2749  -0.0298   0.1000   0.1000   0.1000   0.0103   0.1000   0.1000  -0.0440  -0.0962   0.0321
2200   2.4765   2.4434  -0.1723   1.1169   0.7935   0.3532  -0.0321   0.2728  -0.0294   0.1000   0.1000   0.1000   0.0104   0.1000   0.1000  -0.0440  -0.0962   0.0318
2201   2.4742   2.4411  -0.1723   1.1269   0.7837   0.3535  -0.0321   0.2702  -0.0290   0.1000   0.1000   0.1000   0.0104   0.1000   0.1000  -0.0440  -0.0962   0.0314
2202   2.4675   2.4344  -0.1723   1.1357   0.7715   0.3538  -0.0321   0.2670  -0.0285   0.1000   0.1000   0.1000   0.0104   0.1000   0.1000  -0.0440  -0.0962   0.0309
2203   2.4568   2.4237  -0.1723   1.1436   0.7569   0.3541  -0.0321   0.2631  -0.0281   0.1000   0.1000   0.1000   0.0104   0.1000   0.1000  -0.0440  -0.0962   0.0303
2204   2.4433   2.4101  -0.1723   1.1506   0.7409   0.3544  -0.0321   0.2588  -0.0277   0.1000   0.1000   0.1000   0.0104   0.1000   0.1000  -0.0440  -0.0962   0.0297
2205   2.4278   2.3947  -0.1723   1.1570   0.7239   0.3547  -0.0321   0.2542  -0.0271   0.1000   0.1000   0.1000   0.0104   0.1000   0.1000  -0.0440  -0.0962   0.0290
2206   2.4114   2.3783  -0.1723   1.1628   0.7065   0.3550  -0.0321   0.2495  -0.0265   0.1000   0.1000   0.1000   0.0105   0.1000   0.1000  -0.0440  -0.0962   0.0283
2207   2.3950   2.3618  -0.1723   1.1680   0.6895   0.3553  -0.0321   0.2448  -0.0258   0.1000   0.1000   0.1000   0.0105   0.1000   0.1000  -0.0440  -0.0962   0.0276
2208   2.3794   2.3462  -0.1723   1.1728   0.6735   0.3556  -0.0321   0.2403  -0.0250   0.1000   0.1000   0.1000   0.0105   0.1000   0.1000  -0.0440  -0.0962   0.0269
2209   2.3645   2.3314  -0.1723   1.1772   0.6583   0.3558  -0.0321   0.2360  -0.0242   0.1000   0.1000   0.1000   0.0105   0.1000   0.1000  -0.0440  -0.0962   0.0263
2210   2.3502   2.3170  -0.1723   1.1813   0.6438   0.3561  -0.0321   0.2319  -0.0234   0.1000   0.1000   0.1000   0.0105   0.1000   0.1000  -0.0440  -0.0962   0.0257
2211   2.3360   2.3029  -0.1723   1.1851   0.6297   0.3564  -0.0321   0.2278  -0.0225   0.1000   0.1000   0.1000   0.0105   0.1000   0.1000  -0.0440  -0.0962   0.0252
2212   2.3220   2.2889  -0.1723   1.1886   0.6160   0.3567  -0.0321   0.2238  -0.0217   0.1000   0.1000   0.1000   0.0105   0.1000   0.1000  -0.0440  -0.0962   0.0246
2213   2.3079   2.2748  -0.1723   1.1918   0.6024   0.3569  -0.0321   0.2198  -0.0209   0.1000   0.1000   0.1000   0.0106   0.1000   0.1000  -0.0440  -0.0962   0.0241
2214   2.2938   2.2607  -0.1723   1.1948   0.5891   0.3572  -0.0321   0.2159  -0.0202   0.1000   0.1000   0.1000   0.0106   0.1000   0.1000  -0.0440  -0.0962   0.0235
2215   2.2797   2.2465  -0.1723   1.1976   0.5759   0.3575  -0.0321   0.2119  -0.0195   0.1000   0.1000   0.1000   0.0106   0.1000   0.1000  -0.0440  -0.0962   0.0230
2216   2.2655   2.2324  -0.1723   1.2002   0.5629   0.3577  -0.0321   0.2080  -0.0187   0.1000   0.1000   0.1000   0.0106   0.1000   0.1000  -0.0440  -0.0962   0.0225
2217   2.2520   2.2189  -0.1723   1.2027   0.5505   0.3580  -0.0321   0.2043  -0.0180   0.1000   0.1000   0.1000   0.0106   0.1000   0.1000  -0.0440  -0.0962   0.0220
2218   2.2398   2.2067  -0.1723   1.2049   0.5393   0.3583  -0.0321   0.2008  -0.0173   0.1000   0.1000   0.1000   0.0106   0.1000   0.1000  -0.0440  -0.0962   0.0215
2219   2.2302   2.1971  -0.1723   1.2070   0.5302   0.3585  -0.0321   0.1980  -0.0167   0.1000   0.1000   0.1000   0.0107   0.1000   0.1000  -0.0440  -0.0962   0.0212
2220   2.2231   2.1900  -0.1723   1.2090   0.5230   0.3588  -0.0321   0.1958  -0.0160   0.1000   0.1000   0.1000   0.0107   0.1000   0.1000  -0.0440  -0.0962   0.0209
2221   2.2182   2.1850  -0.1723   1.2109   0.5175   0.3590  -0.0321   0.1941  -0.0153   0.1000   0.1000   0.1000   0.0107   0.1000   0.1000  -0.0440  -0.0962   0.0207
2222   2.2152   2.1820  -0.1723   1.2126   0.5136   0.3593  -0.0321   0.1928  -0.0148   0.1000   0.1000   0.1000   0.0107   0.1000   0.1000  -0.0440  -0.0962   0.0205
2223   2.2138   2.1807  -0.1723   1.2143   0.5110   0.3595  -0.0321   0.1920  -0.0143   0.1000   0.1000   0.1000   0.0107   0.1000   0.1000  -0.0440  -0.0962   0.0204
2224   2.2139   2.1807  -0.1723   1.2159   0.5096   0.3598  -0.0321   0.1916  -0.0138   0.1000   0.1000   0.1000   0.0107   0.1000   0.1000  -0.0440  -0.0962   0.0203
2225   2.2151   2.1820  -0.1723   1.2175   0.5091   0.3600  -0.0321   0.1914  -0.0135   0.1000   0.1000   0.1000   0.0107   0.1000   0.1000  -0.0440  -0.0962   0.0203
2226   2.2175   2.1843  -0.1723   1.2190   0.5096   0.3602  -0.0321   0.1916  -0.0132   0.1000   0.1000   0.1000   0.0108   0.1000   0.1000  -0.0440  -0.0962   0.0203
2227   2.2206   2.1875  -0.1723   1.2205   0.5107   0.3605  -0.0321   0.1919  -0.0130   0.1000   0.1000   0.1000   0.0108   0.1000   0.1000  -0.0440  -0.0962   0.0204
2228   2.2245   2.1913  -0.1723   1.2219   0.5124   0.3607  -0.0321   0.1924  -0.0129   0.1000   0.1000   0.1000   0.0108   0.1000   0.1000  -0.0440  -0.0962   0.0204
2229   2.2289   2.1958  -0.1723   1.2233   0.5145   0.3609  -0.0321   0.1931  -0.0128   0.1000   0.1000   0.1000   0.0108   0.1000   0.1000  -0.0440  -0.0962   0.0205
2230   2.2338   2.2006  -0.1723   1.2247   0.5171   0.3612  -0.0321   0.1939  -0.0127   0.1000   0.1000   0.1000   0.0108   0.1000   0.1000  -0.0440  -0.0962   0.0206
2231   2.2390   2.2058  -0.1723   1.2261   0.5199   0.3614  -0.0321   0.1948  -0.0127   0.1000   0.1000   0.1000   0.0108   0.1000   0.1000  -0.0440  -0.0962   0.0207
2232   2.2444   2.2112  -0.1723   1.2275   0.5229   0.3616  -0.0321   0.1957  -0.0127   0.1000   0.1000   0.1000   0.0109   0.1000   0.1000  -0.0440  -0.0962   0.0209
2233   2.2499   2.2168  -0.1723   1.2288   0.5261   0.3619  -0.0321   0.1967  -0.0127   0.1000   0.1000   0.1000   0.0109   0.1000   0.1000  -0.0440  -0.0962   0.0210
2234   2.2557   2.2226  -0.1723   1.2301   0.5294   0.3621  -0.0321   0.1978  -0.0128   0.1000   0.1000   0.1000   0.0109   0.1000   0.1000  -0.0440  -0.0962   0.0211
2235   2.2616   2.2285  -0.1723   1.2314   0.5329   0.3623  -0.0321   0.1989  -0.0128   0.1000   0.1000   0.1000   0.0109   0.1000   0.1000  -0.0440  -0.0962   0.0213
2236   2.2677   2.2346  -0.1723   1.2327   0.5365   0.3625  -0.0321   0.2000  -0.0129   0.1000   0.1000   0.1000   0.0109   0.1000   0.1000  -0.0440  -0.0962   0.0214
2237   2.2739   2.2408  -0.1723   1.2340   0.5403   0.3627  -0.0321   0.2011  -0.0130   0.1000   0.1000   0.1000   0.0109   0.1000   0.1000  -0.0440  -0.0962   0.0216
2238   2.2802   2.2471  -0.1723   1.2352   0.5441   0.3629  -0.0321   0.2023  -0.0131   0.1000   0.1000   0.1000   0.0109   0.1000   0.1000  -0.0440  -0.0962   0.0217
2239   2.2853   2.2521  -0.1723   1.2365   0.5470   0.3632  -0.0321   0.2032  -0.0132   0.1000   0.1000   0.1000   0.0110   0.1000   0.1000  -0.0440  -0.0962   0.0218
2240   2.2892   2.2560  -0.1723   1.2377   0.5491   0.3634  -0.0321   0.2038  -0.0133   0.1000   0.1000   0.1000   0.0110   0.1000   0.1000  -0.0440  -0.0962   0.0219
2241   2.2934   2.2603  -0.1723   1.2389   0.5514   0.3636  -0.0321   0.2045  -0.0134   0.1000   0.1000   0.1000   0.0110   0.1000   0.1000  -0.0440  -0.0962   0.0220
2242   2.2993   2.2661  -0.1723   1.2401   0.5550   0.3638  -0.0321   0.2056  -0.0135   0.1000   0.1000   0.1000   0.0110   0.1000   0.1000  -0.0440  -0.0962   0.0222
2243   2.3067   2.2735  -0.1723   1.2413   0.5597   0.3640  -0.0321   0.2070  -0.0136   0.1000   0.1000   0.1000   0.0110   0.1000   0.1000  -0.0440  -0.0962   0.0223
2244   2.3141   2.2810  -0.1723   1.2424   0.5644   0.3642  -0.0321   0.2085  -0.0136   0.1000   0.1000   0.1000   0.0110   0.1000   0.1000  -0.0440  -0.0962   0.0225
2245   2.3215   2.2884  -0.1723   1.2436   0.5691   0.3644  -0.0321   0.2099  -0.0137   0.1000   0.1000   0.1000   0.0110   0.1000   0.1000  -0.0440  -0.0962   0.0227
2246   2.3289   2.2958  -0.1723   1.2447   0.5738   0.3646  -0.0321   0.2113  -0.0138   0.1000   0.1000   0.1000   0.0111   0.1000   0.1000  -0.0440  -0.0962   0.0229
2247   2.3349   2.3018  -0.1723   1.2459   0.5775   0.3648  -0.0321   0.2124  -0.0140   0.1000   0.1000   0.1000   0.0111   0.1000   0.1000  -0.0440  -0.0962   0.0231
2248   2.3397   2.3066  -0.1723   1.2470   0.5804   0.3650  -0.0321   0.2133  -0.0141   0.1000   0.1000   0.1000   0.0111   0.1000   0.1000  -0.0440  -0.0962   0.0232
2249   2.3434   2.3103  -0.1723   1.2482   0.5824   0.3652  -0.0321   0.2139  -0.0143   0.1000   0.1000   0.1000   0.0111   0.1000   0.1000  -0.0440  -0.0962   0.0233
2250   2.3461   2.3129  -0.1723   1.2493   0.5837   0.3654  -0.0321   0.2143  -0.0144   0.1000   0.1000   0.1000   0.0111   0.1000   0.1000  -0.0440  -0.0962   0.0233
2251   2.3479   2.3147  -0.1723   1.2503   0.5843   0.3656  -0.0321   0.2145  -0.0145   0.1000   0.1000   0.1000   0.0111   0.1000   0.1000  -0.0440  -0.0962   0.0233
2252   2.3475   2.3144  -0.1723   1.2514   0.5833   0.3658  -0.0321   0.2142  -0.0146   0.1000   0.1000   0.1000   0.0112   0.1000   0.1000  -0.0440  -0.0962   0.0233
2253   2.3452   2.3120  -0.1723   1.2524   0.5808   0.3659  -0.0321   0.2134  -0.0147   0.1000   0.1000   0.1000   0.0112   0.1000   0.1000  -0.0440  -0.0962   0.0232
2254   2.3423   2.3092  -0.1723   1.2534   0.5780   0.3661  -0.0321   0.2126  -0.0147   0.1000   0.1000   0.1000   0.0112   0.1000   0.1000  -0.0440  -0.0962   0.0231
2255   2.3390   2.3059  -0.1723   1.2543   0.5748   0.3663  -0.0321   0.2116  -0.0146   0.1000   0.1000   0.1000   0.0112   0.1000   0.1000  -0.0440  -0.0962   0.0230
2256   2.3354   2.3022  -0.1723   1.2552   0.5713   0.3665  -0.0321   0.2106  -0.0145   0.1000   0.1000   0.1000   0.0112   0.1000   0.1000  -0.0440  -0.0962   0.0228
2257   2.3313   2.2982  -0.1723   1.2560   0.5676   0.3667  -0.0321   0.2094  -0.0144   0.1000   0.1000   0.1000   0.0112   0.1000   0.1000  -0.0440  -0.0962   0.0227
2258   2.3269   2.2937  -0.1723   1.2568   0.5636   0.3668  -0.0321   0.2082  -0.0142   0.1000   0.1000   0.1000   0.0112   0.1000   0.1000  -0.0440  -0.0962   0.0225
2259   2.3221   2.2890  -0.1723   1.2575   0.5593   0.3670  -0.0321   0.2069  -0.0141   0.1000   0.1000   0.1000   0.0113   0.1000   0.1000  -0.0440  -0.0962   0.0223
2260   2.3170   2.2838  -0.1723   1.2583   0.5548   0.3672  -0.0321   0.2056  -0.0139   0.1000   0.1000   0.1000   0.0113   0.1000   0.1000  -0.0440  -0.0962   0.0222
2261   2.3116   2.2784  -0.1723   1.2589   0.5501   0.3674  -0.0321   0.2041  -0.0136   0.1000   0.1000   0.1000   0.0113   0.1000   0.1000  -0.0440  -0.0962   0.0220
2262   2.3058   2.2727  -0.1723   1.2595   0.5452   0.3675  -0.0321   0.2026  -0.0134   0.1000   0.1000   0.1000   0.0113   0.1000   0.1000  -0.0440  -0.0962   0.0218
2263   2.2999   2.2667  -0.1723   1.2601   0.5402   0.3677  -0.0321   0.2011  -0.0132   0.1000   0.1000   0.1000   0.0113   0.1000   0.1000  -0.0440  -0.0962   0.0216
2264   2.2936   2.2605  -0.1723   1.2607   0.5350   0.3679  -0.0321   0.1995  -0.0129   0.1000   0.1000   0.1000   0.0113   0.1000   0.1000  -0.0440  -0.0962   0.0214
2265   2.2871   2.2540  -0.1723   1.2612   0.5296   0.3680  -0.0321   0.1978  -0.0127   0.1000   0.1000   0.1000   0.0114   0.1000   0.1000  -0.0440  -0.0962   0.0211
2266   2.2804   2.2472  -0.1723   1.2616   0.5241   0.3682  -0.0321   0.1961  -0.0124   0.1000   0.1000   0.1000   0.0114   0.1000   0.1000  -0.0440  -0.0962   0.0209
2267   2.2735   2.2403  -0.1723   1.2621   0.5184   0.3684  -0.0321   0.1943  -0.0121   0.1000   0.1000   0.1000   0.0114   0.1000   0.1000  -0.0440  -0.0962   0.0207
2268   2.2663   2.2332  -0.1723   1.2625   0.5126   0.3685  -0.0321   0.1925  -0.0118   0.1000   0.1000   0.1000   0.0114   0.1000   0.1000  -0.0440  -0.0962   0.0205
2269   2.2590   2.2258  -0.1723   1.2628   0.5067   0.3687  -0.0321   0.1907  -0.0115   0.1000   0.1000   0.1000   0.0114   0.1000   0.1000  -0.0440  -0.0962   0.0202
2270   2.2511   2.2179  -0.1723   1.2631   0.5005   0.3689  -0.0321   0.1887  -0.0112   0.1000   0.1000   0.1000   0.0114   0.1000   0.1000  -0.0440  -0.0962   0.0200
2271   2.2437   2.2106  -0.1723   1.2634   0.4946   0.3690  -0.0321   0.1868  -0.0109   0.1000   0.1000   0.1000   0.0114   0.1000   0.1000  -0.0440  -0.0962   0.0197
2272   2.2368   2.2037  -0.1723   1.2637   0.4891   0.3692  -0.0321   0.1851  -0.0106   0.1000   0.1000   0.1000   0.0115   0.1000   0.1000  -0.0440  -0.0962   0.0195
2273   2.2290   2.1958  -0.1723   1.2639   0.4829   0.3693  -0.0321   0.1831  -0.0103   0.1000   0.1000   0.1000   0.0115   0.1000   0.1000  -0.0440  -0.0962   0.0193
2274   2.2202   2.1870  -0.1723   1.2641   0.4761   0.3695  -0.0321   0.1809  -0.0100   0.1000   0.1000   0.1000   0.0115   0.1000   0.1000  -0.0440  -0.0962   0.0190
2275   2.2119   2.1788  -0.1723   1.2643   0.4697   0.3696  -0.0321   0.1789  -0.0097   0.1000   0.1000   0.1000   0.0115   0.1000   0.1000  -0.0440  -0.0962   0.0187
2276   2.2057   2.1726  -0.1723   1.2644   0.4649   0.3698  -0.0321   0.1773  -0.0093   0.1000   0.1000   0.1000   0.0115   0.1000   0.1000  -0.0440  -0.0962   0.0185
2277   2.2015   2.1683  -0.1723   1.2645   0.4614   0.3699  -0.0321   0.1761  -0.0090   0.1000   0.1000   0.1000   0.0115   0.1000   0.1000  -0.0440  -0.0962   0.0184
2278   2.1974   2.1643  -0.1723   1.2646   0.4581   0.3701  -0.0321   0.1751  -0.0087   0.1000   0.1000   0.1000   0.0115   0.1000   0.1000  -0.0440  -0.0962   0.0183
2279   2.1936   2.1604  -0.1723   1.2647   0.4550   0.3702  -0.0321   0.1741  -0.0084   0.1000   0.1000   0.1000   0.0116   0.1000   0.1000  -0.0440  -0.0962   0.0181
2280   2.1914   2.1583  -0.1723   1.2648   0.4532   0.3704  -0.0321   0.1735  -0.0081   0.1000   0.1000   0.1000   0.0116   0.1000   0.1000  -0.0440  -0.0962   0.0181
2281   2.1907   2.1576  -0.1723   1.2649   0.4525   0.3705  -0.0321   0.1732  -0.0079   0.1000   0.1000   0.1000   0.0116   0.1000   0.1000  -0.0440  -0.0962   0.0180
2282   2.1915   2.1584  -0.1723   1.2650   0.4528   0.3707  -0.0321   0.1733  -0.0077   0.1000   0.1000   0.1000   0.0116   0.1000   0.1000  -0.0440  -0.0962   0.0181
2283   2.1936   2.1604  -0.1723   1.2651   0.4541   0.3708  -0.0321   0.1738  -0.0075   0.1000   0.1000   0.1000   0.0116   0.1000   0.1000  -0.0440  -0.0962   0.0181
2284   2.1953   2.1621  -0.1723   1.2652   0.4552   0.3709  -0.0321   0.1741  -0.0074   0.1000   0.1000   0.1000   0.0116   0.1000   0.1000  -0.0440  -0.0962   0.0181
2285   2.1952   2.1620  -0.1723   1.2653   0.4550   0.3711  -0.0321   0.1741  -0.0073   0.1000   0.1000   0.1000   0.0117   0.1000   0.1000  -0.0440  -0.0962   0.0181
2286   2.1934   2.1602  -0.1723   1.2655   0.4536   0.3712  -0.0321   0.1736  -0.0073   0.1000   0.1000   0.1000   0.0117   0.1000   0.1000  -0.0440  -0.0962   0.0181
2287   2.1916   2.1585  -0.1723   1.2656   0.4522   0.3714  -0.0321   0.1731  -0.0073   0.1000   0.1000   0.1000   0.0117   0.1000   0.1000  -0.0440  -0.0962   0.0180
2288   2.1899   2.1567  -0.1723   1.2657   0.4508   0.3715  -0.0321   0.1727  -0.0073   0.1000   0.1000   0.1000   0.0117   0.1000   0.1000  -0.0440  -0.0962   0.0180
2289   2.1882   2.1551  -0.1723   1.2659   0.4495   0.3716  -0.0321   0.1722  -0.0072   0.1000   0.1000   0.1000   0.0117   0.1000   0.1000  -0.0440  -0.0962   0.0179
2290   2.1866   2.1534  -0.1723   1.2660   0.4481   0.3718  -0.0321   0.1718  -0.0071   0.1000   0.1000   0.1000   0.0117   0.1000   0.1000  -0.0440  -0.0962   0.0179
2291   2.1834   2.1503  -0.1723   1.2661   0.4457   0.3719  -0.0321   0.1710  -0.0071   0.1000   0.1000   0.1000   0.0117   0.1000   0.1000  -0.0440  -0.0962   0.0178
2292   2.1789   2.1458  -0.1723   1.2662   0.4423   0.3720  -0.0321   0.1699  -0.0070   0.1000   0.1000   0.1000   0.0118   0.1000   0.1000  -0.0440  -0.0962   0.0176
2293   2.1747   2.1415  -0.1723   1.2663   0.4390   0.3721  -0.0321   0.1688  -0.0069   0.1000   0.1000   0.1000   0.0118   0.1000   0.1000  -0.0440  -0.0962   0.0175
2294   2.1706   2.1375  -0.1723   1.2664   0.4359   0.3723  -0.0321   0.1678  -0.0067   0.1000   0.1000   0.1000   0.0118   0.1000   0.1000  -0.0440  -0.0962   0.0174
2295   2.1669   2.1337  -0.1723   1.2665   0.4330   0.3724  -0.0321   0.1668  -0.0066   0.1000   0.1000   0.1000   0.0118   0.1000   0.1000  -0.0440  -0.0962   0.0173
2296   2.1642   2.1310  -0.1723   1.2665   0.4309   0.3725  -0.0321   0.1661  -0.0064   0.1000   0.1000   0.1000   0.0118   0.1000   0.1000  -0.0440  -0.0962   0.0172
2297   2.1618   2.1287  -0.1723   1.2666   0.4290   0.3726  -0.0321   0.1655  -0.0062   0.1000   0.1000   0.1000   0.0118   0.1000   0.1000  -0.0440  -0.0962   0.0171
2298   2.1589   2.1258  -0.1723   1.2666   0.4268   0.3728  -0.0321   0.1647  -0.0061   0.1000   0.1000   0.1000   0.0118   0.1000   0.1000  -0.0440  -0.0962   0.0170
2299   2.1563   2.1232  -0.1723   1.2666   0.4247   0.3729  -0.0321   0.1640  -0.0059   0.1000   0.1000   0.1000   0.0119   0.1000   0.1000  -0.0440  -0.0962   0.0169
2300   2.1539   2.1208  -0.1723   1.2667   0.4229   0.3730  -0.0321   0.1634  -0.0058   0.1000   0.1000   0.1000   0.0119   0.1000   0.1000  -0.0440  -0.0962   0.0169
2301   2.1518   2.1186  -0.1723   1.2667   0.4212   0.3731  -0.0321   0.1628  -0.0056   0.1000   0.1000   0.1000   0.0119   0.1000   0.1000  -0.0440  -0.0962   0.0168
2302   2.1498   2.1166  -0.1723   1.2667   0.4196   0.3733  -0.0321   0.1623  -0.0055   0.1000   0.1000   0.1000   0.0119   0.1000   0.1000  -0.0440  -0.0962   0.0167
2303   2.1476   2.1145  -0.1723   1.2667   0.4180   0.3734  -0.0321   0.1618  -0.0054   0.1000   0.1000   0.1000   0.0119   0.1000   0.1000  -0.0440  -0.0962   0.0167
2304   2.1460   2.1129  -0.1723   1.2667   0.4167   0.3735  -0.0321   0.1613  -0.0053   0.1000   0.1000   0.1000   0.0119   0.1000   0.1000  -0.0440  -0.0962   0.0166
2305   2.1446   2.1114  -0.1723   1.2668   0.4156   0.3736  -0.0321   0.1609  -0.0052   0.1000   0.1000   0.1000   0.0119   0.1000   0.1000  -0.0440  -0.0962   0.0166
2306   2.1433   2.1101  -0.1723   1.2668   0.4145   0.3737  -0.0321   0.1606  -0.0050   0.1000   0.1000   0.1000   0.0120   0.1000   0.1000  -0.0440  -0.0962   0.0165
2307   2.1421   2.1090  -0.1723   1.2668   0.4136   0.3738  -0.0321   0.1603  -0.0049   0.1000   0.1000   0.1000   0.0120   0.1000   0.1000  -0.0440  -0.0962   0.0165
2308   2.1410   2.1079  -0.1723   1.2668   0.4127   0.3739  -0.0321   0.1600  -0.0049   0.1000   0.1000   0.1000   0.0120   0.1000   0.1000  -0.0440  -0.0962   0.0164
2309   2.1400   2.1069  -0.1723   1.2668   0.4120   0.3740  -0.0321   0.1597  -0.0048   0.1000   0.1000   0.1000   0.0120   0.1000   0.1000  -0.0440  -0.0962   0.0164
2310   2.1392   2.1060  -0.1723   1.2668   0.4112   0.3742  -0.0321   0.1595  -0.0047   0.1000   0.1000   0.1000   0.0120   0.1000   0.1000  -0.0440  -0.0962   0.0164
2311   2.1384   2.1052  -0.1723   1.2669   0.4106   0.3743  -0.0321   0.1593  -0.0046   0.1000   0.1000   0.1000   0.0120   0.1000   0.1000  -0.0440  -0.0962   0.0164
2312   2.1377   2.1045  -0.1723   1.2669   0.4100   0.3744  -0.0321   0.1591  -0.0046   0.1000   0.1000   0.1000   0.0121   0.1000   0.1000  -0.0440  -0.0962   0.0163
2313   2.1370   2.1039  -0.1723   1.2669   0.4095   0.3745  -0.0321   0.1589  -0.0045   0.1000   0.1000   0.1000   0.0121   0.1000   0.1000  -0.0440  -0.0962   0.0163
2314   2.1364   2.1033  -0.1723   1.2669   0.4090   0.3746  -0.0321   0.1587  -0.0044   0.1000   0.1000   0.1000   0.0121   0.1000   0.1000  -0.0440  -0.0962   0.0163
2315   2.1359   2.1028  -0.1723   1.2670   0.4086   0.3747  -0.0321   0.1586  -0.0044   0.1000   0.1000   0.1000   0.0121   0.1000   0.1000  -0.0440  -0.0962   0.0163
2316   2.1355   2.1023  -0.1723   1.2670   0.4081   0.3748  -0.0321   0.1584  -0.0043   0.1000   0.1000   0.1000   0.0121   0.1000   0.1000  -0.0440  -0.0962   0.0163
2317   2.1350   2.1019  -0.1723   1.2670   0.4078   0.3749  -0.0321   0.1583  -0.0043   0.1000   0.1000   0.1000   0.0121   0.1000   0.1000  -0.0440  -0.0962   0.0162
2318   2.1347   2.1015  -0.1723   1.2671   0.4075   0.3750  -0.0321   0.1582  -0.0042   0.1000   0.1000   0.1000   0.0121   0.1000   0.1000  -0.0440  -0.0962   0.0162
2319   2.1359   2.1028  -0.1723   1.2671   0.4083   0.3751  -0.0321   0.1585  -0.0042   0.1000   0.1000   0.1000   0.0122   0.1000   0.1000  -0.0440  -0.0962   0.0163
2320   2.1386   2.1055  -0.1723   1.2672   0.4102   0.3752  -0.0321   0.1591  -0.0041   0.1000   0.1000   0.1000   0.0122   0.1000   0.1000  -0.0440  -0.0962   0.0163
2321   2.1426   2.1095  -0.1723   1.2672   0.4130   0.3753  -0.0321   0.1601  -0.0041   0.1000   0.1000   0.1000   0.0122   0.1000   0.1000  -0.0440  -0.0962   0.0165
2322   2.1479   2.1147  -0.1723   1.2673   0.4167   0.3754  -0.0321   0.1613  -0.0041   0.1000   0.1000   0.1000   0.0122   0.1000   0.1000  -0.0440  -0.0962   0.0166
2323   2.1526   2.1194  -0.1723   1.2674   0.4201   0.3755  -0.0321   0.1625  -0.0041   0.1000   0.1000   0.1000   0.0122   0.1000   0.1000  -0.0440  -0.0962   0.0167
2324   2.1568   2.1237  -0.1723   1.2675   0.4231   0.3756  -0.0321   0.1635  -0.0042   0.1000   0.1000   0.1000   0.0122   0.1000   0.1000  -0.0440  -0.0962   0.0169
2325   2.1622   2.1291  -0.1723   1.2677   0.4270   0.3757  -0.0321   0.1648  -0.0043   0.1000   0.1000   0.1000   0.0122   0.1000   0.1000  -0.0440  -0.0962   0.0170
2326   2.1686   2.1355  -0.1723   1.2679   0.4316   0.3758  -0.0321   0.1663  -0.0044   0.1000   0.1000   0.1000   0.0123   0.1000   0.1000  -0.0440  -0.0962   0.0172
2327   2.1759   2.1428  -0.1723   1.2681   0.4369   0.3759  -0.0321   0.1681  -0.0045   0.1000   0.1000   0.1000   0.0123   0.1000   0.1000  -0.0440  -0.0962   0.0174
2328   2.1841   2.1510  -0.1723   1.2683   0.4428   0.3760  -0.0321   0.1700  -0.0047   0.1000   0.1000   0.1000   0.0123   0.1000   0.1000  -0.0440  -0.0962   0.0177
2329   2.1916   2.1584  -0.1723   1.2685   0.4481   0.3761  -0.0321   0.1718  -0.0048   0.1000   0.1000   0.1000   0.0123   0.1000   0.1000  -0.0440  -0.0962   0.0179
2330   2.1983   2.1651  -0.1723   1.2688   0.4530   0.3762  -0.0321   0.1734  -0.0050   0.1000   0.1000   0.1000   0.0123   0.1000   0.1000  -0.0440  -0.0962   0.0181
2331   2.2044   2.1712  -0.1723   1.2691   0.4574   0.3762  -0.0321   0.1748  -0.0053   0.1000   0.1000   0.1000   0.0123   0.1000   0.1000  -0.0440  -0.0962   0.0182
2332   2.2084   2.1753  -0.1723   1.2694   0.4603   0.3763  -0.0321   0.1758  -0.0055   0.1000   0.1000   0.1000   0.0123   0.1000   0.1000  -0.0440  -0.0962   0.0184
2333   2.2107   2.1775  -0.1723   1.2697   0.4618   0.3764  -0.0321   0.1763  -0.0057   0.1000   0.1000   0.1000   0.0124   0.1000   0.1000  -0.0440  -0.0962   0.0184
2334   2.2112   2.1781  -0.1723   1.2700   0.4622   0.3765  -0.0321   0.1764  -0.0059   0.1000   0.1000   0.1000   0.0124   0.1000   0.1000  -0.0440  -0.0962   0.0184
2335   2.2103   2.1772  -0.1723   1.2703   0.4614   0.3766  -0.0321   0.1761  -0.0061   0.1000   0.1000   0.1000   0.0124   0.1000   0.1000  -0.0440  -0.0962   0.0184
2336   2.2081   2.1749  -0.1723   1.2706   0.4596   0.3767  -0.0321   0.1755  -0.0062   0.1000   0.1000   0.1000   0.0124   0.1000   0.1000  -0.0440  -0.0962   0.0183
2337   2.2046   2.1714  -0.1723   1.2709   0.4568   0.3768  -0.0321   0.1747  -0.0063   0.1000   0.1000   0.1000   0.0124   0.1000   0.1000  -0.0440  -0.0962   0.0182
2338   2.2014   2.1683  -0.1723   1.2711   0.4543   0.3769  -0.0321   0.1738  -0.0063   0.1000   0.1000   0.1000   0.0124   0.1000   0.1000  -0.0440  -0.0962   0.0181
2339   2.1986   2.1654  -0.1723   1.2714   0.4521   0.3769  -0.0321   0.1731  -0.0062   0.1000   0.1000   0.1000   0.0125   0.1000   0.1000  -0.0440  -0.0962   0.0180
2340   2.1958   2.1626  -0.1723   1.2716   0.4498   0.3770  -0.0321   0.1723  -0.0061   0.1000   0.1000   0.1000   0.0125   0.1000   0.1000  -0.0440  -0.0962   0.0179
2341   2.1927   2.1596  -0.1723   1.2717   0.4473   0.3771  -0.0321   0.1715  -0.0060   0.1000   0.1000   0.1000   0.0125   0.1000   0.1000  -0.0440  -0.0962   0.0178
2342   2.1893   2.1562  -0.1723   1.2719   0.4446   0.3772  -0.0321   0.1706  -0.0059   0.1000   0.1000   0.1000   0.0125   0.1000   0.1000  -0.0440  -0.0962   0.0177
2343   2.1857   2.1525  -0.1723   1.2720   0.4418   0.3773  -0.0321   0.1697  -0.0057   0.1000   0.1000   0.1000   0.0125   0.1000   0.1000  -0.0440  -0.0962   0.0176
2344   2.1818   2.1487  -0.1723   1.2722   0.4387   0.3774  -0.0321   0.1687  -0.0056   0.1000   0.1000   0.1000   0.0125   0.1000   0.1000  -0.0440  -0.0962   0.0175
2345   2.1792   2.1461  -0.1723   1.2723   0.4367   0.3774  -0.0321   0.1680  -0.0055   0.1000   0.1000   0.1000   0.0125   0.1000   0.1000  -0.0440  -0.0962   0.0174
2346   2.1778   2.1447  -0.1723   1.2723   0.4355   0.3775  -0.0321   0.1676  -0.0053   0.1000   0.1000   0.1000   0.0126   0.1000   0.1000  -0.0440  -0.0962   0.0174
2347   2.1776   2.1444  -0.1723   1.2724   0.4351   0.3776  -0.0321   0.1675  -0.0052   0.1000   0.1000   0.1000   0.0126   0.1000   0.1000  -0.0440  -0.0962   0.0173
2348   2.1783   2.1451  -0.1723   1.2725   0.4354   0.3777  -0.0321   0.1676  -0.0050   0.1000   0.1000   0.1000   0.0126   0.1000   0.1000  -0.0440  -0.0962   0.0174
2349   2.1783   2.1452  -0.1723   1.2726   0.4353   0.3777  -0.0321   0.1676  -0.0049   0.1000   0.1000   0.1000   0.0126   0.1000   0.1000  -0.0440  -0.0962   0.0174
2350   2.1778   2.1447  -0.1723   1.2727   0.4348   0.3778  -0.0321   0.1674  -0.0048   0.1000   0.1000   0.1000   0.0126   0.1000   0.1000  -0.0440  -0.0962   0.0173
2351   2.1767   2.1436  -0.1723   1.2728   0.4339   0.3779  -0.0321   0.1671  -0.0048   0.1000   0.1000   0.1000   0.0126   0.1000   0.1000  -0.0440  -0.0962   0.0173
2352   2.1752   2.1420  -0.1723   1.2728   0.4327   0.3780  -0.0321   0.1667  -0.0048   0.1000   0.1000   0.1000   0.0126   0.1000   0.1000  -0.0440  -0.0962   0.0172
2353   2.1732   2.1401  -0.1723   1.2729   0.4312   0.3780  -0.0321   0.1662  -0.0048   0.1000   0.1000   0.1000   0.0127   0.1000   0.1000  -0.0440  -0.0962   0.0172
2354   2.1708   2.1377  -0.1723   1.2730   0.4294   0.3781  -0.0321   0.1656  -0.0047   0.1000   0.1000   0.1000   0.0127   0.1000   0.1000  -0.0440  -0.0962   0.0171
2355   2.1681   2.1350  -0.1723   1.2731   0.4273   0.3782  -0.0321   0.1649  -0.0047   0.1000   0.1000   0.1000   0.0127   0.1000   0.1000  -0.0440  -0.0962   0.0170
2356   2.1651   2.1320  -0.1723   1.2731   0.4250   0.3783  -0.0321   0.1641  -0.0046   0.1000   0.1000   0.1000   0.0127   0.1000   0.1000  -0.0440  -0.0962   0.0169
2357   2.1624   2.1292  -0.1723   1.2732   0.4229   0.3783  -0.0321   0.1634  -0.0045   0.1000   0.1000   0.1000   0.0127   0.1000   0.1000  -0.0440  -0.0962   0.0169
2358   2.1600   2.1268  -0.1723   1.2732   0.4211   0.3784  -0.0321   0.1628  -0.0044   0.1000   0.1000   0.1000   0.0127   0.1000   0.1000  -0.0440  -0.0962   0.0168
2359   2.1588   2.1257  -0.1723   1.2732   0.4201   0.3785  -0.0321   0.1625  -0.0043   0.1000   0.1000   0.1000   0.0127   0.1000   0.1000  -0.0440  -0.0962   0.0167
2360   2.1589   2.1258  -0.1723   1.2732   0.4201   0.3785  -0.0321   0.1625  -0.0042   0.1000   0.1000   0.1000   0.0128   0.1000   0.1000  -0.0440  -0.0962   0.0167
2361   2.1586   2.1254  -0.1723   1.2733   0.4197   0.3786  -0.0321   0.1623  -0.0041   0.1000   0.1000   0.1000   0.0128   0.1000   0.1000  -0.0440  -0.0962   0.0167
2362   2.1578   2.1246  -0.1723   1.2733   0.4190   0.3787  -0.0321   0.1621  -0.0040   0.1000   0.1000   0.1000   0.0128   0.1000   0.1000  -0.0440  -0.0962   0.0167
2363   2.1572   2.1240  -0.1723   1.2733   0.4185   0.3787  -0.0321   0.1619  -0.0039   0.1000   0.1000   0.1000   0.0128   0.1000   0.1000  -0.0440  -0.0962   0.0167
2364   2.1558   2.1227  -0.1723   1.2734   0.4175   0.3788  -0.0321   0.1616  -0.0039   0.1000   0.1000   0.1000   0.0128   0.1000   0.1000  -0.0440  -0.0962   0.0166
2365   2.1539   2.1207  -0.1723   1.2734   0.4160   0.3789  -0.0321   0.1611  -0.0038   0.1000   0.1000   0.1000   0.0128   0.1000   0.1000  -0.0440  -0.0962   0.0166
2366   2.1525   2.1193  -0.1723   1.2734   0.4149   0.3789  -0.0321   0.1607  -0.0038   0.1000   0.1000   0.1000   0.0128   0.1000   0.1000  -0.0440  -0.0962   0.0165
2367   2.1512   2.1181  -0.1723   1.2734   0.4140   0.3790  -0.0321   0.1604  -0.0037   0.1000   0.1000   0.1000   0.0129   0.1000   0.1000  -0.0440  -0.0962   0.0165
2368   2.1497   2.1165  -0.1723   1.2735   0.4128   0.3791  -0.0321   0.1600  -0.0037   0.1000   0.1000   0.1000   0.0129   0.1000   0.1000  -0.0440  -0.0962   0.0164
2369   2.1483   2.1152  -0.1723   1.2735   0.4117   0.3791  -0.0321   0.1596  -0.0036   0.1000   0.1000   0.1000   0.0129   0.1000   0.1000  -0.0440  -0.0962   0.0164
2370   2.1475   2.1143  -0.1723   1.2735   0.4110   0.3792  -0.0321   0.1594  -0.0035   0.1000   0.1000   0.1000   0.0129   0.1000   0.1000  -0.0440  -0.0962   0.0164
2371   2.1467   2.1135  -0.1723   1.2735   0.4104   0.3793  -0.0321   0.1592  -0.0035   0.1000   0.1000   0.1000   0.0129   0.1000   0.1000  -0.0440  -0.0962   0.0164
2372   2.1456   2.1125  -0.1723   1.2735   0.4096   0.3793  -0.0321   0.1589  -0.0034   0.1000   0.1000   0.1000   0.0129   0.1000   0.1000  -0.0440  -0.0962   0.0163
2373   2.1450   2.1119  -0.1723   1.2736   0.4091   0.3794  -0.0321   0.1587  -0.0033   0.1000   0.1000   0.1000   0.0129   0.1000   0.1000  -0.0440  -0.0962   0.0163
2374   2.1445   2.1113  -0.1723   1.2736   0.4086   0.3794  -0.0321   0.1586  -0.0033   0.1000   0.1000   0.1000   0.0130   0.1000   0.1000  -0.0440  -0.0962   0.0163
2375   2.1436   2.1105  -0.1723   1.2736   0.4079   0.3795  -0.0321   0.1584  -0.0032   0.1000   0.1000   0.1000   0.0130   0.1000   0.1000  -0.0440  -0.0962   0.0163
2376   2.1428   2.1097  -0.1723   1.2736   0.4073   0.3796  -0.0321   0.1581  -0.0032   0.1000   0.1000   0.1000   0.0130   0.1000   0.1000  -0.0440  -0.0962   0.0162
2377   2.1421   2.1090  -0.1723   1.2736   0.4067   0.3796  -0.0321   0.1580  -0.0032   0.1000   0.1000   0.1000   0.0130   0.1000   0.1000  -0.0440  -0.0962   0.0162
2378   2.1415   2.1083  -0.1723   1.2737   0.4062   0.3797  -0.0321   0.1578  -0.0031   0.1000   0.1000   0.1000   0.0130   0.1000   0.1000  -0.0440  -0.0962   0.0162
2379   2.1413   2.1082  -0.1723   1.2737   0.4060   0.3797  -0.0321   0.1577  -0.0031   0.1000   0.1000   0.1000   0.0130   0.1000   0.1000  -0.0440  -0.0962   0.0162
2380   2.1411   2.1080  -0.1723   1.2737   0.4059   0.3798  -0.0321   0.1577  -0.0030   0.1000   0.1000   0.1000   0.0130   0.1000   0.1000  -0.0440  -0.0962   0.0162
2381   2.1410   2.1079  -0.1723   1.2737   0.4057   0.3799  -0.0321   0.1576  -0.0030   0.1000   0.1000   0.1000   0.0131   0.1000   0.1000  -0.0440  -0.0962   0.0162
2382   2.1409   2.1078  -0.1723   1.2738   0.4056   0.3799  -0.0321   0.1576  -0.0030   0.1000   0.1000   0.1000   0.0131   0.1000   0.1000  -0.0440  -0.0962   0.0162
2383   2.1404   2.1073  -0.1723   1.2738   0.4051   0.3800  -0.0321   0.1574  -0.0029   0.1000   0.1000   0.1000   0.0131   0.1000   0.1000  -0.0440  -0.0962   0.0161
2384   2.1403   2.1072  -0.1723   1.2739   0.4051   0.3800  -0.0321   0.1574  -0.0029   0.1000   0.1000   0.1000   0.0131   0.1000   0.1000  -0.0440  -0.0962   0.0161
2385   2.1403   2.1072  -0.1723   1.2739   0.4050   0.3801  -0.0321   0.1574  -0.0029   0.1000   0.1000   0.1000   0.0131   0.1000   0.1000  -0.0440  -0.0962   0.0161
2386   2.1399   2.1067  -0.1723   1.2739   0.4046   0.3801  -0.0321   0.1572  -0.0029   0.1000   0.1000   0.1000   0.0131   0.1000   0.1000  -0.0440  -0.0962   0.0161
2387   2.1395   2.1064  -0.1723   1.2740   0.4043   0.3802  -0.0321   0.1571  -0.0029   0.1000   0.1000   0.1000   0.0132   0.1000   0.1000  -0.0440  -0.0962   0.0161
2388   2.1396   2.1064  -0.1723   1.2740   0.4043   0.3802  -0.0321   0.1571  -0.0028   0.1000   0.1000   0.1000   0.0132   0.1000   0.1000  -0.0440  -0.0962   0.0161
2389   2.1396   2.1065  -0.1723   1.2741   0.4043   0.3803  -0.0321   0.1571  -0.0028   0.1000   0.1000   0.1000   0.0132   0.1000   0.1000  -0.0440  -0.0962   0.0161
2390   2.1393   2.1062  -0.1723   1.2741   0.4040   0.3803  -0.0321   0.1570  -0.0028   0.1000   0.1000   0.1000   0.0132   0.1000   0.1000  -0.0440  -0.0962   0.0161
2391   2.1394   2.1063  -0.1723   1.2742   0.4040   0.3804  -0.0321   0.1570  -0.0028   0.1000   0.1000   0.1000   0.0132   0.1000   0.1000  -0.0440  -0.0962   0.0161
2392   2.1395   2.1064  -0.1723   1.2742   0.4040   0.3804  -0.0321   0.1570  -0.0027   0.1000   0.1000   0.1000   0.0132   0.1000   0.1000  -0.0440  -0.0962   0.0161
2393   2.1393   2.1061  -0.1723   1.2743   0.4037   0.3805  -0.0321   0.1569  -0.0027   0.1000   0.1000   0.1000   0.0132   0.1000   0.1000  -0.0440  -0.0962   0.0161
2394   2.1390   2.1059  -0.1723   1.2743   0.4035   0.3806  -0.0321   0.1568  -0.0027   0.1000   0.1000   0.1000   0.0133   0.1000   0.1000  -0.0440  -0.0962   0.0161
2395   2.1388   2.1056  -0.1723   1.2744   0.4033   0.3806  -0.0321   0.1568  -0.0027   0.1000   0.1000   0.1000   0.0133   0.1000   0.1000  -0.0440  -0.0962   0.0161
2396   2.1386   2.1054  -0.1723   1.2745   0.4031   0.3806  -0.0321   0.1567  -0.0027   0.1000   0.1000   0.1000   0.0133   0.1000   0.1000  -0.0440  -0.0962   0.0161
2397   2.1384   2.1053  -0.1723   1.2745   0.4029   0.3807  -0.0321   0.1566  -0.0027   0.1000   0.1000   0.1000   0.0133   0.1000   0.1000  -0.0440  -0.0962   0.0160
2398   2.1383   2.1052  -0.1723   1.2746   0.4027   0.3807  -0.0321   0.1566  -0.0026   0.1000   0.1000   0.1000   0.0133   0.1000   0.1000  -0.0440  -0.0962   0.0160
2399   2.1386   2.1054  -0.1723   1.2747   0.4028   0.3808  -0.0321   0.1566  -0.0026   0.1000   0.1000   0.1000   0.0133   0.1000   0.1000  -0.0440  -0.0962   0.0160
2400   2.1388   2.1057  -0.1723   1.2747   0.4030   0.3808  -0.0321   0.1567  -0.0026   0.1000   0.1000   0.1000   0.0133   0.1000   0.1000  -0.0440  -0.0962   0.0161
2401   2.1391   2.1060  -0.1723   1.2748   0.4031   0.3809  -0.0321   0.1567  -0.0026   0.1000   0.1000   0.1000   0.0134   0.1000   0.1000  -0.0440  -0.0962   0.0161
2402   2.1393   2.1062  -0.1723   1.2749   0.4032   0.3809  -0.0321   0.1567  -0.0026   0.1000   0.1000   0.1000   0.0134   0.1000   0.1000  -0.0440  -0.0962   0.0161
2403   2.1392   2.1060  -0.1723   1.2749   0.4030   0.3810  -0.0321   0.1567  -0.0026   0.1000   0.1000   0.1000   0.0134   0.1000   0.1000  -0.0440  -0.0962   0.0161
2404   2.1394   2.1063  -0.1723   1.2750   0.4031   0.3810  -0.0321   0.1567  -0.0026   0.1000   0.1000   0.1000   0.0134   0.1000   0.1000  -0.0440  -0.0962   0.0161
2405   2.1396   2.1065  -0.1723   1.2751   0.4032   0.3811  -0.0321   0.1567  -0.0026   0.1000   0.1000   0.1000   0.0134   0.1000   0.1000  -0.0440  -0.0962   0.0161
2406   2.1395   2.1063  -0.1723   1.2752   0.4030   0.3811  -0.0321   0.1567  -0.0025   0.1000   0.1000   0.1000   0.0134   0.1000   0.1000  -0.0440  -0.0962   0.0161
2407   2.1393   2.1062  -0.1723   1.2752   0.4028   0.3812  -0.0321   0.1566  -0.0025   0.1000   0.1000   0.1000   0.0134   0.1000   0.1000  -0.0440  -0.0962   0.0160
2408   2.1392   2.1061  -0.1723   1.2753   0.4027   0.3812  -0.0321   0.1566  -0.0025   0.1000   0.1000   0.1000   0.0135   0.1000   0.1000  -0.0440  -0.0962   0.0160
2409   2.1391   2.1060  -0.1723   1.2754   0.4025   0.3813  -0.0321   0.1565  -0.0025   0.1000   0.1000   0.1000   0.0135   0.1000   0.1000  -0.0440  -0.0962   0.0160
2410   2.1394   2.1063  -0.1723   1.2755   0.4027   0.3813  -0.0321   0.1566  -0.0025   0.1000   0.1000   0.1000   0.0135   0.1000   0.1000  -0.0440  -0.0962   0.0160
2411   2.1397   2.1066  -0.1723   1.2756   0.4028   0.3813  -0.0321   0.1566  -0.0025   0.1000   0.1000   0.1000   0.0135   0.1000   0.1000  -0.0440  -0.0962   0.0160
2412   2.1400   2.1069  -0.1723   1.2757   0.4029   0.3814  -0.0321   0.1567  -0.0025   0.1000   0.1000   0.1000   0.0135   0.1000   0.1000  -0.0440  -0.0962   0.0161
2413   2.1403   2.1072  -0.1723   1.2757   0.4030   0.3814  -0.0321   0.1567  -0.0025   0.1000   0.1000   0.1000   0.0135   0.1000   0.1000  -0.0440  -0.0962   0.0161
2414   2.1406   2.1074  -0.1723   1.2758   0.4031   0.3815  -0.0321   0.1567  -0.0025   0.1000   0.1000   0.1000   0.0135   0.1000   0.1000  -0.0440  -0.0962   0.0161
2415   2.1408   2.1077  -0.1723   1.2759   0.4032   0.3815  -0.0321   0.1568  -0.0024   0.1000   0.1000   0.1000   0.0136   0.1000   0.1000  -0.0440  -0.0962   0.0161
2416   2.1410   2.1079  -0.1723   1.2760   0.4033   0.3816  -0.0321   0.1568  -0.0024   0.1000   0.1000   0.1000   0.0136   0.1000   0.1000  -0.0440  -0.0962   0.0161
2417   2.1414   2.1083  -0.1723   1.2761   0.4035   0.3816  -0.0321   0.1569  -0.0024   0.1000   0.1000   0.1000   0.0136   0.1000   0.1000  -0.0440  -0.0962   0.0161
2418   2.1422   2.1091  -0.1723   1.2762   0.4040   0.3816  -0.0321   0.1570  -0.0024   0.1000   0.1000   0.1000   0.0136   0.1000   0.1000  -0.0440  -0.0962   0.0161
2419   2.1435   2.1104  -0.1723   1.2763   0.4049   0.3817  -0.0321   0.1573  -0.0024   0.1000   0.1000   0.1000   0.0136   0.1000   0.1000  -0.0440  -0.0962   0.0161
2420   2.1440   2.1108  -0.1723   1.2764   0.4051   0.3817  -0.0321   0.1574  -0.0024   0.1000   0.1000   0.1000   0.0136   0.1000   0.1000  -0.0440  -0.0962   0.0161
2421   2.1436   2.1104  -0.1723   1.2765   0.4047   0.3818  -0.0321   0.1573  -0.0024   0.1000   0.1000   0.1000   0.0136   0.1000   0.1000  -0.0440  -0.0962   0.0161
2422   2.1436   2.1105  -0.1723   1.2767   0.4047   0.3818  -0.0321   0.1573  -0.0025   0.1000   0.1000   0.1000   0.0137   0.1000   0.1000  -0.0440  -0.0962   0.0161
2423   2.1437   2.1105  -0.1723   1.2768   0.4046   0.3818  -0.0321   0.1572  -0.0025   0.1000   0.1000   0.1000   0.0137   0.1000   0.1000  -0.0440  -0.0962   0.0161
2424   2.1437   2.1106  -0.1723   1.2769   0.4046   0.3819  -0.0321   0.1572  -0.0025   0.1000   0.1000   0.1000   0.0137   0.1000   0.1000  -0.0440  -0.0962   0.0161
2425   2.1438   2.1107  -0.1723   1.2770   0.4045   0.3819  -0.0321   0.1572  -0.0025   0.1000   0.1000   0.1000   0.0137   0.1000   0.1000  -0.0440  -0.0962   0.0161
2426   2.1439   2.1108  -0.1723   1.2771   0.4045   0.3819  -0.0321   0.1572  -0.0024   0.1000   0.1000   0.1000   0.0137   0.1000   0.1000  -0.0440  -0.0962   0.0161
2427   2.1456   2.1124  -0.1723   1.2772   0.4056   0.3820  -0.0321   0.1576  -0.0024   0.1000   0.1000   0.1000   0.0137   0.1000   0.1000  -0.0440  -0.0962   0.0162
2428   2.1487   2.1156  -0.1723   1.2773   0.4078   0.3820  -0.0321   0.1583  -0.0024   0.1000   0.1000   0.1000   0.0137   0.1000   0.1000  -0.0440  -0.0962   0.0162
2429   2.1517   2.1185  -0.1723   1.2775   0.4098   0.3821  -0.0321   0.1590  -0.0024   0.1000   0.1000   0.1000   0.0138   0.1000   0.1000  -0.0440  -0.0962   0.0163
2430   2.1529   2.1198  -0.1723   1.2776   0.4106   0.3821  -0.0321   0.1593  -0.0024   0.1000   0.1000   0.1000   0.0138   0.1000   0.1000  -0.0440  -0.0962   0.0164
2431   2.1525   2.1194  -0.1723   1.2777   0.4103   0.3821  -0.0321   0.1592  -0.0025   0.1000   0.1000   0.1000   0.0138   0.1000   0.1000  -0.0440  -0.0962   0.0163
2432   2.1523   2.1192  -0.1723   1.2779   0.4100   0.3822  -0.0321   0.1591  -0.0026   0.1000   0.1000   0.1000   0.0138   0.1000   0.1000  -0.0440  -0.0962   0.0163
2433   2.1522   2.1190  -0.1723   1.2780   0.4099   0.3822  -0.0321   0.1590  -0.0026   0.1000   0.1000   0.1000   0.0138   0.1000   0.1000  -0.0440  -0.0962   0.0163
2434   2.1522   2.1191  -0.1723   1.2782   0.4098   0.3822  -0.0321   0.1590  -0.0026   0.1000   0.1000   0.1000   0.0138   0.1000   0.1000  -0.0440  -0.0962   0.0163
2435   2.1524   2.1193  -0.1723   1.2783   0.4098   0.3823  -0.0321   0.1590  -0.0026   0.1000   0.1000   0.1000   0.0138   0.1000   0.1000  -0.0440  -0.0962   0.0163
2436   2.1519   2.1187  -0.1723   1.2784   0.4093   0.3823  -0.0321   0.1588  -0.0026   0.1000   0.1000   0.1000   0.0139   0.1000   0.1000  -0.0440  -0.0962   0.0163
2437   2.1514   2.1182  -0.1723   1.2786   0.4088   0.3823  -0.0321   0.1587  -0.0026   0.1000   0.1000   0.1000   0.0139   0.1000   0.1000  -0.0440  -0.0962   0.0163
2438   2.1510   2.1178  -0.1723   1.2787   0.4084   0.3824  -0.0321   0.1585  -0.0026   0.1000   0.1000   0.1000   0.0139   0.1000   0.1000  -0.0440  -0.0962   0.0163
2439   2.1506   2.1174  -0.1723   1.2788   0.4080   0.3824  -0.0321   0.1584  -0.0026   0.1000   0.1000   0.1000   0.0139   0.1000   0.1000  -0.0440  -0.0962   0.0163
2440   2.1503   2.1171  -0.1723   1.2790   0.4077   0.3824  -0.0321   0.1583  -0.0026   0.1000   0.1000   0.1000   0.0139   0.1000   0.1000  -0.0440  -0.0962   0.0162
2441   2.1500   2.1168  -0.1723   1.2791   0.4074   0.3825  -0.0321   0.1582  -0.0025   0.1000   0.1000   0.1000   0.0139   0.1000   0.1000  -0.0440  -0.0962   0.0162
2442   2.1497   2.1166  -0.1723   1.2792   0.4071   0.3825  -0.0321   0.1581  -0.0025   0.1000   0.1000   0.1000   0.0139   0.1000   0.1000  -0.0440  -0.0962   0.0162
2443   2.1495   2.1163  -0.1723   1.2793   0.4067   0.3825  -0.0321   0.1580  -0.0025   0.1000   0.1000   0.1000   0.0140   0.1000   0.1000  -0.0440  -0.0962   0.0162
2444   2.1506   2.1175  -0.1723   1.2795   0.4075   0.3826  -0.0321   0.1582  -0.0025   0.1000   0.1000   0.1000   0.0140   0.1000   0.1000  -0.0440  -0.0962   0.0162
2445   2.1531   2.1200  -0.1723   1.2796   0.4091   0.3826  -0.0321   0.1588  -0.0024   0.1000   0.1000   0.1000   0.0140   0.1000   0.1000  -0.0440  -0.0962   0.0163
2446   2.1568   2.1236  -0.1723   1.2797   0.4117   0.3826  -0.0321   0.1596  -0.0024   0.1000   0.1000   0.1000   0.0140   0.1000   0.1000  -0.0440  -0.0962   0.0164
2447   2.1615   2.1284  -0.1723   1.2799   0.4150   0.3827  -0.0321   0.1608  -0.0024   0.1000   0.1000   0.1000   0.0140   0.1000   0.1000  -0.0440  -0.0962   0.0165
2448   2.1672   2.1341  -0.1723   1.2801   0.4190   0.3827  -0.0321   0.1621  -0.0024   0.1000   0.1000   0.1000   0.0140   0.1000   0.1000  -0.0440  -0.0962   0.0167
2449   2.1753   2.1422  -0.1723   1.2803   0.4248   0.3827  -0.0321   0.1640  -0.0025   0.1000   0.1000   0.1000   0.0140   0.1000   0.1000  -0.0440  -0.0962   0.0169
2450   2.1855   2.1524  -0.1723   1.2805   0.4321   0.3827  -0.0321   0.1665  -0.0026   0.1000   0.1000   0.1000   0.0141   0.1000   0.1000  -0.0440  -0.0962   0.0172
2451   2.1961   2.1630  -0.1723   1.2808   0.4397   0.3828  -0.0321   0.1690  -0.0028   0.1000   0.1000   0.1000   0.0141   0.1000   0.1000  -0.0440  -0.0962   0.0175
2452   2.2056   2.1724  -0.1723   1.2811   0.4465   0.3828  -0.0321   0.1713  -0.0030   0.1000   0.1000   0.1000   0.0141   0.1000   0.1000  -0.0440  -0.0962   0.0178
2453   2.2124   2.1793  -0.1723   1.2814   0.4515   0.3828  -0.0321   0.1729  -0.0033   0.1000   0.1000   0.1000   0.0141   0.1000   0.1000  -0.0440  -0.0962   0.0180
2454   2.2155   2.1823  -0.1723   1.2818   0.4536   0.3829  -0.0321   0.1736  -0.0036   0.1000   0.1000   0.1000   0.0141   0.1000   0.1000  -0.0440  -0.0962   0.0181
2455   2.2151   2.1820  -0.1723   1.2821   0.4533   0.3829  -0.0321   0.1735  -0.0039   0.1000   0.1000   0.1000   0.0141   0.1000   0.1000  -0.0440  -0.0962   0.0181
2456   2.2132   2.1801  -0.1723   1.2825   0.4519   0.3829  -0.0321   0.1730  -0.0042   0.1000   0.1000   0.1000   0.0141   0.1000   0.1000  -0.0440  -0.0962   0.0180
2457   2.2114   2.1782  -0.1723   1.2828   0.4504   0.3830  -0.0321   0.1726  -0.0044   0.1000   0.1000   0.1000   0.0142   0.1000   0.1000  -0.0440  -0.0962   0.0180
2458   2.2096   2.1765  -0.1723   1.2831   0.4490   0.3830  -0.0321   0.1721  -0.0045   0.1000   0.1000   0.1000   0.0142   0.1000   0.1000  -0.0440  -0.0962   0.0179
2459   2.2065   2.1734  -0.1723   1.2834   0.4465   0.3830  -0.0321   0.1713  -0.0045   0.1000   0.1000   0.1000   0.0142   0.1000   0.1000  -0.0440  -0.0962   0.0178
2460   2.2020   2.1689  -0.1723   1.2837   0.4430   0.3830  -0.0321   0.1701  -0.0045   0.1000   0.1000   0.1000   0.0142   0.1000   0.1000  -0.0440  -0.0962   0.0177
2461   2.1978   2.1647  -0.1723   1.2839   0.4397   0.3831  -0.0321   0.1690  -0.0044   0.1000   0.1000   0.1000   0.0142   0.1000   0.1000  -0.0440  -0.0962   0.0175
2462   2.1939   2.1607  -0.1723   1.2842   0.4365   0.3831  -0.0321   0.1680  -0.0043   0.1000   0.1000   0.1000   0.0142   0.1000   0.1000  -0.0440  -0.0962   0.0174
2463   2.1898   2.1567  -0.1723   1.2843   0.4334   0.3831  -0.0321   0.1669  -0.0042   0.1000   0.1000   0.1000   0.0142   0.1000   0.1000  -0.0440  -0.0962   0.0173
2464   2.1866   2.1534  -0.1723   1.2845   0.4307   0.3831  -0.0321   0.1660  -0.0040   0.1000   0.1000   0.1000   0.0143   0.1000   0.1000  -0.0440  -0.0962   0.0172
2465   2.1836   2.1505  -0.1723   1.2847   0.4283   0.3832  -0.0321   0.1652  -0.0039   0.1000   0.1000   0.1000   0.0143   0.1000   0.1000  -0.0440  -0.0962   0.0171
2466   2.1805   2.1474  -0.1723   1.2848   0.4259   0.3832  -0.0321   0.1644  -0.0037   0.1000   0.1000   0.1000   0.0143   0.1000   0.1000  -0.0440  -0.0962   0.0170
2467   2.1777   2.1446  -0.1723   1.2849   0.4236   0.3832  -0.0321   0.1637  -0.0036   0.1000   0.1000   0.1000   0.0143   0.1000   0.1000  -0.0440  -0.0962   0.0169
2468   2.1752   2.1421  -0.1723   1.2850   0.4216   0.3832  -0.0321   0.1630  -0.0034   0.1000   0.1000   0.1000   0.0143   0.1000   0.1000  -0.0440  -0.0962   0.0168
2469   2.1733   2.1401  -0.1723   1.2851   0.4200   0.3833  -0.0321   0.1624  -0.0033   0.1000   0.1000   0.1000   0.0143   0.1000   0.1000  -0.0440  -0.0962   0.0167
2470   2.1715   2.1384  -0.1723   1.2852   0.4186   0.3833  -0.0321   0.1620  -0.0032   0.1000   0.1000   0.1000   0.0143   0.1000   0.1000  -0.0440  -0.0962   0.0167
2471   2.1695   2.1364  -0.1723   1.2853   0.4170   0.3833  -0.0321   0.1614  -0.0031   0.1000   0.1000   0.1000   0.0144   0.1000   0.1000  -0.0440  -0.0962   0.0166
2472   2.1678   2.1346  -0.1723   1.2854   0.4155   0.3833  -0.0321   0.1609  -0.0030   0.1000   0.1000   0.1000   0.0144   0.1000   0.1000  -0.0440  -0.0962   0.0166
2473   2.1661   2.1330  -0.1723   1.2855   0.4142   0.3834  -0.0321   0.1605  -0.0029   0.1000   0.1000   0.1000   0.0144   0.1000   0.1000  -0.0440  -0.0962   0.0165
2474   2.1647   2.1315  -0.1723   1.2856   0.4130   0.3834  -0.0321   0.1601  -0.0028   0.1000   0.1000   0.1000   0.0144   0.1000   0.1000  -0.0440  -0.0962   0.0165
2475   2.1633   2.1302  -0.1723   1.2857   0.4119   0.3834  -0.0321   0.1597  -0.0027   0.1000   0.1000   0.1000   0.0144   0.1000   0.1000  -0.0440  -0.0962   0.0164
2476   2.1621   2.1290  -0.1723   1.2857   0.4109   0.3834  -0.0321   0.1594  -0.0027   0.1000   0.1000   0.1000   0.0144   0.1000   0.1000  -0.0440  -0.0962   0.0164
2477   2.1614   2.1283  -0.1723   1.2858   0.4103   0.3835  -0.0321   0.1592  -0.0026   0.1000   0.1000   0.1000   0.0144   0.1000   0.1000  -0.0440  -0.0962   0.0163
2478   2.1608   2.1277  -0.1723   1.2859   0.4098   0.3835  -0.0321   0.1590  -0.0025   0.1000   0.1000   0.1000   0.0144   0.1000   0.1000  -0.0440  -0.0962   0.0163
2479   2.1599   2.1267  -0.1723   1.2860   0.4090   0.3835  -0.0321   0.1587  -0.0025   0.1000   0.1000   0.1000   0.0145   0.1000   0.1000  -0.0440  -0.0962   0.0163
2480   2.1590   2.1259  -0.1723   1.2861   0.4083   0.3835  -0.0321   0.1585  -0.0024   0.1000   0.1000   0.1000   0.0145   0.1000   0.1000  -0.0440  -0.0962   0.0163
2481   2.1590   2.1259  -0.1723   1.2861   0.4082   0.3836  -0.0321   0.1584  -0.0024   0.1000   0.1000   0.1000   0.0145   0.1000   0.1000  -0.0440  -0.0962   0.0163
2482   2.1598   2.1267  -0.1723   1.2862   0.4086   0.3836  -0.0321   0.1586  -0.0024   0.1000   0.1000   0.1000   0.0145   0.1000   0.1000  -0.0440  -0.0962   0.0163
2483   2.1598   2.1266  -0.1723   1.2863   0.4085   0.3836  -0.0321   0.1586  -0.0023   0.1000   0.1000   0.1000   0.0145   0.1000   0.1000  -0.0440  -0.0962   0.0163
2484   2.1590   2.1258  -0.1723   1.2864   0.4078   0.3836  -0.0321   0.1583  -0.0023   0.1000   0.1000   0.1000   0.0145   0.1000   0.1000  -0.0440  -0.0962   0.0162
2485   2.1582   2.1251  -0.1723   1.2865   0.4072   0.3836  -0.0321   0.1581  -0.0023   0.1000   0.1000   0.1000   0.0145   0.1000   0.1000  -0.0440  -0.0962   0.0162
2486   2.1576   2.1244  -0.1723   1.2866   0.4067   0.3837  -0.0321   0.1579  -0.0023   0.1000   0.1000   0.1000   0.0146   0.1000   0.1000  -0.0440  -0.0962   0.0162
2487   2.1570   2.1238  -0.1723   1.2867   0.4061   0.3837  -0.0321   0.1578  -0.0023   0.1000   0.1000   0.1000   0.0146   0.1000   0.1000  -0.0440  -0.0962   0.0162
2488   2.1565   2.1233  -0.1723   1.2868   0.4057   0.3837  -0.0321   0.1576  -0.0022   0.1000   0.1000   0.1000   0.0146   0.1000   0.1000  -0.0440  -0.0962   0.0162
2489   2.1564   2.1233  -0.1723   1.2869   0.4055   0.3837  -0.0321   0.1575  -0.0022   0.1000   0.1000   0.1000   0.0146   0.1000   0.1000  -0.0440  -0.0962   0.0162
2490   2.1564   2.1233  -0.1723   1.2870   0.4054   0.3838  -0.0321   0.1575  -0.0022   0.1000   0.1000   0.1000   0.0146   0.1000   0.1000  -0.0440  -0.0962   0.0162
2491   2.1564   2.1232  -0.1723   1.2871   0.4053   0.3838  -0.0321   0.1575  -0.0021   0.1000   0.1000   0.1000   0.0146   0.1000   0.1000  -0.0440  -0.0962   0.0161
2492   2.1564   2.1232  -0.1723   1.2872   0.4052   0.3838  -0.0321   0.1574  -0.0021   0.1000   0.1000   0.1000   0.0146   0.1000   0.1000  -0.0440  -0.0962   0.0161
2493   2.1560   2.1229  -0.1723   1.2873   0.4048   0.3838  -0.0321   0.1573  -0.0021   0.1000   0.1000   0.1000   0.0147   0.1000   0.1000  -0.0440  -0.0962   0.0161
2494   2.1562   2.1231  -0.1723   1.2874   0.4049   0.3838  -0.0321   0.1573  -0.0021   0.1000   0.1000   0.1000   0.0147   0.1000   0.1000  -0.0440  -0.0962   0.0161
2495   2.1569   2.1237  -0.1723   1.2875   0.4053   0.3839  -0.0321   0.1575  -0.0021   0.1000   0.1000   0.1000   0.0147   0.1000   0.1000  -0.0440  -0.0962   0.0161
2496   2.1579   2.1247  -0.1723   1.2876   0.4059   0.3839  -0.0321   0.1577  -0.0021   0.1000   0.1000   0.1000   0.0147   0.1000   0.1000  -0.0440  -0.0962   0.0162
2497   2.1592   2.1260  -0.1723   1.2878   0.4067   0.3839  -0.0321   0.1579  -0.0021   0.1000   0.1000   0.1000   0.0147   0.1000   0.1000  -0.0440  -0.0962   0.0162
2498   2.1594   2.1262  -0.1723   1.2879   0.4068   0.3839  -0.0321   0.1580  -0.0021   0.1000   0.1000   0.1000   0.0147   0.1000   0.1000  -0.0440  -0.0962   0.0162
2499   2.1588   2.1256  -0.1723   1.2880   0.4062   0.3839  -0.0321   0.1578  -0.0021   0.1000   0.1000   0.1000   0.0147   0.1000   0.1000  -0.0440  -0.0962   0.0162
2500   2.1590   2.1259  -0.1723   1.2882   0.4063   0.3840  -0.0321   0.1578  -0.0021   0.1000   0.1000   0.1000   0.0148   0.1000   0.1000  -0.0440  -0.0962   0.0162
