YEAR ENG NEG CONCO2 OCNCO2UP LNDCO2UP ANTCH4 ANTN2O CONCH4 CONN2O RADTTL T2MP
2000    8.090000    0.000000  369.561756    0.250403    3.098932  281.600   6.1110  1752.1   317.0   1.49369   0.76039
2001    7.914000    0.000000  354.297478   -1.315168    1.427004  285.200   6.1870  1741.3   317.9   1.26027   0.76181
2002    8.164000    0.000000  340.432304   -0.357969    0.005814  288.700   6.3580  1733.9   318.8   1.05192   0.74221
2003    8.321000    0.000000  344.070691    0.895035    0.052302  292.200   6.4270  1729.2   319.7   1.07834   0.72955
2004    8.845000    0.000000  347.470404    0.990329    0.779650  295.800   6.5890  1724.7   320.6   1.05413   0.71993
2005    9.114000    0.000000  350.680643    1.076516    1.434286  299.200   6.6920  1720.8   321.6   1.05696   0.71390
2006    9.445000    0.000000  353.710253    1.154706    1.977342  302.800   6.8740  1718.4   322.5   1.09604   0.71420
2007    9.642000    0.000000  356.600665    1.219926    2.404181  306.200   6.5950  1716.5   323.5   1.15685   0.72195
2008    9.396000    0.000000  359.279277    1.268444    2.723059  309.800   6.6370  1714.1   324.4   1.22390   0.73571
2009    9.334000    0.000000  361.739181    1.321342    2.958059  313.300   6.7120  1713.5   325.3   1.30087   0.75491
2010    9.855000    0.000000  364.181963    1.390210    3.148347  316.800   6.7070  1715.3   326.2   1.35173   0.77564
2011   10.163000    0.000000  366.701113    1.459214    3.317432  323.200   6.6480  1717.6   327.1   1.39164   0.79664
2012   10.351000    0.000000  369.231725    1.520932    3.467138  329.500   6.7420  1721.7   328.0   1.44663   0.81903
2013   10.572000    0.000000  371.764852    1.580629    3.600466  335.900   6.8470  1728.0   328.9   1.49683   0.84289
2014   10.808000    0.000000  374.317595    1.634880    3.707019  342.300   6.9150  1736.6   329.8   1.54218   0.86678
2015   10.678000    0.000000  376.831815    1.679959    3.774257  348.600   6.9360  1747.2   330.8   1.71168   0.90443
2016   10.714000    0.000000  379.281498    1.722038    3.822032  355.000   6.8580  1758.3   331.7   1.79135   0.94401
2017   10.749000    0.000000  381.705587    1.763753    3.866327  361.300   6.7800  1770.1   332.5   1.87063   0.98398
2018   10.785000    0.000000  384.107651    1.803300    3.905523  367.700   6.7010  1782.6   333.4   1.94978   1.02469
2019   10.820000    0.000000  386.490973    1.840887    3.940066  374.100   6.6230  1795.5   334.2   2.02970   1.06634
2020   10.856000    0.000000  388.858503    1.873890    3.971225  380.400   6.5450  1809.0   335.0   2.10997   1.10893
2021   10.717000    0.000000  391.173793    1.899242    3.998789  383.526   6.4570  1822.7   335.8   2.17393   1.15069
2022   10.579000    0.000000  393.401875    1.919073    4.019697  382.568   6.3700  1835.5   336.6   2.23592   1.19164
2023   10.441000    0.000000  395.548421    1.935989    4.032654  377.316   6.2820  1846.1   337.3   2.29540   1.23190
2024   10.303000    0.000000  397.618239    1.950221    4.038838  367.560   6.1950  1853.1   338.0   2.35213   1.27144
2025   10.164000    0.000000  399.615201    1.961975    4.039583  353.005   6.1080  1855.4   338.7   2.40564   1.31018
2026   10.026000    0.000000  401.542662    1.971451    4.036263  333.696   6.0200  1851.6   339.3   2.45522   1.34793
2027    9.888000    0.000000  403.403484    1.978795    4.030106  309.096   5.9330  1840.5   340.0   2.50030   1.38450
2028    9.750000    0.000000  405.199725    1.984111    4.022021  283.595   5.8460  1821.8   340.6   2.54072   1.41969
2029    9.611000    0.000000  406.932821    1.987525    4.012592  257.114   5.7580  1795.7   341.2   2.57665   1.45337
2030    9.473000    0.000000  408.604160    1.987863    4.002761  229.602   5.6710  1762.7   341.7   2.60823   1.48542
2031    9.249000    0.000000  410.195599    1.983702    3.992500  205.830   5.6270  1724.0   342.3   2.62726   1.51481
2032    9.024000    0.000000  411.689391    1.976062    3.979583  185.760   5.5820  1681.5   342.8   2.64259   1.54175
2033    8.800000    0.000000  413.088560    1.966267    3.962389  169.776   5.5380  1637.0   343.3   2.65509   1.56650
2034    8.576000    0.000000  414.396381    1.954510    3.940721  157.938   5.4940  1592.1   343.8   2.66548   1.58930
2035    8.351000    0.000000  415.615649    1.940966    3.914434  150.567   5.4500  1548.3   344.3   2.67468   1.61040
2036    8.127000    0.000000  416.749371    1.925841    3.883356  147.840   5.4050  1507.2   344.8   2.68362   1.63009
2037    7.903000    0.000000  417.800783    1.909290    3.847329  149.970   5.3610  1470.1   345.3   2.69326   1.64868
2038    7.678000    0.000000  418.772660    1.891447    3.806331  152.100   5.3170  1437.6   345.7   2.70398   1.66646
2039    7.454000    0.000000  419.667894    1.872466    3.760557  154.230   5.2730  1409.1   346.1   2.71573   1.68364
2040    7.230000    0.000000  420.489406    1.852254    3.711565  156.330   5.2280  1384.4   346.6   2.72837   1.70038
2041    6.997000    0.000000  421.236583    1.830630    3.661247  158.490   5.2110  1363.1   347.0   2.73110   1.71569
2042    6.764000    0.000000  421.908377    1.807770    3.609093  160.680   5.1930  1344.9   347.4   2.73479   1.72984
2043    6.531000    0.000000  422.506611    1.783919    3.553919  162.840   5.1760  1329.5   347.8   2.73930   1.74316
2044    6.298000    0.000000  423.033243    1.759155    3.495520  165.000   5.1580  1316.5   348.2   2.74436   1.75585
2045    6.064000    0.000000  423.489982    1.733552    3.433928  167.160   5.1410  1305.9   348.5   2.74986   1.76803
2046    5.831000    0.000000  423.878683    1.707203    3.369268  169.320   5.1230  1297.4   348.9   2.75576   1.77981
2047    5.598000    0.000000  424.201322    1.680164    3.301724  171.510   5.1060  1290.6   349.3   2.76206   1.79124
2048    5.365000    0.000000  424.459529    1.652473    3.231504  173.670   5.0880  1285.6   349.6   2.76868   1.80240
2049    5.132000    0.000000  424.654811    1.624170    3.158817  175.860   5.0710  1282.1   350.0   2.77551   1.81332
2050    4.899000    0.000000  424.788565    1.595687    3.084421  178.020   5.0540  1279.9   350.3   2.78252   1.82401
2051    4.696000    0.000000  424.868245    1.567520    3.009581  180.090   5.0460  1278.9   350.7   2.78646   1.83420
2052    4.494000    0.000000  424.900894    1.539407    2.934809  182.220   5.0390  1278.7   351.0   2.79050   1.84392
2053    4.291000    0.000000  424.886661    1.510993    2.859850  184.320   5.0310  1279.3   351.4   2.79452   1.85327
2054    4.088000    0.000000  424.825621    1.482287    2.784426  186.420   5.0240  1280.7   351.7   2.79855   1.86229
2055    3.885000    0.000000  424.718178    1.453305    2.708364  188.520   5.0160  1282.7   352.0   2.80250   1.87101
2056    3.682000    0.000000  424.564789    1.424067    2.631577  190.620   5.0090  1285.3   352.3   2.80635   1.87945
2057    3.480000    0.000000  424.366157    1.394578    2.554033  192.750   5.0020  1288.4   352.6   2.81002   1.88764
2058    3.277000    0.000000  424.122765    1.364814    2.475716  194.850   4.9940  1292.0   352.9   2.81352   1.89556
2059    3.074000    0.000000  423.834882    1.334773    2.396617  196.950   4.9870  1296.0   353.3   2.81677   1.90324
2060    2.871000    0.000000  423.503003    1.304993    2.317103  199.050   4.9790  1300.5   353.6   2.81980   1.91066
2061    2.706000    0.000000  423.135735    1.276083    2.238065  200.370   4.9790  1305.1   353.9   2.82179   1.91775
2062    2.541000    0.000000  422.741113    1.247678    2.160107  201.660   4.9790  1309.9   354.1   2.82356   1.92452
2063    2.376000    0.000000  422.318564    1.219313    2.083164  202.980   4.9790  1314.7   354.4   2.82509   1.93101
2064    2.211000    0.000000  421.867666    1.190966    2.006966  204.270   4.9790  1319.5   354.7   2.82631   1.93721
2065    2.046000    0.000000  421.388123    1.162614    1.931284  205.590   4.9790  1324.5   355.0   2.82727   1.94314
2066    1.881000    0.000000  420.879749    1.134240    1.855932  206.880   4.9790  1329.5   355.3   2.82790   1.94880
2067    1.716000    0.000000  420.342439    1.105825    1.780767  208.200   4.9790  1334.5   355.6   2.82827   1.95420
2068    1.551000    0.000000  419.776160    1.077355    1.705687  209.520   4.9790  1339.6   355.9   2.82834   1.95933
2069    1.386000    0.000000  419.180919    1.048813    1.630620  210.810   4.9790  1344.8   356.1   2.82808   1.96420
2070    1.221000    0.000000  418.556762    1.019517    1.555187  212.130   4.9790  1349.9   356.4   2.82753   1.96882
2071    1.009000    0.000000  417.893622    0.988673    1.478440  213.450   4.9920  1355.2   356.7   2.82661   1.97317
2072    0.797000    0.000000  417.182110    0.956734    1.399608  214.770   5.0050  1360.4   357.0   2.82517   1.97725
2073    0.586000    0.000000  416.423770    0.924273    1.318694  216.090   5.0180  1365.7   357.2   2.82315   1.98102
2074    0.374000    0.000000  415.619751    0.891277    1.236004  217.410   5.0310  1371.1   357.5   2.82059   1.98448
2075    0.162000    0.000000  414.770845    0.857771    1.151797  218.730   5.0430  1376.4   357.8   2.81752   1.98762
2076   -0.049000    0.000000  413.878172    0.823778    1.066303  220.020   5.0560  1381.8   358.0   2.81389   1.99044
2077   -0.261000    0.000000  412.942519    0.789281    0.979688  221.340   5.0690  1387.2   358.3   2.80974   1.99291
2078   -0.473000    0.000000  411.964396    0.754298    0.892067  222.660   5.0820  1392.6   358.6   2.80509   1.99506
2079   -0.684000    0.000000  410.944701    0.718849    0.803542  223.980   5.0940  1398.1   358.9   2.79989   1.99686
2080   -0.896000    0.000000  409.884061    0.683970    0.714860  225.300   5.1070  1403.6   359.1   2.79421   1.99832
2081   -1.035000    0.000000  408.798430    0.650896    0.627723  226.410   5.1400  1409.0   359.4   2.78659   1.99930
2082   -1.174000    0.000000  407.702871    0.618925    0.543291  227.490   5.1730  1414.4   359.7   2.77880   1.99984
2083   -1.313000    0.000000  406.595937    0.587148    0.461334  228.570   5.2060  1419.6   360.0   2.77081   2.00000
2084   -1.452000    0.000000  405.476557    0.555545    0.381032  236.207   5.2390  1425.9   360.3   2.76326   1.99989
2085   -1.591000    0.000000  404.344080    0.524109    0.301587  244.432   5.2720  1434.4   360.6   2.75682   1.99965
2086   -1.730000    0.000000  403.198191    0.492812    0.222508  253.909   5.3050  1445.2   360.9   2.75152   1.99940
2087   -1.870000    0.000000  402.038492    0.461627    0.143691  255.668   5.3380  1457.0   361.2   2.74656   1.99917
2088   -2.009000    0.000000  400.864793    0.430552    0.065116  261.069   5.3710  1469.0   361.5   2.74145   1.99890
2089   -2.148000    0.000000  399.677188    0.399579   -0.013457  272.243   5.4040  1482.8   361.8   2.73710   1.99866
2090   -2.287000    0.000000  398.475721    0.370697   -0.091271  283.529   5.4370  1499.2   362.1   2.73393   1.99853
2091   -2.293000    0.000000  397.289009    0.346211   -0.165401  286.819   5.4250  1516.7   362.4   2.73079   1.99850
2092   -2.300000    0.000000  396.143274    0.324708   -0.233113  282.160   5.4130  1532.2   362.7   2.72701   1.99846
2093   -2.306000    0.000000  395.034542    0.304432   -0.294271  285.381   5.4020  1546.1   363.0   2.72262   1.99832
2094   -2.312000    0.000000  393.959689    0.285279   -0.350182  296.640   5.3900  1561.1   363.3   2.71927   1.99820
2095   -2.319000    0.000000  392.915832    0.267156   -0.401927  299.958   5.3780  1577.3   363.6   2.71689   1.99818
2096   -2.325000    0.000000  391.900720    0.250012   -0.450206  302.868   5.3660  1593.1   363.9   2.71456   1.99826
2097   -2.331000    0.000000  390.912647    0.233769   -0.495646  313.826   5.3540  1609.8   364.2   2.71306   1.99846
2098   -2.338000    0.000000  389.949795    0.218349   -0.538704  316.792   5.3420  1627.3   364.5   2.71226   1.99885
2099   -2.344000    0.000000  389.010726    0.203705   -0.579489  320.905   5.3300  1644.5   364.7   2.71145   1.99936
2100   -2.350000    0.000000  388.094238    0.189827   -0.617427  316.842   5.3180  1660.0   365.0   2.71005   1.99991
2101   -2.350000    0.000000  387.199777    0.176690   -0.651737  309.874   5.3180  1672.3   365.3   2.70400   2.00000
2102   -2.350000    0.000000  386.326605    0.164169   -0.682618  311.064   5.3180  1682.4   365.5   2.69708   1.99961
2103   -2.350000    0.000000  385.473062    0.152148   -0.710745  304.097   5.3180  1690.6   365.8   2.68941   1.99878
2104   -2.350000    0.000000  384.637741    0.140588   -0.736557  305.287   5.3180  1697.1   366.0   2.68108   1.99753
2105   -2.350000    0.000000  383.819431    0.129452   -0.760390  298.319   5.3180  1702.0   366.3   2.67215   1.99590
2106   -2.350000    0.000000  383.017076    0.118708   -0.782506  299.510   5.3180  1705.5   366.5   2.66269   1.99389
2107   -2.350000    0.000000  382.229746    0.108322   -0.803111  292.542   5.3180  1707.6   366.8   2.65278   1.99153
2108   -2.350000    0.000000  381.456608    0.098268   -0.822372  293.732   5.3180  1708.6   367.0   2.64245   1.98882
2109   -2.350000    0.000000  380.696914    0.088520   -0.840424  286.764   5.3180  1708.4   367.3   2.63176   1.98580
2110   -2.350000    0.000000  379.949986    0.079053   -0.857380  287.955   5.3180  1707.3   367.5   2.62073   1.98247
2111   -2.350000    0.000000  379.215202    0.069847   -0.873335  280.987   5.3180  1705.3   367.8   2.60941   1.97885
2112   -2.350000    0.000000  378.491994    0.060882   -0.888372  282.177   5.3180  1702.4   368.0   2.59783   1.97496
2113   -2.350000    0.000000  377.779839    0.052140   -0.902564  275.209   5.3180  1698.8   368.2   2.58601   1.97081
2114   -2.350000    0.000000  377.078253    0.043604   -0.915976  276.400   5.3180  1694.5   368.5   2.57398   1.96641
2115   -2.350000    0.000000  376.386789    0.035261   -0.928665  269.432   5.3180  1689.6   368.7   2.56176   1.96179
2116   -2.350000    0.000000  375.705031    0.027096   -0.940683  270.622   5.3180  1684.1   368.9   2.54938   1.95694
2117   -2.350000    0.000000  375.032595    0.019099   -0.952079  263.654   5.3180  1678.1   369.1   2.53685   1.95189
2118   -2.350000    0.000000  374.369120    0.011257   -0.962894  264.845   5.3180  1671.6   369.4   2.52420   1.94664
2119   -2.350000    0.000000  373.714273    0.003562   -0.973169  257.877   5.3180  1664.8   369.6   2.51142   1.94122
2120   -2.350000    0.000000  373.067740   -0.003997   -0.982939  259.067   5.3180  1657.5   369.8   2.49855   1.93561
2121   -2.350000    0.000000  372.429229   -0.011427   -0.992238  252.099   5.3180  1649.8   370.0   2.48558   1.92985
2122   -2.350000    0.000000  371.798467   -0.018735   -1.001094  253.290   5.3180  1641.9   370.3   2.47254   1.92393
2123   -2.350000    0.000000  371.175196   -0.025930   -1.009509  246.322   5.3180  1633.7   370.5   2.45943   1.91787
2124   -2.350000    0.000000  370.559151   -0.033015   -1.017580  244.740   5.3180  1624.7   370.7   2.44601   1.91165
2125   -2.350000    0.000000  369.950168   -0.039964   -1.025761  251.316   5.3180  1617.4   370.9   2.43356   1.90537
2126   -2.350000    0.000000  369.348387   -0.046735   -1.034661  266.050   5.3180  1614.4   371.1   2.42354   1.89929
2127   -2.350000    0.000000  368.754178   -0.053297   -1.044608  272.627   5.3180  1615.5   371.3   2.41576   1.89359
2128   -2.350000    0.000000  368.167960   -0.059634   -1.055638  287.361   5.3180  1620.1   371.5   2.41001   1.88838
2129   -2.350000    0.000000  367.590125   -0.065739   -1.067657  293.937   5.3180  1628.0   371.7   2.40608   1.88373
2130   -2.350000    0.000000  367.020993   -0.071610   -1.080510  308.671   5.3180  1638.9   371.9   2.40378   1.87968
2131   -2.350000    0.000000  366.460809   -0.077250   -1.094029  315.248   5.3180  1652.6   372.1   2.40295   1.87624
2132   -2.350000    0.000000  365.909741   -0.082665   -1.108056  329.982   5.3180  1668.7   372.3   2.40344   1.87342
2133   -2.350000    0.000000  365.367887   -0.087861   -1.122447  336.558   5.3180  1687.1   372.5   2.40513   1.87121
2134   -2.350000    0.000000  364.835284   -0.092847   -1.137074  351.292   5.3180  1707.5   372.7   2.40789   1.86960
2135   -2.350000    0.000000  364.311919   -0.097630   -1.151829  357.868   5.3180  1729.9   372.9   2.41162   1.86857
2136   -2.350000    0.000000  363.797737   -0.102220   -1.166621  372.603   5.3180  1754.0   373.1   2.41622   1.86810
2137   -2.350000    0.000000  363.292644   -0.106626   -1.181373  379.179   5.3180  1779.6   373.3   2.42159   1.86817
2138   -2.350000    0.000000  362.796523   -0.110857   -1.196021  393.913   5.3180  1806.7   373.5   2.42767   1.86875
2139   -2.350000    0.000000  362.309229   -0.114922   -1.210513  400.489   5.3180  1835.1   373.7   2.43436   1.86981
2140   -2.350000    0.000000  361.830604   -0.118831   -1.224808  415.224   5.3180  1864.8   373.8   2.44162   1.87134
2141   -2.350000    0.000000  361.360472   -0.122593   -1.238870  421.800   5.3180  1895.6   374.0   2.44937   1.87329
2142   -2.350000    0.000000  360.898649   -0.126215   -1.252672  436.534   5.3180  1927.4   374.2   2.45756   1.87566
2143   -2.350000    0.000000  360.444944   -0.129707   -1.266192  443.110   5.3180  1960.2   374.4   2.46616   1.87841
2144   -2.350000    0.000000  359.999160   -0.133076   -1.279415  457.844   5.3180  1993.9   374.6   2.47510   1.88152
2145   -2.350000    0.000000  359.561097   -0.136329   -1.292327  464.421   5.3180  2028.4   374.7   2.48436   1.88497
2146   -2.350000    0.000000  359.130553   -0.139475   -1.304920  479.155   5.3180  2063.7   374.9   2.49390   1.88874
2147   -2.350000    0.000000  358.707328   -0.142520   -1.317188  485.731   5.3180  2099.7   375.1   2.50369   1.89281
2148   -2.350000    0.000000  358.291221   -0.145471   -1.329127  500.465   5.3180  2136.4   375.2   2.51370   1.89715
2149   -2.350000    0.000000  357.882033   -0.148334   -1.340735  507.042   5.3180  2173.7   375.4   2.52390   1.90175
2150   -2.350000    0.000000  357.479568   -0.151114   -1.352013  521.776   5.3180  2211.6   375.6   2.53428   1.90660
2151   -2.350000    0.000000  357.083634   -0.153828   -1.362833  528.352   5.3180  2250.1   375.7   2.54481   1.91167
2152   -2.350000    0.000000  356.693928   -0.156511   -1.372780  526.770   5.3180  2286.3   375.9   2.55425   1.91684
2153   -2.350000    0.000000  356.309901   -0.159211   -1.381370  517.030   5.3180  2317.4   376.1   2.56148   1.92186
2154   -2.350000    0.000000  355.930839   -0.161955   -1.388512  515.449   5.3180  2344.1   376.2   2.56674   1.92659
2155   -2.350000    0.000000  355.556133   -0.164742   -1.394518  522.025   5.3180  2369.4   376.4   2.57144   1.93104
2156   -2.350000    0.000000  355.185361   -0.167563   -1.399713  520.443   5.3180  2393.5   376.6   2.57565   1.93523
2157   -2.350000    0.000000  354.818211   -0.170414   -1.404294  527.019   5.3180  2416.6   376.7   2.57945   1.93921
2158   -2.350000    0.000000  354.454446   -0.173291   -1.408390  525.438   5.3180  2438.6   376.9   2.58287   1.94297
2159   -2.350000    0.000000  354.093870   -0.176193   -1.412083  532.014   5.3180  2459.7   377.0   2.58594   1.94654
2160   -2.350000    0.000000  353.736322   -0.179118   -1.415431  530.432   5.3180  2480.0   377.2   2.58868   1.94993
2161   -2.350000    0.000000  353.381660   -0.182064   -1.418478  537.008   5.3180  2499.5   377.3   2.59112   1.95314
2162   -2.350000    0.000000  353.029763   -0.185031   -1.421259  535.426   5.3180  2518.3   377.5   2.59329   1.95618
2163   -2.350000    0.000000  352.680519   -0.188016   -1.423799  542.003   5.3180  2536.4   377.6   2.59522   1.95907
2164   -2.350000    0.000000  352.333831   -0.191019   -1.426124  540.421   5.3180  2554.0   377.8   2.59692   1.96180
2165   -2.350000    0.000000  351.989609   -0.194038   -1.428251  546.997   5.3180  2571.0   377.9   2.59842   1.96439
2166   -2.350000    0.000000  351.647773   -0.197071   -1.430200  545.415   5.3180  2587.5   378.1   2.59974   1.96684
2167   -2.350000    0.000000  351.308249   -0.200118   -1.431986  551.992   5.3180  2603.6   378.2   2.60089   1.96917
2168   -2.350000    0.000000  350.970969   -0.203175   -1.433630  550.647   5.3180  2619.3   378.4   2.60190   1.97138
2169   -2.350000    0.000000  350.635876   -0.206242   -1.435150  557.461   5.3180  2634.7   378.5   2.60282   1.97347
2170   -2.350000    0.000000  350.302921   -0.209317   -1.436560  556.116   5.3180  2649.9   378.6   2.60363   1.97547
2171   -2.350000    0.000000  349.972057   -0.212397   -1.437872  562.930   5.3180  2664.8   378.8   2.60437   1.97738
2172   -2.350000    0.000000  349.643241   -0.215481   -1.439092  561.585   5.3180  2679.4   378.9   2.60502   1.97920
2173   -2.350000    0.000000  349.316435   -0.218568   -1.440226  568.399   5.3180  2693.9   379.0   2.60561   1.98093
2174   -2.350000    0.000000  348.991600   -0.221657   -1.441281  567.054   5.3180  2708.2   379.2   2.60613   1.98260
2175   -2.350000    0.000000  348.668699   -0.224746   -1.442260  573.868   5.3180  2722.3   379.3   2.60660   1.98419
2176   -2.350000    0.000000  348.347700   -0.227835   -1.443169  572.523   5.3180  2736.2   379.4   2.60701   1.98572
2177   -2.350000    0.000000  348.028568   -0.230922   -1.444010  579.337   5.3180  2750.0   379.6   2.60738   1.98719
2178   -2.350000    0.000000  347.711272   -0.234006   -1.444789  577.992   5.3180  2763.7   379.7   2.60771   1.98860
2179   -2.350000    0.000000  347.395782   -0.237087   -1.445507  584.806   5.3180  2777.2   379.8   2.60800   1.98996
2180   -2.350000    0.000000  347.082067   -0.240163   -1.446169  583.461   5.3180  2790.6   380.0   2.60826   1.99127
2181   -2.350000    0.000000  346.770101   -0.243234   -1.446777  590.275   5.3180  2804.0   380.1   2.60850   1.99254
2182   -2.350000    0.000000  346.459855   -0.246299   -1.447333  588.930   5.3180  2817.2   380.2   2.60871   1.99376
2183   -2.350000    0.000000  346.151303   -0.249357   -1.447841  595.744   5.3180  2830.4   380.3   2.60889   1.99494
2184   -2.350000    0.000000  345.844418   -0.252408   -1.448302  594.399   5.3180  2843.5   380.5   2.60906   1.99609
2185   -2.350000    0.000000  345.539177   -0.255451   -1.448719  601.213   5.3180  2856.5   380.6   2.60921   1.99720
2186   -2.350000    0.000000  345.235555   -0.258494   -1.448983  599.868   5.3180  2869.5   380.7   2.60934   1.99827
2187   -2.350000    0.000000  344.933432   -0.261564   -1.448740  590.366   5.3180  2879.5   380.8   2.60840   1.99922
2188   -2.350000    0.000000  344.632474   -0.264699   -1.447565  572.705   5.3180  2884.0   380.9   2.60538   1.99984
2189   -2.350000    0.000000  344.332200   -0.267929   -1.445249  563.203   5.3180  2883.4   381.0   2.60047   2.00000
2190   -2.350000    0.000000  344.032104   -0.271270   -1.441785  545.542   5.3180  2878.1   381.2   2.59380   1.99962
2191   -2.350000    0.000000  343.731712   -0.274730   -1.437255  536.040   5.3180  2868.5   381.3   2.58552   1.99864
2192   -2.350000    0.000000  343.430608   -0.278315   -1.431775  518.379   5.3180  2854.9   381.4   2.57576   1.99703
2193   -2.350000    0.000000  343.128431   -0.282027   -1.425470  508.877   5.3180  2837.5   381.5   2.56464   1.99478
2194   -2.350000    0.000000  342.824881   -0.285865   -1.418455  491.216   5.3180  2816.8   381.6   2.55222   1.99188
2195   -2.350000    0.000000  342.519708   -0.289819   -1.410943  481.714   5.3180  2793.0   381.7   2.53860   1.98833
2196   -2.350000    0.000000  342.212804   -0.293867   -1.403278  480.369   5.3180  2769.1   381.8   2.52495   1.98423
2197   -2.350000    0.000000  341.904223   -0.297987   -1.395727  470.867   5.3180  2745.2   381.9   2.51125   1.97968
2198   -2.350000    0.000000  341.594084   -0.302163   -1.388398  469.522   5.3180  2721.3   382.1   2.49751   1.97476
2199   -2.350000    0.000000  341.282530   -0.263882   -1.362668  460.020   5.3180  2697.4   382.2   2.48372   1.96950
2200    0.000000    0.000000  341.465915   -0.176943   -1.283915  442.359   5.3180  2670.6   382.3   2.47651   1.96458
2201    0.000000    0.000000  342.105898   -0.120715   -1.160124  416.541   5.3180  2638.4   382.4   2.47421   1.96043
2202    0.000000    0.000000  342.673441   -0.102512   -1.036086  382.564   5.3180  2598.3   382.5   2.46752   1.95649
2203    0.000000    0.000000  343.179324   -0.086393   -0.931488  356.746   5.3180  2550.9   382.6   2.45681   1.95221
2204    0.000000    0.000000  343.633059   -0.072040   -0.843604  335.370   5.3180  2499.1   382.7   2.44327   1.94735
2205    0.000000    0.000000  344.042558   -0.059238   -0.769363  318.923   5.3180  2444.9   382.8   2.42783   1.94183
2206    0.000000    0.000000  344.414231   -0.047819   -0.706039  307.893   5.3180  2390.2   382.9   2.41142   1.93569
2207    0.000000    0.000000  344.753265   -0.037634   -0.651516  302.766   5.3180  2337.3   383.0   2.39495   1.92906
2208    0.000000    0.000000  345.063935   -0.028551   -0.604180  304.028   5.3180  2287.9   383.1   2.37938   1.92211
2209    0.000000    0.000000  345.349779   -0.020457   -0.562667  297.133   5.3180  2241.7   383.2   2.36453   1.91497
2210    0.000000    0.000000  345.613682   -0.013263   -0.525794  295.832   5.3180  2197.9   383.3   2.35016   1.90772
2211    0.000000    0.000000  345.857981   -0.006891   -0.492593  286.374   5.3180  2155.9   383.4   2.33603   1.90038
2212    0.000000    0.000000  346.084577   -0.001274   -0.462309  283.543   5.3180  2115.3   383.5   2.32200   1.89296
2213    0.000000    0.000000  346.295029    0.003652   -0.434370  272.555   5.3180  2075.6   383.6   2.30793   1.88544
2214    0.000000    0.000000  346.490641    0.007946   -0.408368  269.724   5.3180  2036.9   383.7   2.29383   1.87782
2215    0.000000    0.000000  346.672531    0.011662   -0.384011  258.736   5.3180  1999.1   383.7   2.27969   1.87011
2216    0.000000    0.000000  346.841677    0.014857   -0.361155  255.905   5.3180  1962.2   383.8   2.26552   1.86231
2217    0.000000    0.000000  346.999007    0.017598   -0.339870  253.111   5.3180  1927.4   383.9   2.25200   1.85448
2218    0.000000    0.000000  347.145502    0.019963   -0.320450  258.475   5.3180  1896.0   384.0   2.23979   1.84676
2219    0.000000    0.000000  347.282295    0.022038   -0.303270  271.997   5.3180  1870.7   384.1   2.23021   1.83936
2220    0.000000    0.000000  347.410637    0.023895   -0.288490  277.519   5.3180  1850.9   384.2   2.22309   1.83249
2221    0.000000    0.000000  347.531745    0.025586   -0.276014  289.918   5.3180  1835.9   384.3   2.21817   1.82623
2222    0.000000    0.000000  347.646731    0.027150   -0.265626  294.308   5.3180  1825.2   384.4   2.21516   1.82064
2223    0.000000    0.000000  347.756571    0.028614   -0.257063  305.635   5.3180  1818.2   384.5   2.21380   1.81575
2224    0.000000    0.000000  347.862104    0.029999   -0.250057  308.946   5.3180  1814.3   384.5   2.21386   1.81155
2225    0.000000    0.000000  347.964034    0.031321   -0.244359  319.252   5.3180  1813.1   384.6   2.21514   1.80802
2226    0.000000    0.000000  348.062948    0.032592   -0.239742  321.535   5.3180  1814.2   384.7   2.21745   1.80514
2227    0.000000    0.000000  348.159327    0.033820   -0.236006  330.874   5.3180  1817.3   384.8   2.22062   1.80287
2228    0.000000    0.000000  348.253560    0.035011   -0.232975  332.184   5.3180  1821.9   384.9   2.22448   1.80116
2229    0.000000    0.000000  348.345959    0.036170   -0.230500  340.611   5.3180  1827.8   384.9   2.22891   1.79997
2230    0.000000    0.000000  348.436767    0.037297   -0.228451  341.002   5.3180  1834.8   385.0   2.23377   1.79926
2231    0.000000    0.000000  348.526171    0.038395   -0.226718  348.574   5.3180  1842.5   385.1   2.23896   1.79898
2232    0.000000    0.000000  348.614311    0.039464   -0.225214  347.989   5.3180  1850.7   385.2   2.24436   1.79909
2233    0.000000    0.000000  348.701289    0.040506   -0.223881  355.561   5.3180  1859.5   385.3   2.24994   1.79954
2234    0.000000    0.000000  348.787190    0.041521   -0.222689  354.975   5.3180  1868.7   385.3   2.25571   1.80030
2235    0.000000    0.000000  348.872087    0.042511   -0.221616  362.548   5.3180  1878.3   385.4   2.26163   1.80134
2236    0.000000    0.000000  348.956043    0.043480   -0.220650  361.962   5.3180  1888.3   385.5   2.26771   1.80265
2237    0.000000    0.000000  349.039117    0.044427   -0.219781  369.535   5.3180  1898.7   385.6   2.27391   1.80420
2238    0.000000    0.000000  349.121360    0.045345   -0.218859  368.949   5.3180  1909.4   385.6   2.28023   1.80598
2239    0.000000    0.000000  349.202698    0.046210   -0.217557  360.205   5.3180  1917.5   385.7   2.28528   1.80783
2240    0.000000    0.000000  349.282899    0.047011   -0.215787  359.620   5.3180  1923.3   385.8   2.28919   1.80962
2241    0.000000    0.000000  349.361813    0.047769   -0.213958  367.192   5.3180  1929.8   385.9   2.29341   1.81142
2242    0.000000    0.000000  349.439575    0.048529   -0.212643  382.922   5.3180  1939.8   385.9   2.29928   1.81342
2243    0.000000    0.000000  349.516533    0.049313   -0.212033  390.495   5.3180  1953.0   386.0   2.30669   1.81575
2244    0.000000    0.000000  349.592981    0.050114   -0.211888  389.909   5.3180  1966.3   386.1   2.31411   1.81836
2245    0.000000    0.000000  349.669048    0.050921   -0.211947  397.481   5.3180  1979.7   386.1   2.32153   1.82120
2246    0.000000    0.000000  349.744791    0.051717   -0.211943  396.896   5.3180  1993.1   386.2   2.32891   1.82422
2247    0.000000    0.000000  349.820103    0.052473   -0.211498  388.152   5.3180  2003.8   386.3   2.33493   1.82727
2248    0.000000    0.000000  349.894713    0.053166   -0.210368  387.566   5.3180  2011.9   386.4   2.33972   1.83022
2249    0.000000    0.000000  349.968307    0.053780   -0.208507  378.823   5.3180  2017.7   386.4   2.34340   1.83299
2250    0.000000    0.000000  350.040583    0.054310   -0.205955  378.237   5.3180  2021.4   386.5   2.34608   1.83553
2251    0.000000    0.000000  350.111272    0.054741   -0.202650  369.494   5.3180  2023.1   386.6   2.34786   1.83781
2252    0.000000    0.000000  350.180027    0.055047   -0.198372  352.592   5.3180  2020.3   386.6   2.34750   1.83969
2253    0.000000    0.000000  350.246393    0.055217   -0.193117  343.848   5.3180  2013.2   386.7   2.34516   1.84103
2254    0.000000    0.000000  350.310034    0.055262   -0.187228  343.263   5.3180  2005.1   386.7   2.34233   1.84191
2255    0.000000    0.000000  350.370805    0.055201   -0.181024  334.519   5.3180  1996.0   386.8   2.33904   1.84239
2256    0.000000    0.000000  350.428655    0.055044   -0.174673  333.933   5.3180  1986.1   386.9   2.33537   1.84251
2257    0.000000    0.000000  350.483586    0.054800   -0.168268  325.190   5.3180  1975.4   386.9   2.33131   1.84230
2258    0.000000    0.000000  350.535628    0.054476   -0.161857  324.604   5.3180  1964.0   387.0   2.32688   1.84179
2259    0.000000    0.000000  350.584822    0.054075   -0.155466  315.860   5.3180  1952.0   387.1   2.32210   1.84098
2260    0.000000    0.000000  350.631215    0.053604   -0.149108  315.275   5.3180  1939.4   387.1   2.31698   1.83991
2261    0.000000    0.000000  350.674859    0.053066   -0.142792  306.531   5.3180  1926.2   387.2   2.31156   1.83858
2262    0.000000    0.000000  350.715805    0.052465   -0.136523  305.945   5.3180  1912.5   387.2   2.30584   1.83701
2263    0.000000    0.000000  350.754105    0.051805   -0.130303  297.202   5.3180  1898.4   387.3   2.29985   1.83520
2264    0.000000    0.000000  350.789811    0.051088   -0.124138  296.616   5.3180  1883.9   387.4   2.29360   1.83317
2265    0.000000    0.000000  350.822973    0.050319   -0.118028  287.873   5.3180  1869.1   387.4   2.28711   1.83093
2266    0.000000    0.000000  350.853644    0.049501   -0.111977  287.287   5.3180  1853.9   387.5   2.28039   1.82848
2267    0.000000    0.000000  350.881873    0.048635   -0.105986  278.543   5.3180  1838.4   387.5   2.27345   1.82584
2268    0.000000    0.000000  350.907712    0.047725   -0.100059  277.958   5.3180  1822.6   387.6   2.26631   1.82302
2269    0.000000    0.000000  350.931211    0.046772   -0.094157  269.214   5.3180  1806.6   387.6   2.25897   1.82001
2270    0.000000    0.000000  350.952386    0.045777   -0.088303  264.319   5.3180  1789.6   387.7   2.25107   1.81679
2271    0.000000    0.000000  350.971303    0.044757   -0.082682  267.582   5.3180  1773.8   387.8   2.24371   1.81345
2272    0.000000    0.000000  350.988140    0.043717   -0.077312  262.688   5.3180  1759.2   387.8   2.23684   1.81005
2273    0.000000    0.000000  351.002975    0.042642   -0.071899  249.635   5.3180  1742.7   387.9   2.22897   1.80650
2274    0.000000    0.000000  351.015722    0.041523   -0.066343  244.740   5.3180  1724.5   387.9   2.22016   1.80271
2275    0.000000    0.000000  351.026374    0.040390   -0.061059  248.003   5.3180  1707.7   388.0   2.21194   1.79878
2276    0.000000    0.000000  351.035209    0.039289   -0.056635  259.424   5.3180  1694.9   388.0   2.20575   1.79493
2277    0.000000    0.000000  351.042727    0.038248   -0.053250  262.688   5.3180  1685.8   388.1   2.20146   1.79135
2278    0.000000    0.000000  351.049353    0.037260   -0.050620  257.793   5.3180  1677.3   388.1   2.19742   1.78799
2279    0.000000    0.000000  351.055323    0.036325   -0.048586  261.056   5.3180  1669.2   388.2   2.19358   1.78482
2280    0.000000    0.000000  351.060912    0.035464   -0.047330  272.477   5.3180  1664.4   388.2   2.19140   1.78195
2281    0.000000    0.000000  351.066509    0.034697   -0.047003  275.740   5.3180  1662.6   388.3   2.19075   1.77946
2282    0.000000    0.000000  351.072513    0.034036   -0.047599  287.162   5.3180  1663.5   388.3   2.19151   1.77744
2283    0.000000    0.000000  351.079295    0.033474   -0.048890  290.425   5.3180  1666.9   388.4   2.19355   1.77590
2284    0.000000    0.000000  351.087046    0.032975   -0.050273  285.530   5.3180  1669.7   388.4   2.19526   1.77472
2285    0.000000    0.000000  351.095603    0.032487   -0.051047  272.477   5.3180  1669.1   388.5   2.19515   1.77364
2286    0.000000    0.000000  351.104544    0.031978   -0.050977  267.582   5.3180  1665.5   388.5   2.19339   1.77246
2287    0.000000    0.000000  351.113514    0.031454   -0.050325  270.846   5.3180  1661.9   388.6   2.19162   1.77120
2288    0.000000    0.000000  351.122335    0.030923   -0.049385  265.951   5.3180  1658.3   388.6   2.18988   1.76992
2289    0.000000    0.000000  351.130919    0.030392   -0.048310  269.214   5.3180  1654.8   388.7   2.18820   1.76863
2290    0.000000    0.000000  351.139228    0.029851   -0.047029  264.319   5.3180  1651.3   388.7   2.18655   1.76734
2291    0.000000    0.000000  351.147113    0.029276   -0.045230  251.266   5.3180  1645.0   388.8   2.18343   1.76591
2292    0.000000    0.000000  351.154268    0.028652   -0.042836  246.372   5.3180  1636.1   388.8   2.17892   1.76423
2293    0.000000    0.000000  351.160486    0.027992   -0.040163  249.635   5.3180  1627.8   388.8   2.17466   1.76237
2294    0.000000    0.000000  351.165742    0.027314   -0.037504  244.740   5.3180  1619.9   388.9   2.17064   1.76040
2295    0.000000    0.000000  351.170093    0.026635   -0.035080  248.003   5.3180  1612.4   388.9   2.16687   1.75837
2296    0.000000    0.000000  351.173704    0.025972   -0.033079  252.490   5.3180  1607.0   389.0   2.16418   1.75641
2297    0.000000    0.000000  351.176793    0.025326   -0.031418  248.819   5.3180  1602.2   389.0   2.16182   1.75453
2298    0.000000    0.000000  351.179447    0.024688   -0.029891  244.740   5.3180  1596.5   389.1   2.15895   1.75267
2299    0.000000    0.000000  351.181698    0.024057   -0.028471  248.819   5.3180  1591.3   389.1   2.15633   1.75082
2300    0.000000    0.000000  351.183609    0.023437   -0.027205  244.740   5.3180  1586.6   389.1   2.15393   1.74903
2301    0.000000    0.000000  351.185250    0.022831   -0.026097  248.819   5.3180  1582.3   389.2   2.15176   1.74728
2302    0.000000    0.000000  351.186689    0.022238   -0.025102  244.740   5.3180  1578.4   389.2   2.14979   1.74561
2303    0.000000    0.000000  351.187951    0.021656   -0.024194  244.740   5.3180  1574.1   389.3   2.14761   1.74396
2304    0.000000    0.000000  351.189081    0.021092   -0.023434  248.819   5.3180  1571.0   389.3   2.14602   1.74239
2305    0.000000    0.000000  351.190159    0.020546   -0.022829  244.740   5.3180  1568.1   389.4   2.14458   1.74091
2306    0.000000    0.000000  351.191234    0.020017   -0.022336  248.819   5.3180  1565.5   389.4   2.14327   1.73951
2307    0.000000    0.000000  351.192345    0.019505   -0.021929  244.740   5.3180  1563.1   389.4   2.14209   1.73818
2308    0.000000    0.000000  351.193519    0.019008   -0.021588  248.819   5.3180  1561.0   389.5   2.14102   1.73692
2309    0.000000    0.000000  351.194777    0.018526   -0.021300  244.740   5.3180  1559.0   389.5   2.14005   1.73574
2310    0.000000    0.000000  351.196134    0.018057   -0.021054  248.819   5.3180  1557.2   389.6   2.13917   1.73462
2311    0.000000    0.000000  351.197603    0.017601   -0.020844  244.740   5.3180  1555.6   389.6   2.13838   1.73356
2312    0.000000    0.000000  351.199191    0.017158   -0.020662  248.819   5.3180  1554.1   389.6   2.13766   1.73256
2313    0.000000    0.000000  351.200906    0.016726   -0.020504  244.740   5.3180  1552.8   389.7   2.13702   1.73163
2314    0.000000    0.000000  351.202753    0.016305   -0.020364  248.819   5.3180  1551.6   389.7   2.13644   1.73074
2315    0.000000    0.000000  351.204733    0.015894   -0.020240  244.740   5.3180  1550.5   389.7   2.13592   1.72991
2316    0.000000    0.000000  351.206850    0.015493   -0.020128  248.819   5.3180  1549.5   389.8   2.13546   1.72913
2317    0.000000    0.000000  351.209103    0.015101   -0.020025  244.740   5.3180  1548.6   389.8   2.13505   1.72840
2318    0.000000    0.000000  351.211492    0.014728   -0.020089  248.819   5.3180  1547.7   389.8   2.13468   1.72771
2319    0.000000    0.000000  351.214157    0.014404   -0.020683  261.056   5.3180  1549.8   389.9   2.13592   1.72722
2320    0.000000    0.000000  351.217412    0.014152   -0.022057  265.135   5.3180  1554.5   389.9   2.13862   1.72704
2321    0.000000    0.000000  351.221609    0.013988   -0.024251  277.372   5.3180  1561.7   390.0   2.14264   1.72726
2322    0.000000    0.000000  351.227087    0.013906   -0.027050  281.451   5.3180  1571.0   390.0   2.14785   1.72790
2323    0.000000    0.000000  351.234000    0.013881   -0.029999  277.372   5.3180  1579.5   390.0   2.15256   1.72885
2324    0.000000    0.000000  351.242282    0.013897   -0.032900  281.451   5.3180  1587.2   390.1   2.15682   1.72997
2325    0.000000    0.000000  351.251916    0.013968   -0.035975  293.688   5.3180  1597.0   390.1   2.16219   1.73136
2326    0.000000    0.000000  351.263029    0.014109   -0.039430  297.767   5.3180  1608.8   390.1   2.16859   1.73308
2327    0.000000    0.000000  351.275788    0.014326   -0.043315  310.004   5.3180  1622.3   390.2   2.17594   1.73517
2328    0.000000    0.000000  351.290359    0.014612   -0.047454  314.083   5.3180  1637.5   390.2   2.18413   1.73765
2329    0.000000    0.000000  351.306750    0.014939   -0.051445  310.004   5.3180  1651.3   390.2   2.19155   1.74038
2330    0.000000    0.000000  351.324775    0.015279   -0.054985  314.083   5.3180  1663.9   390.2   2.19828   1.74324
2331    0.000000    0.000000  351.344183    0.015607   -0.057826  310.004   5.3180  1675.3   390.3   2.20438   1.74615
2332    0.000000    0.000000  351.364578    0.015883   -0.059621  297.767   5.3180  1682.9   390.3   2.20843   1.74891
2333    0.000000    0.000000  351.385417    0.016079   -0.060174  293.688   5.3180  1686.9   390.3   2.21067   1.75137
2334    0.000000    0.000000  351.406149    0.016175   -0.059504  281.451   5.3180  1687.8   390.4   2.21124   1.75344
2335    0.000000    0.000000  351.426266    0.016162   -0.057715  277.372   5.3180  1685.7   390.4   2.21033   1.75506
2336    0.000000    0.000000  351.445323    0.016035   -0.054944  265.135   5.3180  1681.0   390.4   2.20806   1.75620
2337    0.000000    0.000000  351.462947    0.015803   -0.051483  261.056   5.3180  1673.9   390.5   2.20456   1.75684
2338    0.000000    0.000000  351.478961    0.015493   -0.047810  265.135   5.3180  1667.4   390.5   2.20141   1.75712
2339    0.000000    0.000000  351.493414    0.015130   -0.044258  261.056   5.3180  1661.5   390.5   2.19859   1.75716
2340    0.000000    0.000000  351.506422    0.014722   -0.040877  262.076   5.3180  1655.6   390.6   2.19578   1.75699
2341    0.000000    0.000000  351.518073    0.014270   -0.037601  254.938   5.3180  1649.1   390.6   2.19270   1.75664
2342    0.000000    0.000000  351.528417    0.013775   -0.034365  255.957   5.3180  1642.2   390.6   2.18932   1.75609
2343    0.000000    0.000000  351.537484    0.013236   -0.031139  248.819   5.3180  1634.8   390.6   2.18569   1.75535
2344    0.000000    0.000000  351.545295    0.012668   -0.028067  249.839   5.3180  1627.1   390.7   2.18181   1.75442
2345    0.000000    0.000000  351.552002    0.012099   -0.025501  259.017   5.3180  1621.8   390.7   2.17923   1.75346
2346    0.000000    0.000000  351.557930    0.011557   -0.023695  260.036   5.3180  1618.7   390.7   2.17785   1.75261
2347    0.000000    0.000000  351.563445    0.011060   -0.022698  269.214   5.3180  1617.7   390.7   2.17756   1.75194
2348    0.000000    0.000000  351.568903    0.010605   -0.022315  270.234   5.3180  1618.6   390.8   2.17827   1.75150
2349    0.000000    0.000000  351.574485    0.010170   -0.022109  263.096   5.3180  1618.3   390.8   2.17833   1.75118
2350    0.000000    0.000000  351.580158    0.009732   -0.021739  264.115   5.3180  1617.0   390.8   2.17780   1.75088
2351    0.000000    0.000000  351.585804    0.009280   -0.021073  256.977   5.3180  1614.7   390.9   2.17672   1.75053
2352    0.000000    0.000000  351.591276    0.008805   -0.020077  257.997   5.3180  1611.6   390.9   2.17517   1.75010
2353    0.000000    0.000000  351.596430    0.008304   -0.018763  250.858   5.3180  1607.7   390.9   2.17319   1.74955
2354    0.000000    0.000000  351.601137    0.007774   -0.017168  251.878   5.3180  1603.1   390.9   2.17084   1.74888
2355    0.000000    0.000000  351.605287    0.007213   -0.015330  244.740   5.3180  1597.9   391.0   2.16813   1.74808
2356    0.000000    0.000000  351.608790    0.006627   -0.013348  245.760   5.3180  1592.0   391.0   2.16511   1.74713
2357    0.000000    0.000000  351.611624    0.006026   -0.011398  244.740   5.3180  1586.7   391.0   2.16237   1.74611
2358    0.000000    0.000000  351.613854    0.005429   -0.009725  246.372   5.3180  1582.0   391.0   2.15995   1.74504
2359    0.000000    0.000000  351.615674    0.004862   -0.008623  256.161   5.3180  1579.7   391.1   2.15885   1.74408
2360    0.000000    0.000000  351.617399    0.004336   -0.008109  257.793   5.3180  1579.5   391.1   2.15894   1.74332
2361    0.000000    0.000000  351.619230    0.003834   -0.007836  251.266   5.3180  1578.6   391.1   2.15857   1.74268
2362    0.000000    0.000000  351.621172    0.003342   -0.007561  252.898   5.3180  1576.9   391.1   2.15776   1.74206
2363    0.000000    0.000000  351.623207    0.002854   -0.007206  252.898   5.3180  1575.6   391.2   2.15716   1.74149
2364    0.000000    0.000000  351.625274    0.002355   -0.006612  244.740   5.3180  1573.0   391.2   2.15584   1.74088
2365    0.000000    0.000000  351.627220    0.001842   -0.005768  244.740   5.3180  1569.2   391.2   2.15386   1.74018
2366    0.000000    0.000000  351.628976    0.001325   -0.004883  248.819   5.3180  1566.5   391.2   2.15246   1.73945
2367    0.000000    0.000000  351.630575    0.000809   -0.004037  244.740   5.3180  1564.0   391.2   2.15119   1.73872
2368    0.000000    0.000000  351.632019    0.000292   -0.003191  244.740   5.3180  1561.1   391.3   2.14967   1.73797
2369    0.000000    0.000000  351.633308   -0.000220   -0.002415  244.740   5.3180  1558.4   391.3   2.14831   1.73722
2370    0.000000    0.000000  351.634504   -0.000721   -0.001804  248.819   5.3180  1556.7   391.3   2.14745   1.73651
2371    0.000000    0.000000  351.635688   -0.001212   -0.001302  244.740   5.3180  1555.1   391.3   2.14668   1.73586
2372    0.000000    0.000000  351.636874   -0.001695   -0.000848  244.740   5.3180  1553.0   391.4   2.14560   1.73520
2373    0.000000    0.000000  351.638086   -0.002168   -0.000490  248.819   5.3180  1551.7   391.4   2.14502   1.73460
2374    0.000000    0.000000  351.639380   -0.002630   -0.000194  244.740   5.3180  1550.6   391.4   2.14448   1.73404
2375    0.000000    0.000000  351.640749   -0.003089    0.000134  244.740   5.3180  1548.9   391.4   2.14361   1.73349
2376    0.000000    0.000000  351.642166   -0.003545    0.000487  244.740   5.3180  1547.3   391.4   2.14283   1.73294
2377    0.000000    0.000000  351.643632   -0.003996    0.000825  244.740   5.3180  1545.9   391.5   2.14211   1.73241
2378    0.000000    0.000000  351.645155   -0.004437    0.001094  244.740   5.3180  1544.6   391.5   2.14147   1.73191
2379    0.000000    0.000000  351.646784   -0.004864    0.001236  248.819   5.3180  1544.1   391.5   2.14129   1.73146
2380    0.000000    0.000000  351.648576   -0.005278    0.001279  244.740   5.3180  1543.7   391.5   2.14114   1.73107
2381    0.000000    0.000000  351.650554   -0.005681    0.001280  248.819   5.3180  1543.3   391.5   2.14101   1.73073
2382    0.000000    0.000000  351.652725   -0.006078    0.001306  244.740   5.3180  1543.0   391.6   2.14089   1.73042
2383    0.000000    0.000000  351.655053   -0.006471    0.001382  244.740   5.3180  1541.9   391.6   2.14039   1.73010
2384    0.000000    0.000000  351.657523   -0.006857    0.001437  248.819   5.3180  1541.7   391.6   2.14034   1.72983
2385    0.000000    0.000000  351.660163   -0.007237    0.001486  244.740   5.3180  1541.5   391.6   2.14030   1.72958
2386    0.000000    0.000000  351.662945   -0.007617    0.001613  244.740   5.3180  1540.6   391.6   2.13989   1.72934
2387    0.000000    0.000000  351.665824   -0.007995    0.001761  244.740   5.3180  1539.8   391.7   2.13952   1.72908
2388    0.000000    0.000000  351.668822   -0.008364    0.001835  248.819   5.3180  1539.8   391.7   2.13958   1.72887
2389    0.000000    0.000000  351.671979   -0.008726    0.001881  244.740   5.3180  1539.8   391.7   2.13964   1.72870
2390    0.000000    0.000000  351.675275   -0.009085    0.001954  244.740   5.3180  1539.0   391.7   2.13933   1.72852
2391    0.000000    0.000000  351.678702   -0.009438    0.001997  248.819   5.3180  1539.1   391.7   2.13944   1.72837
2392    0.000000    0.000000  351.682291   -0.009787    0.002033  244.740   5.3180  1539.1   391.7   2.13954   1.72825
2393    0.000000    0.000000  351.686012   -0.010137    0.002150  244.740   5.3180  1538.4   391.8   2.13925   1.72812
2394    0.000000    0.000000  351.689820   -0.010490    0.002334  244.740   5.3180  1537.8   391.8   2.13900   1.72798
2395    0.000000    0.000000  351.693701   -0.010842    0.002538  244.740   5.3180  1537.3   391.8   2.13878   1.72784
2396    0.000000    0.000000  351.697649   -0.011193    0.002743  244.740   5.3180  1536.8   391.8   2.13859   1.72770
2397    0.000000    0.000000  351.701667   -0.011542    0.002939  244.740   5.3180  1536.3   391.8   2.13843   1.72757
2398    0.000000    0.000000  351.705760   -0.011886    0.003081  244.740   5.3180  1535.9   391.9   2.13830   1.72745
2399    0.000000    0.000000  351.709968   -0.012221    0.003120  248.819   5.3180  1536.2   391.9   2.13858   1.72738
2400    0.000000    0.000000  351.714340   -0.012547    0.003083  244.740   5.3180  1536.5   391.9   2.13884   1.72734
2401    0.000000    0.000000  351.718890   -0.012867    0.003026  248.819   5.3180  1536.8   391.9   2.13910   1.72734
2402    0.000000    0.000000  351.723617   -0.013185    0.003014  244.740   5.3180  1537.0   391.9   2.13933   1.72736
2403    0.000000    0.000000  351.728479   -0.013505    0.003070  244.740   5.3180  1536.5   391.9   2.13916   1.72735
2404    0.000000    0.000000  351.733455   -0.013822    0.003118  248.819   5.3180  1536.8   392.0   2.13940   1.72737
2405    0.000000    0.000000  351.738570   -0.014136    0.003175  244.740   5.3180  1537.1   392.0   2.13963   1.72740
2406    0.000000    0.000000  351.743790   -0.014455    0.003319  244.740   5.3180  1536.6   392.0   2.13947   1.72742
2407    0.000000    0.000000  351.749068   -0.014778    0.003535  244.740   5.3180  1536.1   392.0   2.13933   1.72742
2408    0.000000    0.000000  351.754389   -0.015104    0.003775  244.740   5.3180  1535.7   392.0   2.13921   1.72740
2409    0.000000    0.000000  351.759748   -0.015426    0.003977  244.740   5.3180  1535.4   392.0   2.13911   1.72739
2410    0.000000    0.000000  351.765183   -0.015742    0.004080  248.819   5.3180  1535.7   392.0   2.13943   1.72741
2411    0.000000    0.000000  351.770743   -0.016050    0.004106  244.740   5.3180  1536.1   392.1   2.13974   1.72747
2412    0.000000    0.000000  351.776443   -0.016354    0.004110  248.819   5.3180  1536.4   392.1   2.14003   1.72755
2413    0.000000    0.000000  351.782287   -0.016656    0.004114  244.740   5.3180  1536.7   392.1   2.14030   1.72765
2414    0.000000    0.000000  351.788267   -0.016955    0.004132  248.819   5.3180  1536.9   392.1   2.14055   1.72775
2415    0.000000    0.000000  351.794375   -0.017253    0.004167  244.740   5.3180  1537.2   392.1   2.14079   1.72787
2416    0.000000    0.000000  351.800604   -0.017548    0.004199  248.819   5.3180  1537.4   392.1   2.14102   1.72799
2417    0.000000    0.000000  351.806960   -0.017837    0.004162  246.779   5.3180  1537.9   392.1   2.14144   1.72814
2418    0.000000    0.000000  351.813495   -0.018110    0.003957  252.898   5.3180  1539.1   392.2   2.14223   1.72834
2419    0.000000    0.000000  351.820304   -0.018369    0.003638  252.898   5.3180  1541.3   392.2   2.14354   1.72865
2420    0.000000    0.000000  351.827384   -0.018635    0.003494  244.740   5.3180  1541.8   392.2   2.14397   1.72895
2421    0.000000    0.000000  351.834577   -0.018916    0.003639  244.740   5.3180  1540.9   392.2   2.14358   1.72916
2422    0.000000    0.000000  351.841786   -0.019208    0.003904  248.819   5.3180  1540.8   392.2   2.14361   1.72934
2423    0.000000    0.000000  351.849005   -0.019502    0.004182  244.740   5.3180  1540.7   392.2   2.14365   1.72950
2424    0.000000    0.000000  351.856229   -0.019798    0.004459  248.819   5.3180  1540.6   392.2   2.14372   1.72965
2425    0.000000    0.000000  351.863466   -0.020096    0.004726  244.740   5.3180  1540.5   392.3   2.14381   1.72979
2426    0.000000    0.000000  351.870719   -0.020383    0.004822  248.819   5.3180  1540.4   392.3   2.14389   1.72993
2427    0.000000    0.000000  351.878136   -0.020630    0.004377  261.056   5.3180  1543.1   392.3   2.14555   1.73022
2428    0.000000    0.000000  351.886042   -0.020821    0.003281  265.645   5.3180  1548.5   392.3   2.14869   1.73079
2429    0.000000    0.000000  351.894672   -0.020981    0.002000  262.076   5.3180  1553.7   392.3   2.15166   1.73157
2430    0.000000    0.000000  351.903936   -0.021154    0.001194  250.349   5.3180  1555.6   392.3   2.15290   1.73234
2431    0.000000    0.000000  351.913490   -0.021366    0.001092  246.779   5.3180  1554.8   392.3   2.15254   1.73293
2432    0.000000    0.000000  351.923050   -0.021609    0.001428  251.368   5.3180  1554.2   392.3   2.15229   1.73337
2433    0.000000    0.000000  351.932515   -0.021867    0.001913  247.799   5.3180  1553.8   392.4   2.15219   1.73374
2434    0.000000    0.000000  351.941863   -0.022135    0.002406  252.388   5.3180  1553.7   392.4   2.15224   1.73407
2435    0.000000    0.000000  351.951114   -0.022411    0.002929  248.819   5.3180  1553.7   392.4   2.15242   1.73438
2436    0.000000    0.000000  351.960229   -0.022703    0.003577  244.740   5.3180  1552.4   392.4   2.15187   1.73460
2437    0.000000    0.000000  351.969145   -0.023011    0.004313  248.819   5.3180  1551.2   392.4   2.15138   1.73476
2438    0.000000    0.000000  351.977857   -0.023327    0.005045  244.740   5.3180  1550.1   392.4   2.15095   1.73487
2439    0.000000    0.000000  351.986381   -0.023649    0.005736  248.819   5.3180  1549.2   392.4   2.15058   1.73495
2440    0.000000    0.000000  351.994744   -0.023975    0.006372  244.740   5.3180  1548.3   392.4   2.15026   1.73502
2441    0.000000    0.000000  352.002976   -0.024303    0.006949  248.819   5.3180  1547.5   392.5   2.14998   1.73506
2442    0.000000    0.000000  352.011104   -0.024632    0.007481  244.740   5.3180  1546.7   392.5   2.14974   1.73511
2443    0.000000    0.000000  352.019146   -0.024953    0.007838  248.003   5.3180  1545.9   392.5   2.14946   1.73514
2444    0.000000    0.000000  352.027240   -0.025239    0.007693  259.424   5.3180  1547.8   392.5   2.15063   1.73530
2445    0.000000    0.000000  352.035688   -0.025466    0.006811  262.688   5.3180  1552.0   392.5   2.15311   1.73570
2446    0.000000    0.000000  352.044827   -0.025620    0.005159  274.109   5.3180  1558.3   392.5   2.15679   1.73642
2447    0.000000    0.000000  352.054979   -0.025695    0.002786  277.372   5.3180  1566.7   392.5   2.16154   1.73750
2448    0.000000    0.000000  352.066425   -0.025675   -0.000376  288.793   5.3180  1576.8   392.5   2.16723   1.73896
2449    0.000000    0.000000  352.079539   -0.025534   -0.004584  308.372   5.3180  1591.4   392.5   2.17530   1.74096
2450    0.000000    0.000000  352.094819   -0.025257   -0.009829  319.794   5.3180  1610.1   392.6   2.18552   1.74361
2451    0.000000    0.000000  352.112616   -0.024874   -0.015545  323.057   5.3180  1629.6   392.6   2.19612   1.74683
2452    0.000000    0.000000  352.132924   -0.024444   -0.020856  318.162   5.3180  1647.1   392.6   2.20555   1.75039
2453    0.000000    0.000000  352.155323   -0.024045   -0.024827  305.109   5.3180  1659.9   392.6   2.21241   1.75396
2454    0.000000    0.000000  352.178998   -0.023751   -0.026736  283.898   5.3180  1665.6   392.6   2.21547   1.75716
2455    0.000000    0.000000  352.202920   -0.023606   -0.026461  270.846   5.3180  1664.8   392.6   2.21512   1.75973
2456    0.000000    0.000000  352.226199   -0.023599   -0.024577  265.951   5.3180  1661.0   392.6   2.21319   1.76166
2457    0.000000    0.000000  352.248339   -0.023696   -0.021897  269.214   5.3180  1657.2   392.6   2.21136   1.76310
2458    0.000000    0.000000  352.269183   -0.023877   -0.018822  264.319   5.3180  1653.5   392.6   2.20964   1.76420
2459    0.000000    0.000000  352.288594   -0.024150   -0.015264  251.266   5.3180  1647.0   392.6   2.20651   1.76489
2460    0.000000    0.000000  352.306341   -0.024518   -0.011245  246.372   5.3180  1638.0   392.7   2.20204   1.76512
2461    0.000000    0.000000  352.322310   -0.024960   -0.007110  249.635   5.3180  1629.4   392.7   2.19784   1.76498
2462    0.000000    0.000000  352.336575   -0.025453   -0.003124  244.740   5.3180  1621.4   392.7   2.19387   1.76458
2463    0.000000    0.000000  352.349252   -0.025985    0.000584  244.740   5.3180  1613.3   392.7   2.18983   1.76396
2464    0.000000    0.000000  352.360522   -0.026536    0.003872  248.819   5.3180  1606.6   392.7   2.18657   1.76324
2465    0.000000    0.000000  352.370618   -0.027099    0.006751  244.740   5.3180  1600.4   392.7   2.18361   1.76245
2466    0.000000    0.000000  352.379706   -0.027673    0.009327  244.740   5.3180  1594.2   392.7   2.18053   1.76158
2467    0.000000    0.000000  352.387914   -0.028254    0.011628  244.740   5.3180  1588.5   392.7   2.17774   1.76067
2468    0.000000    0.000000  352.395380   -0.028833    0.013609  244.740   5.3180  1583.3   392.7   2.17519   1.75974
2469    0.000000    0.000000  352.402267   -0.029403    0.015241  248.819   5.3180  1579.3   392.7   2.17326   1.75885
2470    0.000000    0.000000  352.408732   -0.029963    0.016614  244.740   5.3180  1575.7   392.7   2.17152   1.75799
2471    0.000000    0.000000  352.414852   -0.030520    0.017862  244.740   5.3180  1571.7   392.8   2.16955   1.75714
2472    0.000000    0.000000  352.420665   -0.031072    0.019005  244.740   5.3180  1568.0   392.8   2.16776   1.75630
2473    0.000000    0.000000  352.426228   -0.031617    0.020025  244.740   5.3180  1564.7   392.8   2.16613   1.75548
2474    0.000000    0.000000  352.431594   -0.032154    0.020924  244.740   5.3180  1561.7   392.8   2.16465   1.75469
2475    0.000000    0.000000  352.436815   -0.032680    0.021708  244.740   5.3180  1559.0   392.8   2.16332   1.75393
2476    0.000000    0.000000  352.441938   -0.033193    0.022348  244.740   5.3180  1556.5   392.8   2.16212   1.75320
2477    0.000000    0.000000  352.447039   -0.033687    0.022804  248.819   5.3180  1554.9   392.8   2.16142   1.75256
2478    0.000000    0.000000  352.452199   -0.034167    0.023155  244.740   5.3180  1553.5   392.8   2.16080   1.75198
2479    0.000000    0.000000  352.457421   -0.034639    0.023515  244.740   5.3180  1551.5   392.8   2.15985   1.75142
2480    0.000000    0.000000  352.462686   -0.035099    0.023809  244.740   5.3180  1549.7   392.8   2.15900   1.75088
2481    0.000000    0.000000  352.468065   -0.035530    0.023820  252.898   5.3180  1549.5   392.8   2.15901   1.75044
2482    0.000000    0.000000  352.473727   -0.035931    0.023566  252.898   5.3180  1550.7   392.8   2.15981   1.75017
2483    0.000000    0.000000  352.479722   -0.036321    0.023387  244.740   5.3180  1550.4   392.9   2.15978   1.74995
2484    0.000000    0.000000  352.485920   -0.036719    0.023484  244.740   5.3180  1548.7   392.9   2.15897   1.74969
2485    0.000000    0.000000  352.492199   -0.037122    0.023765  244.740   5.3180  1547.1   392.9   2.15824   1.74938
2486    0.000000    0.000000  352.498513   -0.037524    0.024107  244.740   5.3180  1545.7   392.9   2.15757   1.74907
2487    0.000000    0.000000  352.504848   -0.037923    0.024451  244.740   5.3180  1544.4   392.9   2.15699   1.74876
2488    0.000000    0.000000  352.511213   -0.038314    0.024730  244.740   5.3180  1543.3   392.9   2.15648   1.74845
2489    0.000000    0.000000  352.517655   -0.038691    0.024880  248.819   5.3180  1542.9   392.9   2.15643   1.74820
2490    0.000000    0.000000  352.524234   -0.039056    0.024929  244.740   5.3180  1542.6   392.9   2.15640   1.74800
2491    0.000000    0.000000  352.530973   -0.039411    0.024933  248.819   5.3180  1542.3   392.9   2.15638   1.74784
2492    0.000000    0.000000  352.537882   -0.039759    0.024959  244.740   5.3180  1542.1   392.9   2.15638   1.74770
2493    0.000000    0.000000  352.544926   -0.040104    0.025012  244.740   5.3180  1541.1   392.9   2.15599   1.74756
2494    0.000000    0.000000  352.552110   -0.040435    0.024955  250.858   5.3180  1541.3   392.9   2.15624   1.74746
2495    0.000000    0.000000  352.559520   -0.040743    0.024686  248.819   5.3180  1542.2   392.9   2.15687   1.74744
2496    0.000000    0.000000  352.567248   -0.041026    0.024199  254.938   5.3180  1543.7   392.9   2.15785   1.74754
2497    0.000000    0.000000  352.575384   -0.041293    0.023650  252.898   5.3180  1545.8   393.0   2.15915   1.74774
2498    0.000000    0.000000  352.583881   -0.041565    0.023363  244.740   5.3180  1546.0   393.0   2.15937   1.74793
2499    0.000000    0.000000  352.592544   -0.041851    0.023383  244.740   5.3180  1544.7   393.0   2.15878   1.74802
2500    0.000000    0.000000  352.601292    0.000000    0.000000  252.898   5.3180  1544.9   393.0   2.15903   1.74812
