2.11
2.34
2.42
2.96
2.64
3.80
3.17
3.86
3.92
4.07
4.67
4.18
5.04
5.14
5.04
5.54
5.43
6.08
6.28
6.16
6.62
6.04
6.46
6.76
6.96
6.98
6.84
7.75
7.17
7.69
7.79
7.11
7.92
7.92
7.70
8.18
7.84
8.58
8.82
7.71
9.43
9.47
9.60
10.12
10.29
10.34
10.38
11.11
10.92
10.89
11.97
12.30
12.81
13.12
13.15
13.39
14.01
13.61
15.67
17.48
15.60
12.23
15.29
15.77
16.81
20.55
17.31
13.67
16.36
18.18
17.51
18.45
18.31
18.89
19.00
19.42
19.51
20.06
20.02
20.82
20.51
21.06
21.47
21.82
21.49
21.83
23.00
23.21
23.04
23.20
24.26
24.80
25.18
25.95
25.49
26.79
25.92
28.07
26.28
29.77
24.82
28.93
30.56
27.98
34.06
25.12
34.80
29.63
33.41
32.09
33.14
34.07
32.97
36.55
31.67
40.95
33.28
37.50
37.74
34.95
42.89
36.11
39.73
40.38
37.23
45.53
38.32
42.58
42.16
40.65
46.48
43.27
47.24
47.96
45.85
44.02
46.72
49.04
48.36
50.34
49.11
54.32
53.82
52.17
53.39
54.87
58.97
51.58
60.60
56.93
59.01
67.24
63.32
70.62
66.16
74.26
70.81
73.87
76.58
79.56
76.86
79.97
81.70
86.46
86.75
87.98
91.59
89.53
97.23
95.84
98.28
95.85
105.06
100.77
107.81
104.65
111.43
107.48
116.08
109.39
116.13
115.23
116.51
121.24
116.86
121.78
121.70
122.80
126.30
123.34
131.56
129.84
132.50
129.85
138.80
134.65
140.98
145.41
143.79
150.79
152.12
157.04
160.74
169.72
164.26
178.42
172.66
188.42
180.14
194.28
192.71
201.62
205.66
205.92
216.37
225.35
220.56
234.47
233.78
244.87
246.80
250.67
260.43
261.75
268.98
272.59
278.11
283.36
292.92
288.55
308.55
315.00
315.16
328.73
320.29
307.94
322.08
316.83
318.04
320.84
319.43
330.97
311.45
311.26
327.71
319.14
307.02
328.11
342.85
322.07
314.46
